# /joint_state/header/stamp, /joint_state/velocity/0, /pid_left_state/header/stamp, /pid_left_state/error, /pid_left_state/header/stamp, /pid_left_state/output
1600677203.2001421452, 0, 1600677203.2191419601, 0, 1600677203.2191419601, 0
1600677203.2311420441, 0, 1600677203.2501420975, 0, 1600677203.2501420975, 0
1600677203.262141943, 0, 1600677203.2811419964, 0, 1600677203.2811419964, 0
1600677203.2931420803, 0, 1600677203.3121421337, 0, 1600677203.3121421337, 0
1600677203.3241419792, 0, 1600677203.3431420326, 0, 1600677203.3431420326, 0
1600677203.3551421165, 0, 1600677203.3741419315, 0, 1600677203.3741419315, 0
1600677203.3861420155, 0, 1600677203.4051420689, 0, 1600677203.4051420689, 0
1600677203.4171421528, 0, 1600677203.4361419678, 0, 1600677203.4361419678, 0
1600677203.4481420517, 0, 1600677203.4671421051, 0, 1600677203.4671421051, 0
1600677203.4791419506, 0, 1600677203.498142004, 0, 1600677203.498142004, 0
1600677203.5101420879, 0, 1600677203.5291421413, 0, 1600677203.5291421413, 0
1600677203.5411419868, 0, 1600677203.5601420403, 0, 1600677203.5601420403, 0
1600677203.5721421242, 0, 1600677203.5911419392, 0, 1600677203.5911419392, 0
1600677203.6031420231, 0, 1600677203.6221420765, 0, 1600677203.6221420765, 0
1600677203.6341421604, 0, 1600677203.6531419754, 0, 1600677203.6531419754, 0
1600677203.6651420593, 0, 1600677203.6841421127, 0, 1600677203.6841421127, 0
1600677203.6961419582, 0, 1600677203.7151420116, 0, 1600677203.7151420116, 0
1600677203.7271420956, 0, 1600677203.746142149, 0, 1600677203.746142149, 0
1600677203.7581419945, 0, 1600677203.7771420479, 0, 1600677203.7771420479, 0
1600677203.7891421318, 0, 1600677203.8081419468, 0, 1600677203.8081419468, 0
1600677203.8201420307, 0, 1600677203.8391420841, 0, 1600677203.8391420841, 0
1600677203.8511419296, 0, 1600677203.870141983, 0, 1600677203.870141983, 0
1600677203.882142067, 0, 1600677203.9011421204, 0, 1600677203.9011421204, 0
1600677203.9131419659, 0, 1600677203.9331419468, 0, 1600677203.9331419468, 0
1600677203.9441421032, 0, 1600677203.9641420841, 0, 1600677203.9641420841, 0
1600677203.9751420021, 0, 1600677203.995141983, 0, 1600677203.995141983, 0
1600677204.0061421394, 0, 1600677204.0261421204, 0, 1600677204.0261421204, 0
1600677204.0371420383, 0, 1600677204.0571420193, 0, 1600677204.0571420193, 0
1600677204.0681419373, 0, 1600677204.0881421566, 0, 1600677204.0881421566, 0
1600677204.0991420746, 0, 1600677204.1191420555, 0, 1600677204.1191420555, 0
1600677204.1641421318, 0, 1600677204.1831419468, 0, 1600677204.1831419468, 0
1600677204.1951420307, 0, 1600677204.2141420841, 0, 1600677204.2141420841, 0
1600677204.2261419296, 0, 1600677204.245141983, 0, 1600677204.245141983, 0
1600677204.257142067, 0, 1600677204.2761421204, 0, 1600677204.2761421204, 0
1600677204.2881419659, 0, 1600677204.3071420193, 0, 1600677204.3071420193, 0
1600677204.3191421032, 0, 1600677204.3381421566, 0, 1600677204.3381421566, 0
1600677204.3501420021, 0, 1600677204.3691420555, 0, 1600677204.3691420555, 0
1600677204.3811421394, 0, 1600677204.4001419544, 0, 1600677204.4001419544, 0
1600677204.4121420383, 0, 1600677204.4311420918, 0, 1600677204.4311420918, 0
1600677204.4431419373, 0, 1600677204.4621419907, 0, 1600677204.4621419907, 0
1600677204.4741420746, 0, 1600677204.493142128, 0, 1600677204.493142128, 0
1600677204.5051419735, 0, 1600677204.5241420269, 0, 1600677204.5241420269, 0
1600677204.5361421108, 0, 1600677204.5551419258, 0, 1600677204.5551419258, 0
1600677204.5671420097, 0, 1600677204.5861420631, 0, 1600677204.5861420631, 0
1600677204.5981421471, 0, 1600677204.6171419621, 0, 1600677204.6171419621, 0
1600677204.629142046, 0, 1600677204.6481420994, 0, 1600677204.6481420994, 0
1600677204.6601419449, 0, 1600677204.6791419983, 0, 1600677204.6791419983, 0
1600677204.6911420822, 0, 1600677204.7101421356, 0, 1600677204.7101421356, 0
1600677204.7221419811, 0, 1600677204.7411420345, 0, 1600677204.7411420345, 0
1600677204.7531421185, 0, 1600677204.7721419334, 0, 1600677204.7721419334, 0
1600677204.7841420174, 0, 1600677204.8041419983, 0, 1600677204.8041419983, 0
1600677204.8151421547, 0, 1600677204.8351421356, 0, 1600677204.8351421356, 0
1600677204.8461420536, 0, 1600677204.8661420345, 0, 1600677204.8661420345, 0
1600677204.8771419525, 0, 1600677204.8971419334, 0, 1600677204.8971419334, 0
1600677204.9081420898, 0, 1600677204.9281420708, 0, 1600677204.9281420708, 0
1600677204.9391419888, 0, 1600677204.9591419697, 0, 1600677204.9591419697, 0
1600677204.9701421261, 0, 1600677204.990142107, 0, 1600677204.990142107, 0
1600677205.001142025, 0, 1600677205.0211420059, 0, 1600677205.0211420059, 0
1600677205.0331420898, 0, 1600677205.0521421432, 0, 1600677205.0521421432, 0
1600677205.0641419888, 0, 1600677205.0831420422, 0, 1600677205.0831420422, 0
1600677205.0951421261, 0, 1600677205.1141419411, 0, 1600677205.1141419411, 0
1600677205.129142046, 0, 1600677205.1481420994, 0, 1600677205.1481420994, 0
1600677205.1601419449, 0, 1600677205.1791419983, 0, 1600677205.1791419983, 0
1600677205.1911420822, 0, 1600677205.2101421356, 0, 1600677205.2101421356, 0
1600677205.2221419811, 0, 1600677205.2411420345, 0, 1600677205.2411420345, 0
1600677205.2531421185, 0, 1600677205.2721419334, 0, 1600677205.2721419334, 0
1600677205.2841420174, 0, 1600677205.3031420708, 0, 1600677205.3031420708, 0
1600677205.3151421547, 0, 1600677205.3341419697, 0, 1600677205.3341419697, 0
1600677205.3461420536, 0, 1600677205.365142107, 0, 1600677205.365142107, 0
1600677205.3771419525, 0, 1600677205.3961420059, 0, 1600677205.3961420059, 0
1600677205.4081420898, 0, 1600677205.4281420708, 0, 1600677205.4281420708, 0
1600677205.4391419888, 0, 1600677205.4591419697, 5, 1600677205.4591419697, 50.049999237060546875
1600677205.4701421261, 0.067561134696006774902, 1600677205.490142107, 4.9324388504028320313, 1600677205.490142107, 50.049999237060546875
1600677205.501142025, 0.27024453878402709961, 1600677205.5211420059, 4.729755401611328125, 1600677205.5211420059, 50.049999237060546875
1600677205.5321421623, 0.54048907756805419922, 1600677205.5521421432, 4.45951080322265625, 1600677205.5521421432, 50.049999237060546875
1600677205.5641419888, 0.87829470634460449219, 1600677205.5831420422, 4.1217050552368164063, 1600677205.5831420422, 41.308269500732421875
1600677205.5951421261, 1.1485393047332763672, 1600677205.6141419411, 3.8514606952667236328, 1600677205.6141419411, 41.308269500732421875
1600677205.6271419525, 1.4024053812026977539, 1600677205.6461420059, 3.5975947380065917969, 1600677205.6461420059, 41.308269500732421875
1600677205.6571547985, 1.6726498603820800781, 1600677205.6761548519, 3.3273501396179199219, 1600677205.6761548519, 41.308269500732421875
1600677205.6881549358, 1.9428943395614624023, 1600677205.7071549892, 3.0571055412292480469, 1600677205.7071549892, 30.692844390869140625
1600677205.7191548347, 2.1455776691436767578, 1600677205.7381548882, 2.8544223308563232422, 1600677205.7381548882, 30.692844390869140625
1600677205.7501549721, 2.3482611179351806641, 1600677205.7691547871, 2.6517388820648193359, 1600677205.7691547871, 30.692844390869140625
1600677205.781154871, 2.4158222675323486328, 1600677205.8001549244, 2.5841777324676513672, 1600677205.8001549244, 30.692844390869140625
1600677205.8121550083, 2.4158222675323486328, 1600677205.8311548233, 2.5841777324676513672, 1600677205.8311548233, 25.989406585693359375
1600677205.8431549072, 2.2806999683380126953, 1600677205.8621549606, 2.7193000316619873047, 1600677205.8621549606, 25.989406585693359375
1600677205.8741548061, 2.0780167579650878906, 1600677205.8931548595, 2.9219832420349121094, 1600677205.8931548595, 25.989406585693359375
1600677205.9051549435, 1.9428943395614624023, 1600677205.9241549969, 3.0571055412292480469, 1600677205.9241549969, 25.989406585693359375
1600677205.9361548424, 1.8241505622863769531, 1600677205.9551548958, 3.1758494377136230469, 1600677205.9551548958, 31.937883377075195313
1600677205.9671549797, 1.6890282630920410156, 1600677205.9861547947, 3.3109717369079589844, 1600677205.9861547947, 31.937883377075195313
1600677205.9981548786, 1.6214672327041625977, 1600677206.017154932, 3.3785328865051269531, 1600677206.017154932, 31.937883377075195313
1600677206.0291550159, 1.5539060831069946289, 1600677206.0481548309, 3.4460940361022949219, 1600677206.0481548309, 31.937883377075195313
1600677206.0601549149, 1.4863449335098266602, 1600677206.0791549683, 3.5136551856994628906, 1600677206.0791549683, 35.35107421875
1600677206.0911548138, 1.5539060831069946289, 1600677206.1101548672, 3.4460940361022949219, 1600677206.1101548672, 35.35107421875
1600677206.1221549511, 1.5539060831069946289, 1600677206.142154932, 3.4460940361022949219, 1600677206.142154932, 35.35107421875
1600677206.15315485, 1.6214672327041625977, 1600677206.1731548309, 3.3785328865051269531, 1600677206.1731548309, 35.35107421875
1600677206.2181549072, 1.6826944351196289063, 1600677206.2371549606, 3.3173055648803710938, 1600677206.2371549606, 33.42075347900390625
1600677206.2491548061, 1.6784719228744506836, 1600677206.2681548595, 3.3215281963348388672, 1600677206.2681548595, 33.42075347900390625
1600677206.2801549435, 1.7460330724716186523, 1600677206.2991549969, 3.2539670467376708984, 1600677206.2991549969, 33.42075347900390625
1600677206.3111548424, 1.8135941028594970703, 1600677206.3301548958, 3.1864058971405029297, 1600677206.3301548958, 33.42075347900390625
1600677206.3421549797, 1.8135941028594970703, 1600677206.3611547947, 3.1864058971405029297, 1600677206.3611547947, 32.143619537353515625
1600677206.3731548786, 1.8135941028594970703, 1600677206.392154932, 3.1864058971405029297, 1600677206.392154932, 32.143619537353515625
1600677206.4041550159, 1.8811552524566650391, 1600677206.4231548309, 3.1188447475433349609, 1600677206.4231548309, 32.143619537353515625
1600677206.4351549149, 1.8811552524566650391, 1600677206.4541549683, 3.1188447475433349609, 1600677206.4541549683, 32.143619537353515625
1600677206.4661548138, 1.8135941028594970703, 1600677206.4851548672, 3.1864058971405029297, 1600677206.4851548672, 32.17548370361328125
1600677206.4971549511, 1.8135941028594970703, 1600677206.5161550045, 3.1864058971405029297, 1600677206.5161550045, 32.17548370361328125
1600677206.52815485, 1.7523669004440307617, 1600677206.5471549034, 3.2476332187652587891, 1600677206.5471549034, 32.17548370361328125
1600677206.5591549873, 1.8241505622863769531, 1600677206.5781548023, 3.1758494377136230469, 1600677206.5781548023, 32.17548370361328125
1600677206.5901548862, 1.8241505622863769531, 1600677206.6091549397, 3.1758494377136230469, 1600677206.6091549397, 32.101680755615234375
1600677206.6211547852, 1.7565894126892089844, 1600677206.6401548386, 3.2434105873107910156, 1600677206.6401548386, 32.101680755615234375
1600677206.6521549225, 1.7565894126892089844, 1600677206.6711549759, 3.2434105873107910156, 1600677206.6711549759, 32.101680755615234375
1600677206.6831548214, 1.7565894126892089844, 1600677206.7021548748, 3.2434105873107910156, 1600677206.7021548748, 32.101680755615234375
1600677206.7141549587, 1.7565894126892089844, 1600677206.7331550121, 3.2434105873107910156, 1600677206.7331550121, 32.809722900390625
1600677206.7451548576, 1.7565894126892089844, 1600677206.764154911, 3.2434105873107910156, 1600677206.764154911, 32.809722900390625
1600677206.776154995, 1.7565894126892089844, 1600677206.79515481, 3.2434105873107910156, 1600677206.79515481, 32.809722900390625
1600677206.8071548939, 1.7565894126892089844, 1600677206.8261549473, 3.2434105873107910156, 1600677206.8261549473, 32.809722900390625
1600677206.8381547928, 1.7565894126892089844, 1600677206.8571548462, 3.2434105873107910156, 1600677206.8571548462, 32.842159271240234375
1600677206.8691549301, 1.7565894126892089844, 1600677206.8881549835, 3.2434105873107910156, 1600677206.8881549835, 32.842159271240234375
1600677206.900154829, 1.7565894126892089844, 1600677206.9191548824, 3.2434105873107910156, 1600677206.9191548824, 32.842159271240234375
1600677206.9311549664, 1.7565894126892089844, 1600677206.9501547813, 3.2434105873107910156, 1600677206.9501547813, 32.842159271240234375
1600677206.9621548653, 1.7565894126892089844, 1600677206.9811549187, 3.2434105873107910156, 1600677206.9811549187, 32.874591827392578125
1600677206.9931550026, 1.7565894126892089844, 1600677207.0131549835, 3.2434105873107910156, 1600677207.0131549835, 32.874591827392578125
1600677207.0241549015, 1.7565894126892089844, 1600677207.0441548824, 3.2434105873107910156, 1600677207.0441548824, 32.874591827392578125
1600677207.0551548004, 1.6890282630920410156, 1600677207.0751547813, 3.3109717369079589844, 1600677207.0751547813, 32.874591827392578125
1600677207.0871548653, 1.7565894126892089844, 1600677207.1061549187, 3.2434105873107910156, 1600677207.1061549187, 32.9070281982421875
1600677207.1171548367, 1.6890282630920410156, 1600677207.1371548176, 3.3109717369079589844, 1600677207.1371548176, 32.9070281982421875
1600677207.148154974, 1.7565894126892089844, 1600677207.1681549549, 3.2434105873107910156, 1600677207.1681549549, 32.9070281982421875
1600677207.1801548004, 1.7565894126892089844, 1600677207.1991548538, 3.2434105873107910156, 1600677207.1991548538, 32.9070281982421875
1600677207.2111549377, 1.6890282630920410156, 1600677207.2301549911, 3.3109717369079589844, 1600677207.2301549911, 33.615749359130859375
1600677207.2421548367, 1.7565894126892089844, 1600677207.2611548901, 3.2434105873107910156, 1600677207.2611548901, 33.615749359130859375
1600677207.273154974, 1.6890282630920410156, 1600677207.292154789, 3.3109717369079589844, 1600677207.292154789, 33.615749359130859375
1600677207.3041548729, 1.7565894126892089844, 1600677207.3231549263, 3.2434105873107910156, 1600677207.3231549263, 33.615749359130859375
1600677207.3351550102, 1.7565894126892089844, 1600677207.3541548252, 3.2434105873107910156, 1600677207.3541548252, 32.97257232666015625
1600677207.3661549091, 1.7565894126892089844, 1600677207.3851549625, 3.2434105873107910156, 1600677207.3851549625, 32.97257232666015625
1600677207.397154808, 1.750255584716796875, 1600677207.4161548615, 3.249744415283203125, 1600677207.4161548615, 32.97257232666015625
1600677207.4281549454, 1.750255584716796875, 1600677207.4471549988, 3.249744415283203125, 1600677207.4471549988, 32.97257232666015625
1600677207.4591548443, 1.750255584716796875, 1600677207.4781548977, 3.249744415283203125, 1600677207.4781548977, 33.0684051513671875
1600677207.4901549816, 1.6826944351196289063, 1600677207.5091547966, 3.3173055648803710938, 1600677207.5091547966, 33.0684051513671875
1600677207.5211548805, 1.750255584716796875, 1600677207.5401549339, 3.249744415283203125, 1600677207.5401549339, 33.0684051513671875
1600677207.5521550179, 1.750255584716796875, 1600677207.5711548328, 3.249744415283203125, 1600677207.5711548328, 33.0684051513671875
1600677207.5831549168, 1.750255584716796875, 1600677207.6021549702, 3.249744415283203125, 1600677207.6021549702, 33.100902557373046875
1600677207.6141548157, 1.750255584716796875, 1600677207.6331548691, 3.249744415283203125, 1600677207.6331548691, 33.100902557373046875
1600677207.645154953, 1.750255584716796875, 1600677207.6641550064, 3.249744415283203125, 1600677207.6641550064, 33.100902557373046875
1600677207.6761548519, 1.750255584716796875, 1600677207.6951549053, 3.249744415283203125, 1600677207.6951549053, 33.100902557373046875
1600677207.7071549892, 1.7565894126892089844, 1600677207.7261548042, 3.2434105873107910156, 1600677207.7261548042, 33.06999969482421875
1600677207.7381548882, 1.8241505622863769531, 1600677207.7571549416, 3.1758494377136230469, 1600677207.7571549416, 33.06999969482421875
1600677207.7691547871, 1.7565894126892089844, 1600677207.7881548405, 3.2434105873107910156, 1600677207.7881548405, 33.06999969482421875
1600677207.8001549244, 1.8241505622863769531, 1600677207.8191549778, 3.1758494377136230469, 1600677207.8191549778, 33.06999969482421875
1600677207.8311548233, 1.8241505622863769531, 1600677207.8501548767, 3.1758494377136230469, 1600677207.8501548767, 32.4261474609375
1600677207.8621549606, 1.7565894126892089844, 1600677207.881155014, 3.2434105873107910156, 1600677207.881155014, 32.4261474609375
1600677207.8931548595, 1.8241505622863769531, 1600677207.9121549129, 3.1758494377136230469, 1600677207.9121549129, 32.4261474609375
1600677207.9241549969, 1.7565894126892089844, 1600677207.9431548119, 3.2434105873107910156, 1600677207.9431548119, 32.4261474609375
1600677207.9551548958, 1.7565894126892089844, 1600677207.9741549492, 3.2434105873107910156, 1600677207.9741549492, 33.13419342041015625
1600677207.9861547947, 1.8241505622863769531, 1600677208.0051548481, 3.1758494377136230469, 1600677208.0051548481, 33.13419342041015625
1600677208.017154932, 1.7565894126892089844, 1600677208.0361549854, 3.2434105873107910156, 1600677208.0361549854, 33.13419342041015625
1600677208.0481548309, 1.7565894126892089844, 1600677208.0671548843, 3.2434105873107910156, 1600677208.0671548843, 33.13419342041015625
1600677208.0791549683, 1.7565894126892089844, 1600677208.0981547832, 3.2434105873107910156, 1600677208.0981547832, 33.1666259765625
1600677208.1101548672, 1.6890282630920410156, 1600677208.1291549206, 3.3109717369079589844, 1600677208.1291549206, 33.1666259765625
1600677208.1431548595, 1.6767444610595703125, 1600677208.1621549129, 3.3232555389404296875, 1600677208.1621549129, 33.1666259765625
1600677208.17648983, 1.7443056106567382813, 1600677208.1954898834, 3.2556943893432617188, 1600677208.1954898834, 33.1666259765625
1600677208.2074899673, 1.6767444610595703125, 1600677208.2264900208, 3.3232555389404296875, 1600677208.2264900208, 33.998310089111328125
1600677208.2714898586, 1.7379717826843261719, 1600677208.290489912, 3.2620282173156738281, 1600677208.290489912, 33.998310089111328125
1600677208.302489996, 1.7379717826843261719, 1600677208.3214900494, 3.2620282173156738281, 1600677208.3214900494, 33.998310089111328125
1600677208.3334898949, 1.6704106330871582031, 1600677208.3524899483, 3.3295893669128417969, 1600677208.3524899483, 34.094944000244140625
1600677208.3644900322, 1.7379717826843261719, 1600677208.3834898472, 3.2620282173156738281, 1600677208.3834898472, 34.094944000244140625
1600677208.3954899311, 1.7379717826843261719, 1600677208.4144899845, 3.2620282173156738281, 1600677208.4144899845, 34.094944000244140625
1600677208.42648983, 1.7379717826843261719, 1600677208.4454898834, 3.2620282173156738281, 1600677208.4454898834, 34.094944000244140625
1600677208.4574899673, 1.8055329322814941406, 1600677208.4764900208, 3.1944670677185058594, 1600677208.4764900208, 32.775665283203125
1600677208.4884898663, 1.8178167343139648438, 1600677208.5074899197, 3.1821832656860351563, 1600677208.5074899197, 32.775665283203125
1600677208.5194900036, 1.8178167343139648438, 1600677208.5384898186, 3.1821832656860351563, 1600677208.5384898186, 32.775665283203125
1600677208.5504899025, 1.8178167343139648438, 1600677208.5694899559, 3.1821832656860351563, 1600677208.5694899559, 32.775665283203125
1600677208.5814900398, 1.8241505622863769531, 1600677208.6014900208, 3.1758494377136230469, 1600677208.6014900208, 32.621246337890625
1600677208.6124899387, 1.7565894126892089844, 1600677208.6324899197, 3.2434105873107910156, 1600677208.6324899197, 32.621246337890625
1600677208.6434898376, 1.8241505622863769531, 1600677208.6634898186, 3.1758494377136230469, 1600677208.6634898186, 32.621246337890625
1600677208.674489975, 1.8241505622863769531, 1600677208.6944899559, 3.1758494377136230469, 1600677208.6944899559, 32.621246337890625
1600677208.7064900398, 1.7565894126892089844, 1600677208.7254898548, 3.2434105873107910156, 1600677208.7254898548, 33.32929229736328125
1600677208.7364900112, 1.8241505622863769531, 1600677208.7564899921, 3.1758494377136230469, 1600677208.7564899921, 33.32929229736328125
1600677208.7684898376, 1.8241505622863769531, 1600677208.7874898911, 3.1758494377136230469, 1600677208.7874898911, 33.32929229736328125
1600677208.799489975, 1.7565894126892089844, 1600677208.8184900284, 3.2434105873107910156, 1600677208.8184900284, 33.32929229736328125
1600677208.8304898739, 1.7565894126892089844, 1600677208.8494899273, 3.2434105873107910156, 1600677208.8494899273, 33.361724853515625
1600677208.8614900112, 1.8241505622863769531, 1600677208.8804898262, 3.1758494377136230469, 1600677208.8804898262, 33.361724853515625
1600677208.8924899101, 1.7565894126892089844, 1600677208.9114899635, 3.2434105873107910156, 1600677208.9114899635, 33.361724853515625
1600677208.9234900475, 1.8241505622863769531, 1600677208.9424898624, 3.1758494377136230469, 1600677208.9424898624, 33.361724853515625
1600677208.9544899464, 1.8241505622863769531, 1600677208.9734899998, 3.1758494377136230469, 1600677208.9734899998, 32.71787261962890625
1600677208.9854898453, 1.7523669004440307617, 1600677209.0044898987, 3.2476332187652587891, 1600677209.0044898987, 32.71787261962890625
1600677209.0164899826, 1.8199280500411987305, 1600677209.035490036, 3.1800720691680908203, 1600677209.035490036, 32.71787261962890625
1600677209.0474898815, 1.8199280500411987305, 1600677209.0664899349, 3.1800720691680908203, 1600677209.0664899349, 32.71787261962890625
1600677209.0784900188, 1.7523669004440307617, 1600677209.0974898338, 3.2476332187652587891, 1600677209.0974898338, 33.4681854248046875
1600677209.1094899178, 1.8199280500411987305, 1600677209.1284899712, 3.1800720691680908203, 1600677209.1284899712, 33.4681854248046875
1600677209.1404898167, 1.7523669004440307617, 1600677209.1594898701, 3.2476332187652587891, 1600677209.1594898701, 33.4681854248046875
1600677209.171489954, 1.684805750846862793, 1600677209.1904900074, 3.3151943683624267578, 1600677209.1904900074, 33.4681854248046875
1600677209.2024898529, 1.7523669004440307617, 1600677209.2214899063, 3.2476332187652587891, 1600677209.2214899063, 33.50066375732421875
1600677209.2334899902, 1.7523669004440307617, 1600677209.2524900436, 3.2476332187652587891, 1600677209.2524900436, 33.50066375732421875
1600677209.2644898891, 1.684805750846862793, 1600677209.2834899426, 3.3151943683624267578, 1600677209.2834899426, 33.50066375732421875
1600677209.2954900265, 1.7565894126892089844, 1600677209.3144898415, 3.2434105873107910156, 1600677209.3144898415, 33.50066375732421875
1600677209.3264899254, 1.7565894126892089844, 1600677209.3454899788, 3.2434105873107910156, 1600677209.3454899788, 33.490871429443359375
1600677209.3574898243, 1.6890282630920410156, 1600677209.3764898777, 3.3109717369079589844, 1600677209.3764898777, 33.490871429443359375
1600677209.3884899616, 1.7565894126892089844, 1600677209.407490015, 3.2434105873107910156, 1600677209.407490015, 33.490871429443359375
1600677209.4194898605, 1.7565894126892089844, 1600677209.4384899139, 3.2434105873107910156, 1600677209.4384899139, 33.490871429443359375
1600677209.4504899979, 1.8241505622863769531, 1600677209.4694898129, 3.1758494377136230469, 1600677209.4694898129, 32.847019195556640625
1600677209.4814898968, 1.8241505622863769531, 1600677209.5004899502, 3.1758494377136230469, 1600677209.5004899502, 32.847019195556640625
1600677209.5124900341, 1.8241505622863769531, 1600677209.5314898491, 3.1758494377136230469, 1600677209.5314898491, 32.847019195556640625
1600677209.543489933, 1.7565894126892089844, 1600677209.5624899864, 3.2434105873107910156, 1600677209.5624899864, 32.847019195556640625
1600677209.5744898319, 1.8241505622863769531, 1600677209.5934898853, 3.1758494377136230469, 1600677209.5934898853, 32.87877655029296875
1600677209.6054899693, 1.8241505622863769531, 1600677209.6244900227, 3.1758494377136230469, 1600677209.6244900227, 32.87877655029296875
1600677209.6364898682, 1.7565894126892089844, 1600677209.6554899216, 3.2434105873107910156, 1600677209.6554899216, 32.87877655029296875
1600677209.6674900055, 1.8241505622863769531, 1600677209.6864898205, 3.1758494377136230469, 1600677209.6864898205, 32.87877655029296875
1600677209.6984899044, 1.7565894126892089844, 1600677209.7174899578, 3.2434105873107910156, 1600677209.7174899578, 33.586822509765625
1600677209.7294900417, 1.7565894126892089844, 1600677209.7484898567, 3.2434105873107910156, 1600677209.7484898567, 33.586822509765625
1600677209.7604899406, 1.7565894126892089844, 1600677209.7804899216, 3.2434105873107910156, 1600677209.7804899216, 33.586822509765625
1600677209.7914898396, 1.8241505622863769531, 1600677209.8114898205, 3.1758494377136230469, 1600677209.8114898205, 33.586822509765625
1600677209.8234899044, 1.7565894126892089844, 1600677209.8424899578, 3.2434105873107910156, 1600677209.8424899578, 33.61925506591796875
1600677209.8534898758, 1.8241505622863769531, 1600677209.8734898567, 3.1758494377136230469, 1600677209.8734898567, 33.61925506591796875
1600677209.8844900131, 1.8241505622863769531, 1600677209.904489994, 3.1758494377136230469, 1600677209.904489994, 33.61925506591796875
1600677209.9164898396, 1.7565894126892089844, 1600677209.935489893, 3.2434105873107910156, 1600677209.935489893, 33.61925506591796875
1600677209.9474899769, 1.8241505622863769531, 1600677209.9664900303, 3.1758494377136230469, 1600677209.9664900303, 32.97540283203125
1600677209.9784898758, 1.8241505622863769531, 1600677209.9974899292, 3.1758494377136230469, 1600677209.9974899292, 32.97540283203125
1600677210.0094900131, 1.8241505622863769531, 1600677210.0284898281, 3.1758494377136230469, 1600677210.0284898281, 32.97540283203125
1600677210.040489912, 1.8241505622863769531, 1600677210.0594899654, 3.1758494377136230469, 1600677210.0594899654, 32.97540283203125
1600677210.0714900494, 1.7565894126892089844, 1600677210.0904898643, 3.2434105873107910156, 1600677210.0904898643, 33.68344879150390625
1600677210.1024899483, 1.7565894126892089844, 1600677210.1214900017, 3.2434105873107910156, 1600677210.1214900017, 33.68344879150390625
1600677210.1364898682, 1.8009867668151855469, 1600677210.1554899216, 3.1990132331848144531, 1600677210.1554899216, 33.68344879150390625
1600677210.1674900055, 1.8009867668151855469, 1600677210.1864898205, 3.1990132331848144531, 1600677210.1864898205, 33.68344879150390625
1600677210.1984899044, 1.7334256172180175781, 1600677210.2174899578, 3.2665743827819824219, 1600677210.2174899578, 33.94775390625
1600677210.2294900417, 1.8009867668151855469, 1600677210.2484898567, 3.1990132331848144531, 1600677210.2484898567, 33.94775390625
1600677210.2604899406, 1.8009867668151855469, 1600677210.279489994, 3.1990132331848144531, 1600677210.279489994, 33.94775390625
1600677210.3254899979, 1.7619279623031616211, 1600677210.3444898129, 3.2380719184875488281, 1600677210.3444898129, 33.695110321044921875
1600677210.3564898968, 1.8294891119003295898, 1600677210.3754899502, 3.1705110073089599609, 1600677210.3754899502, 33.695110321044921875
1600677210.3874900341, 1.8294891119003295898, 1600677210.4064898491, 3.1705110073089599609, 1600677210.4064898491, 33.695110321044921875
1600677210.418489933, 1.8294891119003295898, 1600677210.4374899864, 3.1705110073089599609, 1600677210.4374899864, 33.695110321044921875
1600677210.4494898319, 1.8294891119003295898, 1600677210.4684898853, 3.1705110073089599609, 1600677210.4684898853, 33.051204681396484375
1600677210.4804899693, 1.8463190793991088867, 1600677210.4994900227, 3.1536810398101806641, 1600677210.4994900227, 33.051204681396484375
1600677210.5114898682, 1.778757929801940918, 1600677210.5304899216, 3.2212419509887695313, 1600677210.5304899216, 33.051204681396484375
1600677210.5424900055, 1.8463190793991088867, 1600677210.5614898205, 3.1536810398101806641, 1600677210.5614898205, 33.051204681396484375
1600677210.5734899044, 1.8463190793991088867, 1600677210.5924899578, 3.1536810398101806641, 1600677210.5924899578, 32.914440155029296875
1600677210.6044900417, 1.778757929801940918, 1600677210.6234898567, 3.2212419509887695313, 1600677210.6234898567, 32.914440155029296875
1600677210.6354899406, 1.8178167343139648438, 1600677210.654489994, 3.1821832656860351563, 1600677210.654489994, 32.914440155029296875
1600677210.6674900055, 1.8114829063415527344, 1600677210.6864898205, 3.1885170936584472656, 1600677210.6864898205, 32.914440155029296875
1600677210.6957969666, 1.7439217567443847656, 1600677210.71479702, 3.2560782432556152344, 1600677210.71479702, 33.970973968505859375
1600677210.7267971039, 1.8114829063415527344, 1600677210.7457971573, 3.1885170936584472656, 1600677210.7457971573, 33.970973968505859375
1600677210.7577970028, 1.7439217567443847656, 1600677210.7767970562, 3.2560782432556152344, 1600677210.7767970562, 33.970973968505859375
1600677210.7887971401, 1.750255584716796875, 1600677210.808797121, 3.249744415283203125, 1600677210.808797121, 33.970973968505859375
1600677210.819797039, 1.8178167343139648438, 1600677210.83979702, 3.1821832656860351563, 1600677210.83979702, 33.26384735107421875
1600677210.8507971764, 1.750255584716796875, 1600677210.8707971573, 3.249744415283203125, 1600677210.8707971573, 33.26384735107421875
1600677210.8817970753, 1.750255584716796875, 1600677210.9017970562, 3.249744415283203125, 1600677210.9017970562, 33.26384735107421875
1600677210.9127969742, 1.8178167343139648438, 1600677210.9327969551, 3.1821832656860351563, 1600677210.9327969551, 33.26384735107421875
1600677210.944797039, 1.750255584716796875, 1600677210.9637970924, 3.249744415283203125, 1600677210.9637970924, 33.971954345703125
1600677210.9757971764, 1.7565894126892089844, 1600677210.9947969913, 3.2434105873107910156, 1600677210.9947969913, 33.971954345703125
1600677211.0067970753, 1.8241505622863769531, 1600677211.0257971287, 3.1758494377136230469, 1600677211.0257971287, 33.971954345703125
1600677211.0377969742, 1.7565894126892089844, 1600677211.0567970276, 3.2434105873107910156, 1600677211.0567970276, 33.971954345703125
1600677211.0687971115, 1.8241505622863769531, 1600677211.0877971649, 3.1758494377136230469, 1600677211.0877971649, 33.26476287841796875
1600677211.0997970104, 1.8241505622863769531, 1600677211.1187970638, 3.1758494377136230469, 1600677211.1187970638, 33.26476287841796875
1600677211.1307971478, 1.7565894126892089844, 1600677211.1497969627, 3.2434105873107910156, 1600677211.1497969627, 33.26476287841796875
1600677211.1617970467, 1.8241505622863769531, 1600677211.1807971001, 3.1758494377136230469, 1600677211.1807971001, 33.26476287841796875
1600677211.192797184, 1.8178167343139648438, 1600677211.211796999, 3.1821832656860351563, 1600677211.211796999, 33.35992431640625
1600677211.2237970829, 1.750255584716796875, 1600677211.2427971363, 3.249744415283203125, 1600677211.2427971363, 33.35992431640625
1600677211.2547969818, 1.8178167343139648438, 1600677211.2737970352, 3.1821832656860351563, 1600677211.2737970352, 33.35992431640625
1600677211.2857971191, 1.8178167343139648438, 1600677211.3047971725, 3.1821832656860351563, 1600677211.3047971725, 33.35992431640625
1600677211.3167970181, 1.750255584716796875, 1600677211.3357970715, 3.249744415283203125, 1600677211.3357970715, 34.068035125732421875
1600677211.3477971554, 1.8178167343139648438, 1600677211.3667969704, 3.1821832656860351563, 1600677211.3667969704, 34.068035125732421875
1600677211.3787970543, 1.8178167343139648438, 1600677211.3977971077, 3.1821832656860351563, 1600677211.3977971077, 34.068035125732421875
1600677211.4097969532, 1.750255584716796875, 1600677211.4287970066, 3.249744415283203125, 1600677211.4287970066, 34.068035125732421875
1600677211.4407970905, 1.8178167343139648438, 1600677211.4597971439, 3.1821832656860351563, 1600677211.4597971439, 33.424243927001953125
1600677211.4717969894, 1.8178167343139648438, 1600677211.4907970428, 3.1821832656860351563, 1600677211.4907970428, 33.424243927001953125
1600677211.5027971268, 1.8241505622863769531, 1600677211.5217971802, 3.1758494377136230469, 1600677211.5217971802, 33.424243927001953125
1600677211.5337970257, 1.8241505622863769531, 1600677211.5527970791, 3.1758494377136230469, 1600677211.5527970791, 33.424243927001953125
1600677211.564797163, 1.8241505622863769531, 1600677211.583796978, 3.1758494377136230469, 1600677211.583796978, 33.392665863037109375
1600677211.5957970619, 1.8241505622863769531, 1600677211.6147971153, 3.1758494377136230469, 1600677211.6147971153, 33.392665863037109375
1600677211.6267969608, 1.8241505622863769531, 1600677211.6457970142, 3.1758494377136230469, 1600677211.6457970142, 33.392665863037109375
1600677211.6577970982, 1.8241505622863769531, 1600677211.6767971516, 3.1758494377136230469, 1600677211.6767971516, 33.392665863037109375
1600677211.6887969971, 1.8241505622863769531, 1600677211.7077970505, 3.1758494377136230469, 1600677211.7077970505, 33.4244232177734375
1600677211.7197971344, 1.8241505622863769531, 1600677211.7387969494, 3.1758494377136230469, 1600677211.7387969494, 33.4244232177734375
1600677211.7507970333, 1.8241505622863769531, 1600677211.7697970867, 3.1758494377136230469, 1600677211.7697970867, 33.4244232177734375
1600677211.7817971706, 1.8241505622863769531, 1600677211.8007969856, 3.1758494377136230469, 1600677211.8007969856, 33.4244232177734375
1600677211.8127970695, 1.7565894126892089844, 1600677211.831797123, 3.2434105873107910156, 1600677211.831797123, 34.13246917724609375
1600677211.8437969685, 1.8241505622863769531, 1600677211.8627970219, 3.1758494377136230469, 1600677211.8627970219, 34.13246917724609375
1600677211.8747971058, 1.8241505622863769531, 1600677211.8937971592, 3.1758494377136230469, 1600677211.8937971592, 34.13246917724609375
1600677211.9057970047, 1.8241505622863769531, 1600677211.9247970581, 3.1758494377136230469, 1600677211.9247970581, 34.13246917724609375
1600677211.936797142, 1.8241505622863769531, 1600677211.955796957, 3.1758494377136230469, 1600677211.955796957, 33.488616943359375
1600677211.9677970409, 1.8241505622863769531, 1600677211.9877970219, 3.1758494377136230469, 1600677211.9877970219, 33.488616943359375
1600677211.9987971783, 1.8241505622863769531, 1600677212.0187971592, 3.1758494377136230469, 1600677212.0187971592, 33.488616943359375
1600677212.0297970772, 1.8241505622863769531, 1600677212.0497970581, 3.1758494377136230469, 1600677212.0497970581, 33.488616943359375
1600677212.061797142, 1.8241505622863769531, 1600677212.080796957, 3.1758494377136230469, 1600677212.080796957, 33.520374298095703125
1600677212.0917971134, 1.8241505622863769531, 1600677212.1117970943, 3.1758494377136230469, 1600677212.1117970943, 33.520374298095703125
1600677212.1237971783, 1.8241505622863769531, 1600677212.1427969933, 3.1758494377136230469, 1600677212.1427969933, 33.520374298095703125
1600677212.1547970772, 1.7565894126892089844, 1600677212.1737971306, 3.2434105873107910156, 1600677212.1737971306, 33.520374298095703125
1600677212.1857969761, 1.7565894126892089844, 1600677212.2047970295, 3.2434105873107910156, 1600677212.2047970295, 34.228420257568359375
1600677212.2167971134, 1.7565894126892089844, 1600677212.2357971668, 3.2434105873107910156, 1600677212.2357971668, 34.228420257568359375
1600677212.2477970123, 1.7565894126892089844, 1600677212.2667970657, 3.2434105873107910156, 1600677212.2667970657, 34.228420257568359375
1600677212.2787971497, 1.7565894126892089844, 1600677212.2977969646, 3.2434105873107910156, 1600677212.2977969646, 34.228420257568359375
1600677212.3097970486, 1.7565894126892089844, 1600677212.328797102, 3.2434105873107910156, 1600677212.328797102, 34.260852813720703125
1600677212.3737971783, 1.8147959709167480469, 1600677212.3927969933, 3.1852040290832519531, 1600677212.3927969933, 34.260852813720703125
1600677212.4047970772, 1.8147959709167480469, 1600677212.4237971306, 3.1852040290832519531, 1600677212.4237971306, 34.260852813720703125
1600677212.4357969761, 1.7472348213195800781, 1600677212.4547970295, 3.2527651786804199219, 1600677212.4547970295, 34.386928558349609375
1600677212.4667971134, 1.8147959709167480469, 1600677212.4857971668, 3.1852040290832519531, 1600677212.4857971668, 34.386928558349609375
1600677212.4977970123, 1.8823571205139160156, 1600677212.5167970657, 3.1176428794860839844, 1600677212.5167970657, 34.386928558349609375
1600677212.5287971497, 1.8823571205139160156, 1600677212.5477969646, 3.1176428794860839844, 1600677212.5477969646, 34.386928558349609375
1600677212.5597970486, 1.8147959709167480469, 1600677212.578797102, 3.1852040290832519531, 1600677212.578797102, 33.743167877197265625
1600677212.5907971859, 1.8823571205139160156, 1600677212.6097970009, 3.1176428794860839844, 1600677212.6097970009, 33.743167877197265625
1600677212.6217970848, 1.8823571205139160156, 1600677212.6407971382, 3.1176428794860839844, 1600677212.6407971382, 33.743167877197265625
1600677212.6527969837, 1.8823571205139160156, 1600677212.6717970371, 3.1176428794860839844, 1600677212.6717970371, 33.743167877197265625
1600677212.683797121, 1.8241505622863769531, 1600677212.7027971745, 3.1758494377136230469, 1600677212.7027971745, 33.6813812255859375
1600677212.71479702, 1.8241505622863769531, 1600677212.7337970734, 3.1758494377136230469, 1600677212.7337970734, 33.6813812255859375
1600677212.7457971573, 1.8917117118835449219, 1600677212.7647969723, 3.1082882881164550781, 1600677212.7647969723, 33.6813812255859375
1600677212.7767970562, 1.8241505622863769531, 1600677212.7957971096, 3.1758494377136230469, 1600677212.7957971096, 33.6813812255859375
1600677212.8077969551, 1.7565894126892089844, 1600677212.8267970085, 3.2434105873107910156, 1600677212.8267970085, 34.38942718505859375
1600677212.8387970924, 1.7565894126892089844, 1600677212.8587970734, 3.2434105873107910156, 1600677212.8587970734, 34.38942718505859375
1600677212.8697969913, 1.8241505622863769531, 1600677212.8897969723, 3.1758494377136230469, 1600677212.8897969723, 34.38942718505859375
1600677212.9007971287, 1.8241505622863769531, 1600677212.9207971096, 3.1758494377136230469, 1600677212.9207971096, 34.38942718505859375
1600677212.9327969551, 1.7565894126892089844, 1600677212.9517970085, 3.2434105873107910156, 1600677212.9517970085, 34.4218597412109375
1600677212.9627971649, 1.7565894126892089844, 1600677212.9827971458, 3.2434105873107910156, 1600677212.9827971458, 34.4218597412109375
1600677212.9947969913, 1.8241505622863769531, 1600677213.0137970448, 3.1758494377136230469, 1600677213.0137970448, 34.4218597412109375
1600677213.0257971287, 1.8241505622863769531, 1600677213.0447971821, 3.1758494377136230469, 1600677213.0447971821, 34.4218597412109375
1600677213.0567970276, 1.7565894126892089844, 1600677213.075797081, 3.2434105873107910156, 1600677213.075797081, 34.45429229736328125
1600677213.0877971649, 1.8241505622863769531, 1600677213.1067969799, 3.1758494377136230469, 1600677213.1067969799, 34.45429229736328125
1600677213.1187970638, 1.8917117118835449219, 1600677213.1377971172, 3.1082882881164550781, 1600677213.1377971172, 34.45429229736328125
1600677213.1497969627, 1.8917117118835449219, 1600677213.1687970161, 3.1082882881164550781, 1600677213.1687970161, 34.45429229736328125
1600677213.1817970276, 1.8794279098510742188, 1600677213.200797081, 3.1205720901489257813, 1600677213.200797081, 33.257114410400390625
1600677213.2123298645, 1.8794279098510742188, 1600677213.2313299179, 3.1205720901489257813, 1600677213.2313299179, 33.257114410400390625
1600677213.2433300018, 1.8794279098510742188, 1600677213.2623300552, 3.1205720901489257813, 1600677213.2623300552, 33.257114410400390625
1600677213.2743299007, 1.8794279098510742188, 1600677213.2933299541, 3.1205720901489257813, 1600677213.2933299541, 33.257114410400390625
1600677213.3053300381, 1.8794279098510742188, 1600677213.3243298531, 3.1205720901489257813, 1600677213.3243298531, 33.28832244873046875
1600677213.336329937, 1.81186676025390625, 1600677213.3553299904, 3.18813323974609375, 1600677213.3553299904, 33.28832244873046875
1600677213.3673300743, 1.8794279098510742188, 1600677213.3863298893, 3.1205720901489257813, 1600677213.3863298893, 33.28832244873046875
1600677213.3983299732, 1.8794279098510742188, 1600677213.4173300266, 3.1205720901489257813, 1600677213.4173300266, 33.28832244873046875
1600677213.4293298721, 1.81186676025390625, 1600677213.4483299255, 3.18813323974609375, 1600677213.4483299255, 33.995815277099609375
1600677213.4603300095, 1.81186676025390625, 1600677213.4793300629, 3.18813323974609375, 1600677213.4793300629, 33.995815277099609375
1600677213.4913299084, 1.8241505622863769531, 1600677213.5103299618, 3.1758494377136230469, 1600677213.5103299618, 33.995815277099609375
1600677213.5223300457, 1.7565894126892089844, 1600677213.5413298607, 3.2434105873107910156, 1600677213.5413298607, 33.995815277099609375
1600677213.5533299446, 1.8241505622863769531, 1600677213.5733299255, 3.1758494377136230469, 1600677213.5733299255, 33.904735565185546875
1600677213.5843300819, 1.8241505622863769531, 1600677213.6043300629, 3.1758494377136230469, 1600677213.6043300629, 33.904735565185546875
1600677213.6153299809, 1.7565894126892089844, 1600677213.6353299618, 3.2434105873107910156, 1600677213.6353299618, 33.904735565185546875
1600677213.6463298798, 1.8241505622863769531, 1600677213.6663298607, 3.1758494377136230469, 1600677213.6663298607, 33.904735565185546875
1600677213.6783299446, 1.8241505622863769531, 1600677213.697329998, 3.1758494377136230469, 1600677213.697329998, 33.936492919921875
1600677213.7093300819, 1.8241505622863769531, 1600677213.7283298969, 3.1758494377136230469, 1600677213.7283298969, 33.936492919921875
1600677213.7403299809, 1.8241505622863769531, 1600677213.7593300343, 3.1758494377136230469, 1600677213.7593300343, 33.936492919921875
1600677213.7713298798, 1.8241505622863769531, 1600677213.7903299332, 3.1758494377136230469, 1600677213.7903299332, 33.936492919921875
1600677213.8023300171, 1.8241505622863769531, 1600677213.8213300705, 3.1758494377136230469, 1600677213.8213300705, 33.968250274658203125
1600677213.833329916, 1.8241505622863769531, 1600677213.8523299694, 3.1758494377136230469, 1600677213.8523299694, 33.968250274658203125
1600677213.8643300533, 1.8241505622863769531, 1600677213.8833298683, 3.1758494377136230469, 1600677213.8833298683, 33.968250274658203125
1600677213.8953299522, 1.8241505622863769531, 1600677213.9143300056, 3.1758494377136230469, 1600677213.9143300056, 33.968250274658203125
1600677213.9263298512, 1.8199280500411987305, 1600677213.9453299046, 3.1800720691680908203, 1600677213.9453299046, 34.042278289794921875
1600677213.9573299885, 1.8199280500411987305, 1600677213.9763300419, 3.1800720691680908203, 1600677213.9763300419, 34.042278289794921875
1600677213.9883298874, 1.8199280500411987305, 1600677214.0073299408, 3.1800720691680908203, 1600677214.0073299408, 34.042278289794921875
1600677214.0193300247, 1.7523669004440307617, 1600677214.0383300781, 3.2476332187652587891, 1600677214.0383300781, 34.042278289794921875
1600677214.0503299236, 1.8199280500411987305, 1600677214.069329977, 3.1800720691680908203, 1600677214.069329977, 34.074077606201171875
1600677214.081330061, 1.8199280500411987305, 1600677214.1003298759, 3.1800720691680908203, 1600677214.1003298759, 34.074077606201171875
1600677214.1123299599, 1.8199280500411987305, 1600677214.1313300133, 3.1800720691680908203, 1600677214.1313300133, 34.074077606201171875
1600677214.1433298588, 1.8199280500411987305, 1600677214.1623299122, 3.1800720691680908203, 1600677214.1623299122, 34.074077606201171875
1600677214.1743299961, 1.8199280500411987305, 1600677214.1933300495, 3.1800720691680908203, 1600677214.1933300495, 34.105876922607421875
1600677214.205329895, 1.8199280500411987305, 1600677214.2243299484, 3.1800720691680908203, 1600677214.2243299484, 34.105876922607421875
1600677214.2363300323, 1.8917117118835449219, 1600677214.2553298473, 3.1082882881164550781, 1600677214.2553298473, 34.105876922607421875
1600677214.2673299313, 1.8917117118835449219, 1600677214.2863299847, 3.1082882881164550781, 1600677214.2863299847, 34.105876922607421875
1600677214.2983300686, 1.8241505622863769531, 1600677214.3173298836, 3.1758494377136230469, 1600677214.3173298836, 34.0954132080078125
1600677214.3293299675, 1.8917117118835449219, 1600677214.3483300209, 3.1082882881164550781, 1600677214.3483300209, 34.0954132080078125
1600677214.3603298664, 1.8917117118835449219, 1600677214.3793299198, 3.1082882881164550781, 1600677214.3793299198, 34.0954132080078125
1600677214.4243299961, 1.8526529073715209961, 1600677214.444329977, 3.1473469734191894531, 1600677214.444329977, 33.841861724853515625
1600677214.455329895, 1.8526529073715209961, 1600677214.4753298759, 3.1473469734191894531, 1600677214.4753298759, 33.841861724853515625
1600677214.4863300323, 1.9202140569686889648, 1600677214.5063300133, 3.0797858238220214844, 1600677214.5063300133, 33.841861724853515625
1600677214.5173299313, 1.9202140569686889648, 1600677214.5373299122, 3.0797858238220214844, 1600677214.5373299122, 33.841861724853515625
1600677214.5493299961, 1.8526529073715209961, 1600677214.5683300495, 3.1473469734191894531, 1600677214.5683300495, 33.8733367919921875
1600677214.580329895, 1.8526529073715209961, 1600677214.5993299484, 3.1473469734191894531, 1600677214.5993299484, 33.8733367919921875
1600677214.6113300323, 1.8526529073715209961, 1600677214.6303298473, 3.1473469734191894531, 1600677214.6303298473, 33.8733367919921875
1600677214.6423299313, 1.8526529073715209961, 1600677214.6613299847, 3.1473469734191894531, 1600677214.6613299847, 33.8733367919921875
1600677214.6733300686, 1.8526529073715209961, 1600677214.6923298836, 3.1473469734191894531, 1600677214.6923298836, 33.90480804443359375
1600677214.7043299675, 1.8526529073715209961, 1600677214.7233300209, 3.1473469734191894531, 1600677214.7233300209, 33.90480804443359375
1600677214.7353298664, 1.8241505622863769531, 1600677214.7543299198, 3.1758494377136230469, 1600677214.7543299198, 33.90480804443359375
1600677214.7663300037, 1.8241505622863769531, 1600677214.7853300571, 3.1758494377136230469, 1600677214.7853300571, 33.90480804443359375
1600677214.7973299026, 1.8178167343139648438, 1600677214.8163299561, 3.1821832656860351563, 1600677214.8163299561, 34.284992218017578125
1600677214.82833004, 1.750255584716796875, 1600677214.847329855, 3.249744415283203125, 1600677214.847329855, 34.284992218017578125
1600677214.8593299389, 1.8178167343139648438, 1600677214.8783299923, 3.1821832656860351563, 1600677214.8783299923, 34.284992218017578125
1600677214.8903300762, 1.8178167343139648438, 1600677214.9093298912, 3.1821832656860351563, 1600677214.9093298912, 34.284992218017578125
1600677214.9213299751, 1.8178167343139648438, 1600677214.9403300285, 3.1821832656860351563, 1600677214.9403300285, 34.316814422607421875
1600677214.952329874, 1.8178167343139648438, 1600677214.9713299274, 3.1821832656860351563, 1600677214.9713299274, 34.316814422607421875
1600677214.9833300114, 1.8178167343139648438, 1600677215.0023300648, 3.1821832656860351563, 1600677215.0023300648, 34.316814422607421875
1600677215.0143299103, 1.8178167343139648438, 1600677215.0333299637, 3.1821832656860351563, 1600677215.0333299637, 34.316814422607421875
1600677215.0453300476, 1.8853778839111328125, 1600677215.0643298626, 3.1146221160888671875, 1600677215.0643298626, 33.6723480224609375
1600677215.0763299465, 1.8178167343139648438, 1600677215.0953299999, 3.1821832656860351563, 1600677215.0953299999, 33.6723480224609375
1600677215.1073300838, 1.8241505622863769531, 1600677215.1263298988, 3.1758494377136230469, 1600677215.1263298988, 33.6723480224609375
1600677215.1413300037, 1.8738279342651367188, 1600677215.1613299847, 3.1261720657348632813, 1600677215.1613299847, 33.6723480224609375
1600677215.1733300686, 1.8738279342651367188, 1600677215.1923298836, 3.1261720657348632813, 1600677215.1923298836, 33.819110870361328125
1600677215.2043299675, 1.80626678466796875, 1600677215.2233300209, 3.19373321533203125, 1600677215.2233300209, 33.819110870361328125
1600677215.2353298664, 1.80626678466796875, 1600677215.2543299198, 3.19373321533203125, 1600677215.2543299198, 33.819110870361328125
1600677215.2663300037, 1.8738279342651367188, 1600677215.2853300571, 3.1261720657348632813, 1600677215.2853300571, 33.819110870361328125
1600677215.2973299026, 1.80626678466796875, 1600677215.3163299561, 3.19373321533203125, 1600677215.3163299561, 34.526660919189453125
1600677215.32833004, 1.80626678466796875, 1600677215.347329855, 3.19373321533203125, 1600677215.347329855, 34.526660919189453125
1600677215.3593299389, 1.80626678466796875, 1600677215.3783299923, 3.19373321533203125, 1600677215.3783299923, 34.526660919189453125
1600677215.3903300762, 1.8738279342651367188, 1600677215.4093298912, 3.1261720657348632813, 1600677215.4093298912, 34.526660919189453125
1600677215.4213299751, 1.8020441532135009766, 1600677215.4403300285, 3.1979558467864990234, 1600677215.4403300285, 34.600864410400390625
1600677215.452329874, 1.8199280500411987305, 1600677215.4713299274, 3.1800720691680908203, 1600677215.4713299274, 34.600864410400390625
1600677215.4833300114, 1.8199280500411987305, 1600677215.5023300648, 3.1800720691680908203, 1600677215.5023300648, 34.600864410400390625
1600677215.5143299103, 1.8874890804290771484, 1600677215.5333299637, 3.1125109195709228516, 1600677215.5333299637, 34.600864410400390625
1600677215.5453300476, 1.8874890804290771484, 1600677215.5643298626, 3.1125109195709228516, 1600677215.5643298626, 33.777538299560546875
1600677215.5763299465, 1.8199280500411987305, 1600677215.5953299999, 3.1800720691680908203, 1600677215.5953299999, 33.777538299560546875
1600677215.6073300838, 1.8874890804290771484, 1600677215.6263298988, 3.1125109195709228516, 1600677215.6263298988, 33.777538299560546875
1600677215.6383299828, 1.8874890804290771484, 1600677215.6573300362, 3.1125109195709228516, 1600677215.6573300362, 33.777538299560546875
1600677215.6693298817, 1.8199280500411987305, 1600677215.6883299351, 3.1800720691680908203, 1600677215.6883299351, 34.484951019287109375
1600677215.7013299465, 1.8135941028594970703, 1600677215.7203299999, 3.1864058971405029297, 1600677215.7203299999, 34.484951019287109375
1600677215.7323079109, 1.8853778839111328125, 1600677215.7513079643, 3.1146221160888671875, 1600677215.7513079643, 34.484951019287109375
1600677215.7633080482, 1.8853778839111328125, 1600677215.7833080292, 3.1146221160888671875, 1600677215.7833080292, 34.484951019287109375
1600677215.7953081131, 1.8853778839111328125, 1600677215.8143079281, 3.1146221160888671875, 1600677215.8143079281, 33.861598968505859375
1600677215.8253080845, 1.8178167343139648438, 1600677215.8453080654, 3.1821832656860351563, 1600677215.8453080654, 33.861598968505859375
1600677215.8563079834, 1.750255584716796875, 1600677215.8763079643, 3.249744415283203125, 1600677215.8763079643, 33.861598968505859375
1600677215.8873081207, 1.8178167343139648438, 1600677215.9073081017, 3.1821832656860351563, 1600677215.9073081017, 33.861598968505859375
1600677215.9193079472, 1.8178167343139648438, 1600677215.9383080006, 3.1821832656860351563, 1600677215.9383080006, 34.569034576416015625
1600677215.9503080845, 1.750255584716796875, 1600677215.9693078995, 3.249744415283203125, 1600677215.9693078995, 34.569034576416015625
1600677215.9813079834, 1.8178167343139648438, 1600677216.0003080368, 3.1821832656860351563, 1600677216.0003080368, 34.569034576416015625
1600677216.0123081207, 1.8241505622863769531, 1600677216.0313079357, 3.1758494377136230469, 1600677216.0313079357, 34.569034576416015625
1600677216.0433080196, 1.8241505622863769531, 1600677216.062308073, 3.1758494377136230469, 1600677216.062308073, 34.53745269775390625
1600677216.0743079185, 1.8241505622863769531, 1600677216.093307972, 3.1758494377136230469, 1600677216.093307972, 34.53745269775390625
1600677216.1053080559, 1.7565894126892089844, 1600677216.1243081093, 3.2434105873107910156, 1600677216.1243081093, 34.53745269775390625
1600677216.1363079548, 1.8178167343139648438, 1600677216.1553080082, 3.1821832656860351563, 1600677216.1553080082, 34.53745269775390625
1600677216.1673080921, 1.8853778839111328125, 1600677216.1863079071, 3.1146221160888671875, 1600677216.1863079071, 33.956325531005859375
1600677216.198307991, 1.8853778839111328125, 1600677216.2173080444, 3.1146221160888671875, 1600677216.2173080444, 33.956325531005859375
1600677216.2293081284, 1.8178167343139648438, 1600677216.2483079433, 3.1821832656860351563, 1600677216.2483079433, 33.956325531005859375
1600677216.2603080273, 1.8853778839111328125, 1600677216.2793080807, 3.1146221160888671875, 1600677216.2793080807, 33.956325531005859375
1600677216.2913079262, 1.8853778839111328125, 1600677216.3103079796, 3.1146221160888671875, 1600677216.3103079796, 33.9874725341796875
1600677216.3223080635, 1.8853778839111328125, 1600677216.3413081169, 3.1146221160888671875, 1600677216.3413081169, 33.9874725341796875
1600677216.3533079624, 1.8178167343139648438, 1600677216.3723080158, 3.1821832656860351563, 1600677216.3723080158, 33.9874725341796875
1600677216.3843080997, 1.8178167343139648438, 1600677216.4033079147, 3.1821832656860351563, 1600677216.4033079147, 33.9874725341796875
1600677216.4153079987, 1.8853778839111328125, 1600677216.4343080521, 3.1146221160888671875, 1600677216.4343080521, 34.018619537353515625
1600677216.4793081284, 1.8526529073715209961, 1600677216.4983079433, 3.1473469734191894531, 1600677216.4983079433, 34.018619537353515625
1600677216.5103080273, 1.8526529073715209961, 1600677216.5293080807, 3.1473469734191894531, 1600677216.5293080807, 34.018619537353515625
1600677216.5413079262, 1.8526529073715209961, 1600677216.5603079796, 3.1473469734191894531, 1600677216.5603079796, 34.37734222412109375
1600677216.5723080635, 1.9202140569686889648, 1600677216.5913081169, 3.0797858238220214844, 1600677216.5913081169, 34.37734222412109375
1600677216.6033079624, 1.9202140569686889648, 1600677216.6223080158, 3.0797858238220214844, 1600677216.6223080158, 34.37734222412109375
1600677216.6343080997, 1.8526529073715209961, 1600677216.6543080807, 3.1473469734191894531, 1600677216.6543080807, 34.37734222412109375
1600677216.6663079262, 1.8526529073715209961, 1600677216.6853079796, 3.1473469734191894531, 1600677216.6853079796, 34.4088134765625
1600677216.6963078976, 1.9202140569686889648, 1600677216.7163081169, 3.0797858238220214844, 1600677216.7163081169, 34.4088134765625
1600677216.7273080349, 1.9202140569686889648, 1600677216.7473080158, 3.0797858238220214844, 1600677216.7473080158, 34.4088134765625
1600677216.7583079338, 1.9202140569686889648, 1600677216.7783079147, 3.0797858238220214844, 1600677216.7783079147, 34.4088134765625
1600677216.7903079987, 1.8917117118835449219, 1600677216.8093080521, 3.1082882881164550781, 1600677216.8093080521, 34.04930877685546875
1600677216.8213078976, 1.8917117118835449219, 1600677216.840307951, 3.1082882881164550781, 1600677216.840307951, 34.04930877685546875
1600677216.8523080349, 1.8917117118835449219, 1600677216.8713080883, 3.1082882881164550781, 1600677216.8713080883, 34.04930877685546875
1600677216.8833079338, 1.8917117118835449219, 1600677216.9023079872, 3.1082882881164550781, 1600677216.9023079872, 34.04930877685546875
1600677216.9143080711, 1.8241505622863769531, 1600677216.9333081245, 3.1758494377136230469, 1600677216.9333081245, 34.756679534912109375
1600677216.94530797, 1.8917117118835449219, 1600677216.9643080235, 3.1082882881164550781, 1600677216.9643080235, 34.756679534912109375
1600677216.9763081074, 1.8917117118835449219, 1600677216.9953079224, 3.1082882881164550781, 1600677216.9953079224, 34.756679534912109375
1600677217.0073080063, 1.8853778839111328125, 1600677217.0263080597, 3.1146221160888671875, 1600677217.0263080597, 34.756679534912109375
1600677217.0383079052, 1.8178167343139648438, 1600677217.0573079586, 3.1821832656860351563, 1600677217.0573079586, 34.851840972900390625
1600677217.0693080425, 1.750255584716796875, 1600677217.0883080959, 3.249744415283203125, 1600677217.0883080959, 34.851840972900390625
1600677217.1003079414, 1.8178167343139648438, 1600677217.1193079948, 3.1821832656860351563, 1600677217.1193079948, 34.851840972900390625
1600677217.1313080788, 1.8178167343139648438, 1600677217.1503078938, 3.1821832656860351563, 1600677217.1503078938, 34.851840972900390625
1600677217.1623079777, 1.8178167343139648438, 1600677217.1813080311, 3.1821832656860351563, 1600677217.1813080311, 34.883663177490234375
1600677217.193308115, 1.750255584716796875, 1600677217.21230793, 3.249744415283203125, 1600677217.21230793, 34.883663177490234375
1600677217.2243080139, 1.8178167343139648438, 1600677217.2433080673, 3.1821832656860351563, 1600677217.2433080673, 34.883663177490234375
1600677217.2553079128, 1.8178167343139648438, 1600677217.2743079662, 3.1821832656860351563, 1600677217.2743079662, 34.883663177490234375
1600677217.2863080502, 1.8178167343139648438, 1600677217.3053081036, 3.1821832656860351563, 1600677217.3053081036, 34.915485382080078125
1600677217.3173079491, 1.7565894126892089844, 1600677217.3363080025, 3.2434105873107910156, 1600677217.3363080025, 34.915485382080078125
1600677217.3483080864, 1.8241505622863769531, 1600677217.3673079014, 3.1758494377136230469, 1600677217.3673079014, 34.915485382080078125
1600677217.3793079853, 1.8917117118835449219, 1600677217.3983080387, 3.1082882881164550781, 1600677217.3983080387, 34.915485382080078125
1600677217.4103081226, 1.8917117118835449219, 1600677217.4293079376, 3.1082882881164550781, 1600677217.4293079376, 34.20761871337890625
1600677217.4413080215, 1.8241505622863769531, 1600677217.460308075, 3.1758494377136230469, 1600677217.460308075, 34.20761871337890625
1600677217.4723079205, 1.8241505622863769531, 1600677217.4913079739, 3.1758494377136230469, 1600677217.4913079739, 34.20761871337890625
1600677217.5033080578, 1.8917117118835449219, 1600677217.5223081112, 3.1082882881164550781, 1600677217.5223081112, 34.20761871337890625
1600677217.5343079567, 1.8917117118835449219, 1600677217.5533080101, 3.1082882881164550781, 1600677217.5533080101, 34.23870086669921875
1600677217.565308094, 1.8241505622863769531, 1600677217.584307909, 3.1758494377136230469, 1600677217.584307909, 34.23870086669921875
1600677217.5963079929, 1.7565894126892089844, 1600677217.6153080463, 3.2434105873107910156, 1600677217.6153080463, 34.23870086669921875
1600677217.6273081303, 1.8241505622863769531, 1600677217.6463079453, 3.1758494377136230469, 1600677217.6463079453, 34.23870086669921875
1600677217.6583080292, 1.8241505622863769531, 1600677217.6773080826, 3.1758494377136230469, 1600677217.6773080826, 34.94606781005859375
1600677217.6893079281, 1.7565894126892089844, 1600677217.7083079815, 3.2434105873107910156, 1600677217.7083079815, 34.94606781005859375
1600677217.7203080654, 1.7565894126892089844, 1600677217.7393081188, 3.2434105873107910156, 1600677217.7393081188, 34.94606781005859375
1600677217.7513079643, 1.8241505622863769531, 1600677217.7703080177, 3.1758494377136230469, 1600677217.7703080177, 34.94606781005859375
1600677217.7823081017, 1.8241505622863769531, 1600677217.8023080826, 3.1758494377136230469, 1600677217.8023080826, 34.9778289794921875
1600677217.8133080006, 1.8241505622863769531, 1600677217.8333079815, 3.1758494377136230469, 1600677217.8333079815, 34.9778289794921875
1600677217.8443078995, 1.7565894126892089844, 1600677217.8643081188, 3.2434105873107910156, 1600677217.8643081188, 34.9778289794921875
1600677217.8753080368, 1.8241505622863769531, 1600677217.8953080177, 3.1758494377136230469, 1600677217.8953080177, 34.9778289794921875
1600677217.9073081017, 1.8917117118835449219, 1600677217.9263079166, 3.1082882881164550781, 1600677217.9263079166, 34.3332977294921875
1600677217.937308073, 1.8917117118835449219, 1600677217.957308054, 3.1082882881164550781, 1600677217.957308054, 34.3332977294921875
1600677217.9693078995, 1.8241505622863769531, 1600677217.9883079529, 3.1758494377136230469, 1600677217.9883079529, 34.3332977294921875
1600677218.0003080368, 1.8917117118835449219, 1600677218.0193080902, 3.1082882881164550781, 1600677218.0193080902, 34.3332977294921875
1600677218.0313079357, 1.8917117118835449219, 1600677218.0503079891, 3.1082882881164550781, 1600677218.0503079891, 34.364383697509765625
1600677218.062308073, 1.8917117118835449219, 1600677218.0813081264, 3.1082882881164550781, 1600677218.0813081264, 34.364383697509765625
1600677218.093307972, 1.8241505622863769531, 1600677218.1123080254, 3.1758494377136230469, 1600677218.1123080254, 34.364383697509765625
1600677218.1243081093, 1.8241505622863769531, 1600677218.1433079243, 3.1758494377136230469, 1600677218.1433079243, 34.364383697509765625
1600677218.1553080082, 1.8917117118835449219, 1600677218.1743080616, 3.1082882881164550781, 1600677218.1743080616, 34.395465850830078125
1600677218.1863079071, 1.8853778839111328125, 1600677218.2053079605, 3.1146221160888671875, 1600677218.2053079605, 34.395465850830078125
1600677218.218307972, 1.8135941028594970703, 1600677218.2373080254, 3.1864058971405029297, 1600677218.2373080254, 34.395465850830078125
1600677218.2493081093, 1.8135941028594970703, 1600677218.2683079243, 3.1864058971405029297, 1600677218.2683079243, 34.395465850830078125
1600677218.2798249722, 1.8811552524566650391, 1600677218.2988250256, 3.1188447475433349609, 1600677218.2988250256, 34.53221893310546875
1600677218.3108248711, 1.8811552524566650391, 1600677218.3298249245, 3.1188447475433349609, 1600677218.3298249245, 34.53221893310546875
1600677218.3418250084, 1.8135941028594970703, 1600677218.3608248234, 3.1864058971405029297, 1600677218.3608248234, 34.53221893310546875
1600677218.3728249073, 1.8135941028594970703, 1600677218.3918249607, 3.1864058971405029297, 1600677218.3918249607, 34.53221893310546875
1600677218.4038250446, 1.8811552524566650391, 1600677218.4228248596, 3.1188447475433349609, 1600677218.4228248596, 34.56340789794921875
1600677218.4348249435, 1.8811552524566650391, 1600677218.4538249969, 3.1188447475433349609, 1600677218.4538249969, 34.56340789794921875
1600677218.4658248425, 1.8811552524566650391, 1600677218.4848248959, 3.1188447475433349609, 1600677218.4848248959, 34.56340789794921875
1600677218.5308248997, 1.8484303951263427734, 1600677218.5498249531, 3.1515696048736572266, 1600677218.5498249531, 34.92217254638671875
1600677218.561825037, 1.9202140569686889648, 1600677218.580824852, 3.0797858238220214844, 1600677218.580824852, 34.92217254638671875
1600677218.5928249359, 1.9138802289962768555, 1600677218.6118249893, 3.0861198902130126953, 1600677218.6118249893, 34.92217254638671875
1600677218.6238248348, 1.8463190793991088867, 1600677218.6428248882, 3.1536810398101806641, 1600677218.6428248882, 34.92217254638671875
1600677218.6548249722, 1.8463190793991088867, 1600677218.6738250256, -1.8463190793991088867, 1600677218.6738250256, -15.075179100036621094
1600677218.6858248711, 1.778757929801940918, 1600677218.7048249245, -1.778757929801940918, 1600677218.7048249245, -15.075179100036621094
1600677218.7168250084, 1.5085134506225585938, 1600677218.7358248234, -1.5085134506225585938, 1600677218.7358248234, -15.075179100036621094
1600677218.7478249073, 1.3058300018310546875, 1600677218.7668249607, -1.3058300018310546875, 1600677218.7668249607, -15.075179100036621094
1600677218.7788250446, 1.103146672248840332, 1600677218.7978248596, -1.103146672248840332, 1600677218.7978248596, -7.6544857025146484375
1600677218.8098249435, 0.90046322345733642578, 1600677218.8288249969, -0.90046322345733642578, 1600677218.8288249969, -7.6544857025146484375
1600677218.8408248425, 0.73683857917785644531, 1600677218.8598248959, -0.73683857917785644531, 1600677218.8598248959, -7.6544857025146484375
1600677218.8718249798, 0.53415518999099731445, 1600677218.8908250332, -0.53415518999099731445, 1600677218.8908250332, -7.6544857025146484375
1600677218.9028248787, 0.33780565857887268066, 1600677218.9218249321, -0.33780565857887268066, 1600677218.9218249321, -0.0044543296098709106445
1600677218.933825016, 0.20268340408802032471, 1600677218.952824831, -0.20268340408802032471, 1600677218.952824831, -0.0044543296098709106445
1600677218.9648249149, 4.4408920985006261617e-16, 1600677218.9838249683, -4.4408920985006261617e-16, 1600677218.9838249683, -0.0044543296098709106445
1600677218.9958250523, -0.067561134696006774902, 1600677219.0148248672, 0.067561134696006774902, 1600677219.0148248672, -0.0044543296098709106445
1600677219.0268249512, 4.4408920985006261617e-16, 1600677219.0458250046, -4.4408920985006261617e-16, 1600677219.0458250046, 3.3736023902893066406
1600677219.0578248501, 4.4408920985006261617e-16, 1600677219.0768249035, -4.4408920985006261617e-16, 1600677219.0768249035, 3.3736023902893066406
1600677219.0888249874, 4.4408920985006261617e-16, 1600677219.1078250408, -4.4408920985006261617e-16, 1600677219.1078250408, 3.3736023902893066406
1600677219.1198248863, 4.4408920985006261617e-16, 1600677219.1388249397, -4.4408920985006261617e-16, 1600677219.1388249397, 3.3736023902893066406
1600677219.1508250237, 4.4408920985006261617e-16, 1600677219.1698248386, -4.4408920985006261617e-16, 1600677219.1698248386, 3.3736023902893066406
1600677219.1818249226, 4.4408920985006261617e-16, 1600677219.200824976, -4.4408920985006261617e-16, 1600677219.200824976, 3.3736023902893066406
1600677219.2128248215, 4.4408920985006261617e-16, 1600677219.2318248749, -4.4408920985006261617e-16, 1600677219.2318248749, 3.3736023902893066406
1600677219.2438249588, 4.4408920985006261617e-16, 1600677219.2628250122, -4.4408920985006261617e-16, 1600677219.2628250122, 3.3736023902893066406
1600677219.2748248577, 4.4408920985006261617e-16, 1600677219.2938249111, -4.4408920985006261617e-16, 1600677219.2938249111, 3.3736023902893066406
1600677219.305824995, 4.4408920985006261617e-16, 1600677219.3248250484, -4.4408920985006261617e-16, 1600677219.3248250484, 3.3736023902893066406
1600677219.336824894, 4.4408920985006261617e-16, 1600677219.3558249474, -4.4408920985006261617e-16, 1600677219.3558249474, 3.3736023902893066406
1600677219.3678250313, 4.4408920985006261617e-16, 1600677219.3878250122, -4.4408920985006261617e-16, 1600677219.3878250122, 3.3736023902893066406
1600677219.3988249302, 4.4408920985006261617e-16, 1600677219.4188249111, -4.4408920985006261617e-16, 1600677219.4188249111, 3.3736023902893066406
1600677219.4298248291, 4.4408920985006261617e-16, 1600677219.4498250484, -4.4408920985006261617e-16, 1600677219.4498250484, 3.3736023902893066406
1600677219.4608249664, 4.4408920985006261617e-16, 1600677219.4808249474, -4.4408920985006261617e-16, 1600677219.4808249474, 3.3736023902893066406
1600677219.4918248653, 4.4408920985006261617e-16, 1600677219.5118248463, -4.4408920985006261617e-16, 1600677219.5118248463, 3.3736023902893066406
1600677219.5238249302, 4.4408920985006261617e-16, 1600677219.5428249836, -4.4408920985006261617e-16, 1600677219.5428249836, 3.3736023902893066406
1600677219.5538249016, 4.4408920985006261617e-16, 1600677219.5738248825, -4.4408920985006261617e-16, 1600677219.5738248825, 3.3736023902893066406
1600677219.5848250389, 4.4408920985006261617e-16, 1600677219.6048250198, -4.4408920985006261617e-16, 1600677219.6048250198, 3.3736023902893066406
1600677219.6168248653, 4.4408920985006261617e-16, 1600677219.6358249187, -4.4408920985006261617e-16, 1600677219.6358249187, 3.3736023902893066406
1600677219.6478250027, 4.4408920985006261617e-16, 1600677219.6668248177, -4.4408920985006261617e-16, 1600677219.6668248177, 3.3736023902893066406
1600677219.6788249016, 4.4408920985006261617e-16, 1600677219.697824955, -4.4408920985006261617e-16, 1600677219.697824955, 3.3736023902893066406
1600677219.7098250389, 4.4408920985006261617e-16, 1600677219.7288248539, -4.4408920985006261617e-16, 1600677219.7288248539, 3.3736023902893066406
1600677219.7408249378, 4.4408920985006261617e-16, 1600677219.7598249912, -4.4408920985006261617e-16, 1600677219.7598249912, 3.3736023902893066406
1600677219.7718248367, 4.4408920985006261617e-16, 1600677219.7908248901, -4.4408920985006261617e-16, 1600677219.7908248901, 3.3736023902893066406
1600677219.8028249741, 4.4408920985006261617e-16, 1600677219.8218250275, -4.4408920985006261617e-16, 1600677219.8218250275, 3.3736023902893066406
1600677219.833824873, 4.4408920985006261617e-16, 1600677219.8528249264, -4.4408920985006261617e-16, 1600677219.8528249264, 3.3736023902893066406
1600677219.8648250103, 4.4408920985006261617e-16, 1600677219.8838248253, -4.4408920985006261617e-16, 1600677219.8838248253, 3.3736023902893066406
1600677219.8958249092, 4.4408920985006261617e-16, 1600677219.9148249626, -4.4408920985006261617e-16, 1600677219.9148249626, 3.3736023902893066406
1600677219.9268250465, 4.4408920985006261617e-16, 1600677219.9458248615, -4.4408920985006261617e-16, 1600677219.9458248615, 3.3736023902893066406
1600677219.9578249454, 4.4408920985006261617e-16, 1600677219.9768249989, -4.4408920985006261617e-16, 1600677219.9768249989, 3.3736023902893066406
1600677219.9888248444, 4.4408920985006261617e-16, 1600677220.0078248978, -4.4408920985006261617e-16, 1600677220.0078248978, 3.3736023902893066406
1600677220.0198249817, 4.4408920985006261617e-16, 1600677220.0388250351, -4.4408920985006261617e-16, 1600677220.0388250351, 3.3736023902893066406
1600677220.0508248806, 4.4408920985006261617e-16, 1600677220.069824934, -4.4408920985006261617e-16, 1600677220.069824934, 3.3736023902893066406
1600677220.0818250179, 4.4408920985006261617e-16, 1600677220.1008248329, -4.4408920985006261617e-16, 1600677220.1008248329, 3.3736023902893066406
1600677220.1128249168, 4.4408920985006261617e-16, 1600677220.1318249702, -4.4408920985006261617e-16, 1600677220.1318249702, 3.3736023902893066406
1600677220.1478250027, 4.4408920985006261617e-16, 1600677220.1668248177, -4.4408920985006261617e-16, 1600677220.1668248177, 3.3736023902893066406
1600677220.1778249741, 4.4408920985006261617e-16, 1600677220.197824955, -4.4408920985006261617e-16, 1600677220.197824955, 3.3736023902893066406
1600677220.208824873, 4.4408920985006261617e-16, 1600677220.2288248539, -4.4408920985006261617e-16, 1600677220.2288248539, 3.3736023902893066406
1600677220.2408249378, 4.4408920985006261617e-16, 1600677220.2598249912, -4.4408920985006261617e-16, 1600677220.2598249912, 3.3736023902893066406
1600677220.2718248367, 4.4408920985006261617e-16, 1600677220.2908248901, -4.4408920985006261617e-16, 1600677220.2908248901, 3.3736023902893066406
1600677220.3028249741, 4.4408920985006261617e-16, 1600677220.3218250275, -4.4408920985006261617e-16, 1600677220.3218250275, 3.3736023902893066406
1600677220.333824873, 4.4408920985006261617e-16, 1600677220.3528249264, -4.4408920985006261617e-16, 1600677220.3528249264, 3.3736023902893066406
1600677220.3648250103, 4.4408920985006261617e-16, 1600677220.3838248253, -4.4408920985006261617e-16, 1600677220.3838248253, 3.3736023902893066406
1600677220.3958249092, 4.4408920985006261617e-16, 1600677220.4148249626, -4.4408920985006261617e-16, 1600677220.4148249626, 3.3736023902893066406
1600677220.4268250465, 4.4408920985006261617e-16, 1600677220.4458248615, -4.4408920985006261617e-16, 1600677220.4458248615, 3.3736023902893066406
1600677220.4578249454, 4.4408920985006261617e-16, 1600677220.4768249989, -4.4408920985006261617e-16, 1600677220.4768249989, 3.3736023902893066406
1600677220.4888248444, 4.4408920985006261617e-16, 1600677220.5078248978, -4.4408920985006261617e-16, 1600677220.5078248978, 3.3736023902893066406
1600677220.5198249817, 4.4408920985006261617e-16, 1600677220.5388250351, -4.4408920985006261617e-16, 1600677220.5388250351, 3.3736023902893066406
1600677220.583824873, 4.4408920985006261617e-16, 1600677220.6028249264, -4.4408920985006261617e-16, 1600677220.6028249264, 3.3736023902893066406
1600677220.6148250103, 4.4408920985006261617e-16, 1600677220.6338248253, -4.4408920985006261617e-16, 1600677220.6338248253, 3.3736023902893066406
1600677220.6458249092, 4.4408920985006261617e-16, 1600677220.6648249626, -4.4408920985006261617e-16, 1600677220.6648249626, 3.3736023902893066406
1600677220.6768250465, 4.4408920985006261617e-16, 1600677220.6958248615, -4.4408920985006261617e-16, 1600677220.6958248615, 3.3736023902893066406
1600677220.7078249454, 4.4408920985006261617e-16, 1600677220.7268249989, -4.4408920985006261617e-16, 1600677220.7268249989, 3.3736023902893066406
1600677220.7408249378, 4.4408920985006261617e-16, 1600677220.7598249912, -4.4408920985006261617e-16, 1600677220.7598249912, 3.3736023902893066406
1600677220.7718248367, 4.4408920985006261617e-16, 1600677220.7908248901, -4.4408920985006261617e-16, 1600677220.7908248901, 3.3736023902893066406
1600677220.803071022, 4.4408920985006261617e-16, 1600677220.8220710754, -4.4408920985006261617e-16, 1600677220.8220710754, 3.3736023902893066406
1600677220.8340711594, 4.4408920985006261617e-16, 1600677220.8530709743, -4.4408920985006261617e-16, 1600677220.8530709743, 3.3736023902893066406
1600677220.8650710583, 4.4408920985006261617e-16, 1600677220.8840711117, -4.4408920985006261617e-16, 1600677220.8840711117, 3.3736023902893066406
1600677220.8960709572, 4.4408920985006261617e-16, 1600677220.9150710106, -4.4408920985006261617e-16, 1600677220.9150710106, 3.3736023902893066406
1600677220.9270710945, 4.4408920985006261617e-16, 1600677220.9460711479, -4.4408920985006261617e-16, 1600677220.9460711479, 3.3736023902893066406
1600677220.9580709934, 4.4408920985006261617e-16, 1600677220.9770710468, -4.4408920985006261617e-16, 1600677220.9770710468, 3.3736023902893066406
1600677220.9890711308, 4.4408920985006261617e-16, 1600677221.0080709457, -4.4408920985006261617e-16, 1600677221.0080709457, 3.3736023902893066406
1600677221.0200710297, 4.4408920985006261617e-16, 1600677221.0390710831, -4.4408920985006261617e-16, 1600677221.0390710831, 3.3736023902893066406
1600677221.051071167, 4.4408920985006261617e-16, 1600677221.070070982, -4.4408920985006261617e-16, 1600677221.070070982, 3.3736023902893066406
1600677221.0820710659, 4.4408920985006261617e-16, 1600677221.1010711193, -4.4408920985006261617e-16, 1600677221.1010711193, 3.3736023902893066406
1600677221.1130709648, 4.4408920985006261617e-16, 1600677221.1320710182, -4.4408920985006261617e-16, 1600677221.1320710182, 3.3736023902893066406
1600677221.1440711021, 4.4408920985006261617e-16, 1600677221.1630711555, -4.4408920985006261617e-16, 1600677221.1630711555, 3.3736023902893066406
1600677221.1750710011, 4.4408920985006261617e-16, 1600677221.1940710545, -4.4408920985006261617e-16, 1600677221.1940710545, 3.3736023902893066406
1600677221.2060711384, 4.4408920985006261617e-16, 1600677221.2250709534, -4.4408920985006261617e-16, 1600677221.2250709534, 3.3736023902893066406
1600677221.2370710373, 4.4408920985006261617e-16, 1600677221.2560710907, -4.4408920985006261617e-16, 1600677221.2560710907, 3.3736023902893066406
1600677221.2680711746, 4.4408920985006261617e-16, 1600677221.2870709896, -4.4408920985006261617e-16, 1600677221.2870709896, 3.3736023902893066406
1600677221.2990710735, 4.4408920985006261617e-16, 1600677221.3180711269, -4.4408920985006261617e-16, 1600677221.3180711269, 3.3736023902893066406
1600677221.3300709724, 4.4408920985006261617e-16, 1600677221.3490710258, -4.4408920985006261617e-16, 1600677221.3490710258, 3.3736023902893066406
1600677221.3610711098, 4.4408920985006261617e-16, 1600677221.3800711632, -4.4408920985006261617e-16, 1600677221.3800711632, 3.3736023902893066406
1600677221.3920710087, 4.4408920985006261617e-16, 1600677221.4110710621, -4.4408920985006261617e-16, 1600677221.4110710621, 3.3736023902893066406
1600677221.423071146, 4.4408920985006261617e-16, 1600677221.442070961, -4.4408920985006261617e-16, 1600677221.442070961, 3.3736023902893066406
1600677221.4540710449, 4.4408920985006261617e-16, 1600677221.4730710983, -4.4408920985006261617e-16, 1600677221.4730710983, 3.3736023902893066406
1600677221.4850709438, 4.4408920985006261617e-16, 1600677221.5040709972, -4.4408920985006261617e-16, 1600677221.5040709972, 3.3736023902893066406
1600677221.5160710812, 4.4408920985006261617e-16, 1600677221.5350711346, -4.4408920985006261617e-16, 1600677221.5350711346, 3.3736023902893066406
1600677221.5470709801, 4.4408920985006261617e-16, 1600677221.5660710335, -4.4408920985006261617e-16, 1600677221.5660710335, 3.3736023902893066406
1600677221.5780711174, 4.4408920985006261617e-16, 1600677221.5980710983, -4.4408920985006261617e-16, 1600677221.5980710983, 3.3736023902893066406
1600677221.6090710163, 4.4408920985006261617e-16, 1600677221.6290709972, -4.4408920985006261617e-16, 1600677221.6290709972, 3.3736023902893066406
1600677221.6400711536, 4.4408920985006261617e-16, 1600677221.6600711346, -4.4408920985006261617e-16, 1600677221.6600711346, 3.3736023902893066406
1600677221.6710710526, 4.4408920985006261617e-16, 1600677221.6910710335, -4.4408920985006261617e-16, 1600677221.6910710335, 3.3736023902893066406
1600677221.7020709515, 4.4408920985006261617e-16, 1600677221.7220711708, -4.4408920985006261617e-16, 1600677221.7220711708, 3.3736023902893066406
