# /joint_state/header/stamp, /joint_state/velocity/0, /pid_left_state/header/stamp, /pid_left_state/error, /pid_left_state/header/stamp, /pid_left_state/output
1600455959.4535441399, 1.7097434579227410723e-14, 1600455959.4725439548, -1.7097434579227410723e-14, 1600455959.4725439548, -8.5487172896137053613e-14
1600455959.4845440388, 1.7097434579227410723e-14, 1600455959.5035440922, -1.7097434579227410723e-14, 1600455959.5035440922, -8.5487172896137053613e-14
1600455959.5155439377, 1.7097434579227410723e-14, 1600455959.5345439911, -1.7097434579227410723e-14, 1600455959.5345439911, -8.5487172896137053613e-14
1600455959.546544075, 1.7097434579227410723e-14, 1600455959.5655441284, -1.7097434579227410723e-14, 1600455959.5655441284, -8.5487172896137053613e-14
1600455959.5775439739, 1.7097434579227410723e-14, 1600455959.5965440273, -1.7097434579227410723e-14, 1600455959.5965440273, -8.5487172896137053613e-14
1600455959.6085441113, 1.7097434579227410723e-14, 1600455959.6275441647, -1.7097434579227410723e-14, 1600455959.6275441647, -8.5487172896137053613e-14
1600455959.6395440102, 1.7097434579227410723e-14, 1600455959.6585440636, -1.7097434579227410723e-14, 1600455959.6585440636, -8.5487172896137053613e-14
1600455959.6705441475, 1.7097434579227410723e-14, 1600455959.6905441284, -1.7097434579227410723e-14, 1600455959.6905441284, -8.5487172896137053613e-14
1600455959.7015440464, 1.7097434579227410723e-14, 1600455959.7215440273, -1.7097434579227410723e-14, 1600455959.7215440273, -8.5487172896137053613e-14
1600455959.7325439453, 1.7097434579227410723e-14, 1600455959.7525441647, -1.7097434579227410723e-14, 1600455959.7525441647, -8.5487172896137053613e-14
1600455959.7635440826, 1.7097434579227410723e-14, 1600455959.7835440636, -1.7097434579227410723e-14, 1600455959.7835440636, -8.5487172896137053613e-14
1600455959.7945439816, 1.7097434579227410723e-14, 1600455959.8145439625, -1.7097434579227410723e-14, 1600455959.8145439625, -8.5487172896137053613e-14
1600455959.8255441189, 1.7097434579227410723e-14, 1600455959.8455440998, -1.7097434579227410723e-14, 1600455959.8455440998, -8.5487172896137053613e-14
1600455959.8565440178, 1.7097434579227410723e-14, 1600455959.8765439987, -1.7097434579227410723e-14, 1600455959.8765439987, -8.5487172896137053613e-14
1600455959.8885440826, 1.7097434579227410723e-14, 1600455959.907544136, -1.7097434579227410723e-14, 1600455959.907544136, -8.5487172896137053613e-14
1600455959.9195439816, 1.7097434579227410723e-14, 1600455959.938544035, -1.7097434579227410723e-14, 1600455959.938544035, -8.5487172896137053613e-14
1600455959.9505441189, 1.7097434579227410723e-14, 1600455959.9695439339, -1.7097434579227410723e-14, 1600455959.9695439339, -8.5487172896137053613e-14
1600455959.9815440178, 1.7097434579227410723e-14, 1600455960.0005440712, -1.7097434579227410723e-14, 1600455960.0005440712, -8.5487172896137053613e-14
1600455960.0125441551, 1.7097434579227410723e-14, 1600455960.0315439701, -1.7097434579227410723e-14, 1600455960.0315439701, -8.5487172896137053613e-14
1600455960.043544054, 1.7097434579227410723e-14, 1600455960.0625441074, -1.7097434579227410723e-14, 1600455960.0625441074, -8.5487172896137053613e-14
1600455960.0745439529, 1.7097434579227410723e-14, 1600455960.0935440063, -1.7097434579227410723e-14, 1600455960.0935440063, -8.5487172896137053613e-14
1600455960.1055440903, 1.7097434579227410723e-14, 1600455960.1245441437, -1.7097434579227410723e-14, 1600455960.1245441437, -8.5487172896137053613e-14
1600455960.1365439892, 1.7097434579227410723e-14, 1600455960.1555440426, -1.7097434579227410723e-14, 1600455960.1555440426, -8.5487172896137053613e-14
1600455960.1675441265, 1.7097434579227410723e-14, 1600455960.1865439415, -1.7097434579227410723e-14, 1600455960.1865439415, -8.5487172896137053613e-14
1600455960.1985440254, 1.7097434579227410723e-14, 1600455960.2175440788, -1.7097434579227410723e-14, 1600455960.2175440788, -8.5487172896137053613e-14
1600455960.2295441628, 1.7097434579227410723e-14, 1600455960.2485439777, -1.7097434579227410723e-14, 1600455960.2485439777, -8.5487172896137053613e-14
1600455960.2605440617, 1.7097434579227410723e-14, 1600455960.2795441151, -1.7097434579227410723e-14, 1600455960.2795441151, -8.5487172896137053613e-14
1600455960.3245439529, 1.7097434579227410723e-14, 1600455960.3435440063, -1.7097434579227410723e-14, 1600455960.3435440063, -8.5487172896137053613e-14
1600455960.3555440903, 1.7097434579227410723e-14, 1600455960.3745441437, -1.7097434579227410723e-14, 1600455960.3745441437, -8.5487172896137053613e-14
1600455960.3865439892, 1.7097434579227410723e-14, 1600455960.4055440426, -1.7097434579227410723e-14, 1600455960.4055440426, -8.5487172896137053613e-14
1600455960.4175441265, 1.7097434579227410723e-14, 1600455960.4365439415, -1.7097434579227410723e-14, 1600455960.4365439415, -8.5487172896137053613e-14
1600455960.4485440254, 1.7097434579227410723e-14, 1600455960.4675440788, -1.7097434579227410723e-14, 1600455960.4675440788, -8.5487172896137053613e-14
1600455960.4795441628, 1.7097434579227410723e-14, 1600455960.4985439777, -1.7097434579227410723e-14, 1600455960.4985439777, -8.5487172896137053613e-14
1600455960.5105440617, 1.7097434579227410723e-14, 1600455960.5295441151, -1.7097434579227410723e-14, 1600455960.5295441151, -8.5487172896137053613e-14
1600455960.5415439606, 1.7097434579227410723e-14, 1600455960.5615439415, -1.7097434579227410723e-14, 1600455960.5615439415, -8.5487172896137053613e-14
1600455960.5725440979, 1.7097434579227410723e-14, 1600455960.5925440788, -1.7097434579227410723e-14, 1600455960.5925440788, -8.5487172896137053613e-14
1600455960.6035439968, 1.7097434579227410723e-14, 1600455960.6235439777, -1.7097434579227410723e-14, 1600455960.6235439777, -8.5487172896137053613e-14
1600455960.6345441341, 1.7097434579227410723e-14, 1600455960.6545441151, -1.7097434579227410723e-14, 1600455960.6545441151, -8.5487172896137053613e-14
1600455960.6655440331, 1.7097434579227410723e-14, 1600455960.685544014, -1.7097434579227410723e-14, 1600455960.685544014, -8.5487172896137053613e-14
1600455960.6965441704, 1.7097434579227410723e-14, 1600455960.7165441513, -1.7097434579227410723e-14, 1600455960.7165441513, -8.5487172896137053613e-14
1600455960.7275440693, 1.7097434579227410723e-14, 1600455960.7475440502, -1.7097434579227410723e-14, 1600455960.7475440502, -8.5487172896137053613e-14
1600455960.7595441341, 1.7097434579227410723e-14, 1600455960.7785439491, -1.7097434579227410723e-14, 1600455960.7785439491, -8.5487172896137053613e-14
1600455960.7905440331, 1.7097434579227410723e-14, 1600455960.8095440865, -1.7097434579227410723e-14, 1600455960.8095440865, -8.5487172896137053613e-14
1600455960.8215441704, 1.7097434579227410723e-14, 1600455960.8405439854, -1.7097434579227410723e-14, 1600455960.8405439854, -8.5487172896137053613e-14
1600455960.8525440693, 1.7097434579227410723e-14, 1600455960.8715441227, -1.7097434579227410723e-14, 1600455960.8715441227, -8.5487172896137053613e-14
1600455960.8835439682, 1.7097434579227410723e-14, 1600455960.9025440216, -1.7097434579227410723e-14, 1600455960.9025440216, -8.5487172896137053613e-14
1600455960.9145441055, 1.7097434579227410723e-14, 1600455960.9335441589, -1.7097434579227410723e-14, 1600455960.9335441589, -8.5487172896137053613e-14
1600455960.9455440044, 1.7097434579227410723e-14, 1600455960.9645440578, -1.7097434579227410723e-14, 1600455960.9645440578, -8.5487172896137053613e-14
1600455960.9765441418, 1.7097434579227410723e-14, 1600455960.9955439568, -1.7097434579227410723e-14, 1600455960.9955439568, -8.5487172896137053613e-14
1600455961.0075440407, 1.7097434579227410723e-14, 1600455961.0265440941, -1.7097434579227410723e-14, 1600455961.0265440941, -8.5487172896137053613e-14
1600455961.0385439396, 1.7097434579227410723e-14, 1600455961.057543993, -1.7097434579227410723e-14, 1600455961.057543993, -8.5487172896137053613e-14
1600455961.0695440769, 1.7097434579227410723e-14, 1600455961.0885441303, -1.7097434579227410723e-14, 1600455961.0885441303, -8.5487172896137053613e-14
1600455961.1005439758, 1.7097434579227410723e-14, 1600455961.1195440292, -1.7097434579227410723e-14, 1600455961.1195440292, -8.5487172896137053613e-14
1600455961.1315441132, 1.7097434579227410723e-14, 1600455961.1505441666, -1.7097434579227410723e-14, 1600455961.1505441666, -8.5487172896137053613e-14
1600455961.1625440121, 1.7097434579227410723e-14, 1600455961.1815440655, -1.7097434579227410723e-14, 1600455961.1815440655, -8.5487172896137053613e-14
1600455961.1935441494, 1.7097434579227410723e-14, 1600455961.2125439644, -1.7097434579227410723e-14, 1600455961.2125439644, -8.5487172896137053613e-14
1600455961.2245440483, 1.7097434579227410723e-14, 1600455961.2435441017, -1.7097434579227410723e-14, 1600455961.2435441017, -8.5487172896137053613e-14
1600455961.2555439472, 1.7097434579227410723e-14, 1600455961.2745440006, -1.7097434579227410723e-14, 1600455961.2745440006, -8.5487172896137053613e-14
1600455961.2875440121, 1.7097434579227410723e-14, 1600455961.307543993, -1.7097434579227410723e-14, 1600455961.307543993, -8.5487172896137053613e-14
1600455961.3180158138, 1.7097434579227410723e-14, 1600455961.3380160332, -1.7097434579227410723e-14, 1600455961.3380160332, -8.5487172896137053613e-14
1600455961.3490159512, 1.7097434579227410723e-14, 1600455961.3690159321, -1.7097434579227410723e-14, 1600455961.3690159321, -8.5487172896137053613e-14
1600455961.3800158501, 1.7097434579227410723e-14, 1600455961.400015831, -1.7097434579227410723e-14, 1600455961.400015831, -8.5487172896137053613e-14
1600455961.4110159874, 1.7097434579227410723e-14, 1600455961.4310159683, -1.7097434579227410723e-14, 1600455961.4310159683, -8.5487172896137053613e-14
1600455961.4420158863, 1.7097434579227410723e-14, 1600455961.4620158672, -1.7097434579227410723e-14, 1600455961.4620158672, -8.5487172896137053613e-14
1600455961.4740159512, 1.7097434579227410723e-14, 1600455961.4930160046, 5, 1600455961.4930160046, -8.5487172896137053613e-14
1600455961.5050158501, 1.7097434579227410723e-14, 1600455961.5240159035, 5, 1600455961.5240159035, 25
1600455961.5360159874, 0.067561134696006774902, 1600455961.5550158024, 4.9324388504028320313, 1600455961.5550158024, 25
1600455961.5700159073, 0.067561134696006774902, 1600455961.5890159607, 4.9324388504028320313, 1600455961.5890159607, 25
1600455961.6010158062, 0.067561134696006774902, 1600455961.6200158596, 4.9324388504028320313, 1600455961.6200158596, 25
1600455961.6320159435, 0.067561134696006774902, 1600455961.6510159969, 4.9324388504028320313, 1600455961.6510159969, 24.662195205688476563
1600455961.6630158424, 0.067561134696006774902, 1600455961.6820158958, 4.9324388504028320313, 1600455961.6820158958, 24.662195205688476563
1600455961.6940159798, 0.067561134696006774902, 1600455961.7130160332, 4.9324388504028320313, 1600455961.7130160332, 24.662195205688476563
1600455961.7250158787, 0.067561134696006774902, 1600455961.7440159321, 4.9324388504028320313, 1600455961.7440159321, 24.662195205688476563
1600455961.756016016, 0.067561134696006774902, 1600455961.775015831, 4.9324388504028320313, 1600455961.775015831, 24.662195205688476563
1600455961.7870159149, 0.067561134696006774902, 1600455961.8060159683, 4.9324388504028320313, 1600455961.8060159683, 24.662195205688476563
1600455961.8180158138, 0.067561134696006774902, 1600455961.8370158672, 4.9324388504028320313, 1600455961.8370158672, 24.662195205688476563
1600455961.8490159512, 1.7097434579227410723e-14, 1600455961.8680160046, 5, 1600455961.8680160046, 24.662195205688476563
1600455961.8800158501, 1.7097434579227410723e-14, 1600455961.900015831, 5, 1600455961.900015831, 25
1600455961.9110159874, 1.7097434579227410723e-14, 1600455961.9310159683, 5, 1600455961.9310159683, 25
1600455961.9420158863, 1.7097434579227410723e-14, 1600455961.9620158672, 5, 1600455961.9620158672, 25
1600455961.9730160236, 1.7097434579227410723e-14, 1600455961.9930160046, 5, 1600455961.9930160046, 25
1600455962.0050158501, 1.7097434579227410723e-14, 1600455962.0240159035, 5, 1600455962.0240159035, 25
1600455962.0350158215, 1.7097434579227410723e-14, 1600455962.0550158024, 5, 1600455962.0550158024, 25
1600455962.0660159588, 1.7097434579227410723e-14, 1600455962.0860159397, 5, 1600455962.0860159397, 25
1600455962.0970158577, 1.7097434579227410723e-14, 1600455962.1170158386, 5, 1600455962.1170158386, 25
1600455962.1290159225, 1.7097434579227410723e-14, 1600455962.148015976, 5, 1600455962.148015976, 25
1600455962.1600158215, 1.7097434579227410723e-14, 1600455962.1790158749, 5, 1600455962.1790158749, 25
1600455962.1910159588, 1.7097434579227410723e-14, 1600455962.2100160122, 5, 1600455962.2100160122, 25
1600455962.2220158577, 1.7097434579227410723e-14, 1600455962.2410159111, 5, 1600455962.2410159111, 25
1600455962.253015995, 1.7097434579227410723e-14, 1600455962.27201581, 5, 1600455962.27201581, 25
1600455962.2840158939, 1.7097434579227410723e-14, 1600455962.3030159473, 5, 1600455962.3030159473, 25
1600455962.3150160313, 1.7097434579227410723e-14, 1600455962.3340158463, 5, 1600455962.3340158463, 25
1600455962.3790159225, 1.7097434579227410723e-14, 1600455962.398015976, 5, 1600455962.398015976, 25
1600455962.4100158215, 1.7097434579227410723e-14, 1600455962.4290158749, 5, 1600455962.4290158749, 25
1600455962.4410159588, 1.7097434579227410723e-14, 1600455962.4600160122, 5, 1600455962.4600160122, 25
1600455962.4720158577, 1.7097434579227410723e-14, 1600455962.4910159111, 5, 1600455962.4910159111, 25
1600455962.503015995, 1.7097434579227410723e-14, 1600455962.52201581, 5, 1600455962.52201581, 25
1600455962.5340158939, 1.7097434579227410723e-14, 1600455962.5530159473, 5, 1600455962.5530159473, 25
1600455962.5650160313, 1.7097434579227410723e-14, 1600455962.5840158463, 5, 1600455962.5840158463, 25
1600455962.5960159302, 1.7097434579227410723e-14, 1600455962.6150159836, 5, 1600455962.6150159836, 25
1600455962.6270158291, 1.7097434579227410723e-14, 1600455962.6460158825, 5, 1600455962.6460158825, 25
1600455962.6580159664, 1.7097434579227410723e-14, 1600455962.6770160198, 5, 1600455962.6770160198, 25
1600455962.6890158653, 1.7097434579227410723e-14, 1600455962.7080159187, 5, 1600455962.7080159187, 25
1600455962.7200160027, 1.7097434579227410723e-14, 1600455962.7390158176, 5, 1600455962.7390158176, 25
1600455962.7510159016, 1.7097434579227410723e-14, 1600455962.7710158825, 5, 1600455962.7710158825, 25
1600455962.7820158005, 1.7097434579227410723e-14, 1600455962.8020160198, 5, 1600455962.8020160198, 25
1600455962.8130159378, 1.7097434579227410723e-14, 1600455962.8330159187, 5, 1600455962.8330159187, 25
1600455962.8440158367, 1.7097434579227410723e-14, 1600455962.8640158176, 5, 1600455962.8640158176, 25
1600455962.8760159016, 1.7097434579227410723e-14, 1600455962.895015955, 5, 1600455962.895015955, 25
1600455962.906015873, 1.7097434579227410723e-14, 1600455962.9260158539, 5, 1600455962.9260158539, 25
1600455962.9370160103, 1.7097434579227410723e-14, 1600455962.9570159912, 5, 1600455962.9570159912, 25
1600455962.9680159092, 1.7097434579227410723e-14, 1600455962.9880158901, 5, 1600455962.9880158901, 25
1600455963.000015974, 1.7097434579227410723e-14, 1600455963.0190160275, 5, 1600455963.0190160275, 25
1600455963.031015873, 1.7097434579227410723e-14, 1600455963.0500159264, 5, 1600455963.0500159264, 25
1600455963.0620160103, 1.7097434579227410723e-14, 1600455963.0810158253, 5, 1600455963.0810158253, 25
1600455963.0930159092, 1.7097434579227410723e-14, 1600455963.1120159626, 5, 1600455963.1120159626, 25
1600455963.1240158081, 1.7097434579227410723e-14, 1600455963.1430158615, 5, 1600455963.1430158615, 25
1600455963.1550159454, 1.7097434579227410723e-14, 1600455963.1740159988, 5, 1600455963.1740159988, 25
1600455963.1860158443, 1.7097434579227410723e-14, 1600455963.2050158978, 5, 1600455963.2050158978, 25
1600455963.2170159817, 1.7097434579227410723e-14, 1600455963.2360157967, 5, 1600455963.2360157967, 25
1600455963.2480158806, 1.7097434579227410723e-14, 1600455963.267015934, 5, 1600455963.267015934, 25
1600455963.2790160179, 1.7097434579227410723e-14, 1600455963.2980158329, 5, 1600455963.2980158329, 25
1600455963.3100159168, 1.7097434579227410723e-14, 1600455963.3290159702, 5, 1600455963.3290159702, 25
1600455963.3410158157, 1.7097434579227410723e-14, 1600455963.3600158691, 5, 1600455963.3600158691, 25
1600455963.3720159531, 1.7097434579227410723e-14, 1600455963.3910160065, 5, 1600455963.3910160065, 25
1600455963.403015852, 1.7097434579227410723e-14, 1600455963.4220159054, 5, 1600455963.4220159054, 25
1600455963.4340159893, 1.7097434579227410723e-14, 1600455963.4530158043, 5, 1600455963.4530158043, 25
1600455963.4650158882, 1.7097434579227410723e-14, 1600455963.4840159416, 5, 1600455963.4840159416, 25
1600455963.4960160255, 1.7097434579227410723e-14, 1600455963.5150158405, 5, 1600455963.5150158405, 25
1600455963.5270159245, 1.7097434579227410723e-14, 1600455963.5460159779, 5, 1600455963.5460159779, 25
1600455963.5580158234, 1.7097434579227410723e-14, 1600455963.5770158768, 5, 1600455963.5770158768, 25
1600455963.5890159607, 1.7097434579227410723e-14, 1600455963.6080160141, 5, 1600455963.6080160141, 25
1600455963.6200158596, 1.7097434579227410723e-14, 1600455963.639015913, 5, 1600455963.639015913, 25
1600455963.6510159969, 1.7097434579227410723e-14, 1600455963.6700158119, 5, 1600455963.6700158119, 25
1600455963.6820158958, 1.7097434579227410723e-14, 1600455963.7010159492, 5, 1600455963.7010159492, 25
1600455963.7130160332, 1.7097434579227410723e-14, 1600455963.7320158482, 5, 1600455963.7320158482, 25
1600455963.7440159321, 1.7097434579227410723e-14, 1600455963.7630159855, 5, 1600455963.7630159855, 25
1600455963.775015831, 1.7097434579227410723e-14, 1600455963.7940158844, 5, 1600455963.7940158844, 25
1600455963.8080158234, 1.7097434579227410723e-14, 1600455963.8270158768, 5, 1600455963.8270158768, 25
1600455963.8390159607, 1.7097434579227410723e-14, 1600455963.8580160141, 5, 1600455963.8580160141, 25
1600455963.8699820042, 1.7097434579227410723e-14, 1600455963.8889820576, 5, 1600455963.8889820576, 25
1600455963.9009821415, 1.7097434579227410723e-14, 1600455963.9199819565, 5, 1600455963.9199819565, 25
1600455963.9319820404, 1.7097434579227410723e-14, 1600455963.9509820938, 5, 1600455963.9509820938, 25
1600455963.9629819393, 1.7097434579227410723e-14, 1600455963.9819819927, 5, 1600455963.9819819927, 25
1600455963.9939820766, 1.7097434579227410723e-14, 1600455964.0129821301, 5, 1600455964.0129821301, 25
1600455964.0249819756, 1.7097434579227410723e-14, 1600455964.043982029, 5, 1600455964.043982029, 25
1600455964.0559821129, 1.7097434579227410723e-14, 1600455964.0749819279, 5, 1600455964.0749819279, 25
1600455964.0869820118, 1.7097434579227410723e-14, 1600455964.1059820652, 5, 1600455964.1059820652, 25
1600455964.1179821491, 1.7097434579227410723e-14, 1600455964.1369819641, 5, 1600455964.1369819641, 25
1600455964.148982048, 1.7097434579227410723e-14, 1600455964.1679821014, 5, 1600455964.1679821014, 25
1600455964.1799819469, 1.7097434579227410723e-14, 1600455964.1989820004, 5, 1600455964.1989820004, 25
1600455964.2109820843, 1.7097434579227410723e-14, 1600455964.2299821377, 5, 1600455964.2299821377, 25
1600455964.2419819832, 1.7097434579227410723e-14, 1600455964.2609820366, 5, 1600455964.2609820366, 25
1600455964.2729821205, 1.7097434579227410723e-14, 1600455964.2919819355, 5, 1600455964.2919819355, 25
1600455964.3039820194, 1.7097434579227410723e-14, 1600455964.3229820728, 5, 1600455964.3229820728, 25
1600455964.3349821568, 1.7097434579227410723e-14, 1600455964.3539819717, 5, 1600455964.3539819717, 25
1600455964.3659820557, 1.7097434579227410723e-14, 1600455964.3849821091, 5, 1600455964.3849821091, 25
1600455964.4299819469, 1.7097434579227410723e-14, 1600455964.4499819279, 5, 1600455964.4499819279, 25
1600455964.4609820843, 1.7097434579227410723e-14, 1600455964.4809820652, 5, 1600455964.4809820652, 25
1600455964.4929821491, 1.7097434579227410723e-14, 1600455964.5119819641, 5, 1600455964.5119819641, 25
1600455964.5229821205, 1.7097434579227410723e-14, 1600455964.5429821014, 5, 1600455964.5429821014, 25
1600455964.5539820194, 1.7097434579227410723e-14, 1600455964.5739820004, 5, 1600455964.5739820004, 25
1600455964.5859820843, 1.7097434579227410723e-14, 1600455964.6049821377, 5, 1600455964.6049821377, 25
1600455964.6169819832, 1.7097434579227410723e-14, 1600455964.6359820366, 5, 1600455964.6359820366, 25
1600455964.6479821205, 1.7097434579227410723e-14, 1600455964.6669819355, 5, 1600455964.6669819355, 25
1600455964.6789820194, 1.7097434579227410723e-14, 1600455964.6979820728, 5, 1600455964.6979820728, 25
1600455964.7099821568, 1.7097434579227410723e-14, 1600455964.7289819717, 5, 1600455964.7289819717, 25
1600455964.7409820557, 1.7097434579227410723e-14, 1600455964.7599821091, 5, 1600455964.7599821091, 25
1600455964.7719819546, 1.7097434579227410723e-14, 1600455964.790982008, 5, 1600455964.790982008, 25
1600455964.8029820919, 1.7097434579227410723e-14, 1600455964.8219821453, 5, 1600455964.8219821453, 25
1600455964.8339819908, 1.7097434579227410723e-14, 1600455964.8529820442, 5, 1600455964.8529820442, 25
1600455964.8649821281, 1.7097434579227410723e-14, 1600455964.8839819431, 5, 1600455964.8839819431, 25
1600455964.8959820271, 1.7097434579227410723e-14, 1600455964.9149820805, 5, 1600455964.9149820805, 25
1600455964.926981926, 1.7097434579227410723e-14, 1600455964.9459819794, 5, 1600455964.9459819794, 25
1600455964.9579820633, 1.7097434579227410723e-14, 1600455964.9769821167, 5, 1600455964.9769821167, 25
1600455964.9889819622, 1.7097434579227410723e-14, 1600455965.0079820156, 5, 1600455965.0079820156, 25
1600455965.0199820995, 1.7097434579227410723e-14, 1600455965.0389821529, 5, 1600455965.0389821529, 25
1600455965.0509819984, 1.7097434579227410723e-14, 1600455965.0699820518, 5, 1600455965.0699820518, 25
1600455965.0819821358, 1.7097434579227410723e-14, 1600455965.1009819508, 5, 1600455965.1009819508, 25
1600455965.1129820347, 1.7097434579227410723e-14, 1600455965.1319820881, 5, 1600455965.1319820881, 25
1600455965.1439819336, 1.7097434579227410723e-14, 1600455965.162981987, 5, 1600455965.162981987, 25
1600455965.1749820709, 1.7097434579227410723e-14, 1600455965.1939821243, 5, 1600455965.1939821243, 25
1600455965.2059819698, 1.7097434579227410723e-14, 1600455965.2249820232, 5, 1600455965.2249820232, 25
1600455965.2369821072, 1.7097434579227410723e-14, 1600455965.2559819221, 5, 1600455965.2559819221, 25
1600455965.2679820061, 1.7097434579227410723e-14, 1600455965.2869820595, 5, 1600455965.2869820595, 25
1600455965.2989821434, 1.7097434579227410723e-14, 1600455965.3179819584, 5, 1600455965.3179819584, 25
1600455965.3299820423, 1.7097434579227410723e-14, 1600455965.3489820957, 5, 1600455965.3489820957, 25
1600455965.3609819412, 1.7097434579227410723e-14, 1600455965.3799819946, 5, 1600455965.3799819946, 25
1600455965.3919820786, 1.7097434579227410723e-14, 1600455965.410982132, 5, 1600455965.410982132, 25
1600455965.4229819775, 1.7097434579227410723e-14, 1600455965.4419820309, 5, 1600455965.4419820309, 25
1600455965.4539821148, 1.7097434579227410723e-14, 1600455965.4729819298, 5, 1600455965.4729819298, 25
1600455965.4849820137, 1.7097434579227410723e-14, 1600455965.5039820671, 5, 1600455965.5039820671, 25
1600455965.515982151, 1.7097434579227410723e-14, 1600455965.535982132, 5, 1600455965.535982132, 25
1600455965.5469820499, 1.7097434579227410723e-14, 1600455965.5669820309, 5, 1600455965.5669820309, 25
1600455965.5779819489, 1.7097434579227410723e-14, 1600455965.5979819298, 5, 1600455965.5979819298, 25
1600455965.6089820862, 1.7097434579227410723e-14, 1600455965.6289820671, 5, 1600455965.6289820671, 25
1600455965.6399819851, 1.7097434579227410723e-14, 1600455965.659981966, 5, 1600455965.659981966, 25
1600455965.6709821224, 1.7097434579227410723e-14, 1600455965.6909821033, 5, 1600455965.6909821033, 25
1600455965.7019820213, 1.7097434579227410723e-14, 1600455965.7219820023, 5, 1600455965.7219820023, 25
1600455965.7339820862, 1.7097434579227410723e-14, 1600455965.7529821396, 5, 1600455965.7529821396, 25
1600455965.7649819851, 1.7097434579227410723e-14, 1600455965.7839820385, 5, 1600455965.7839820385, 25
1600455965.7959821224, 1.7097434579227410723e-14, 1600455965.8149819374, 5, 1600455965.8149819374, 25
1600455965.8269820213, 1.7097434579227410723e-14, 1600455965.8459820747, 5, 1600455965.8459820747, 25
1600455965.8579821587, 1.7097434579227410723e-14, 1600455965.8769819736, 5, 1600455965.8769819736, 25
1600455965.8889820576, 1.7097434579227410723e-14, 1600455965.907982111, 5, 1600455965.907982111, 25
1600455965.9199819565, 1.7097434579227410723e-14, 1600455965.9389820099, 5, 1600455965.9389820099, 25
1600455965.9509820938, 1.7097434579227410723e-14, 1600455965.9699821472, 5, 1600455965.9699821472, 25
1600455965.9819819927, 1.7097434579227410723e-14, 1600455966.0009820461, 5, 1600455966.0009820461, 25
1600455966.0129821301, 1.7097434579227410723e-14, 1600455966.031981945, 5, 1600455966.031981945, 25
1600455966.043982029, 1.7097434579227410723e-14, 1600455966.0629820824, 5, 1600455966.0629820824, 25
1600455966.0749819279, 1.7097434579227410723e-14, 1600455966.0939819813, 5, 1600455966.0939819813, 25
1600455966.1059820652, 1.7097434579227410723e-14, 1600455966.1249821186, 5, 1600455966.1249821186, 25
1600455966.1369819641, 1.7097434579227410723e-14, 1600455966.1559820175, 5, 1600455966.1559820175, 25
1600455966.1679821014, 1.7097434579227410723e-14, 1600455966.1869821548, 5, 1600455966.1869821548, 25
1600455966.1989820004, 1.7097434579227410723e-14, 1600455966.2179820538, 5, 1600455966.2179820538, 25
1600455966.2299821377, 1.7097434579227410723e-14, 1600455966.2489819527, 5, 1600455966.2489819527, 25
1600455966.2609820366, 1.7097434579227410723e-14, 1600455966.27998209, 5, 1600455966.27998209, 25
1600455966.2919819355, 1.7097434579227410723e-14, 1600455966.3109819889, 5, 1600455966.3109819889, 25
1600455966.3239820004, 1.7097434579227410723e-14, 1600455966.3439819813, 5, 1600455966.3439819813, 25
1600455966.3555421829, 1.7097434579227410723e-14, 1600455966.3745422363, 5, 1600455966.3745422363, 25
1600455966.3855421543, 1.7097434579227410723e-14, 1600455966.4055421352, 5, 1600455966.4055421352, 25
1600455966.4165420532, 1.7097434579227410723e-14, 1600455966.4365420341, 5, 1600455966.4365420341, 25
1600455966.4815421104, 1.7097434579227410723e-14, 1600455966.5005421638, 5, 1600455966.5005421638, 25
1600455966.5125420094, 1.7097434579227410723e-14, 1600455966.5315420628, 5, 1600455966.5315420628, 25
1600455966.5435421467, 1.7097434579227410723e-14, 1600455966.5625422001, 5, 1600455966.5625422001, 25
1600455966.5775420666, 1.7097434579227410723e-14, 1600455966.5975420475, 5, 1600455966.5975420475, 25
1600455966.6085422039, 1.7097434579227410723e-14, 1600455966.6285421848, 5, 1600455966.6285421848, 25
1600455966.6395421028, 1.7097434579227410723e-14, 1600455966.6595420837, 5, 1600455966.6595420837, 25
1600455966.6705420017, 1.7097434579227410723e-14, 1600455966.6905422211, 5, 1600455966.6905422211, 25
1600455966.7015421391, 1.7097434579227410723e-14, 1600455966.72154212, 5, 1600455966.72154212, 25
1600455966.7335422039, 1.7097434579227410723e-14, 1600455966.7525420189, 5, 1600455966.7525420189, 25
1600455966.7635421753, 1.7097434579227410723e-14, 1600455966.7835421562, 5, 1600455966.7835421562, 25
1600455966.7955420017, 1.7097434579227410723e-14, 1600455966.8145420551, 5, 1600455966.8145420551, 25
1600455966.8265421391, 1.7097434579227410723e-14, 1600455966.8455421925, 5, 1600455966.8455421925, 25
1600455966.857542038, 1.7097434579227410723e-14, 1600455966.8765420914, 5, 1600455966.8765420914, 25
1600455966.8885421753, 1.7097434579227410723e-14, 1600455966.9075422287, 5, 1600455966.9075422287, 25
1600455966.9195420742, 1.7097434579227410723e-14, 1600455966.9385421276, 5, 1600455966.9385421276, 25
1600455966.9505422115, 1.7097434579227410723e-14, 1600455966.9695420265, 5, 1600455966.9695420265, 25
1600455966.9815421104, 1.7097434579227410723e-14, 1600455967.0005421638, 5, 1600455967.0005421638, 25
1600455967.0125420094, 1.7097434579227410723e-14, 1600455967.0315420628, 5, 1600455967.0315420628, 25
1600455967.0435421467, 1.7097434579227410723e-14, 1600455967.0625422001, 5, 1600455967.0625422001, 25
1600455967.0745420456, 1.7097434579227410723e-14, 1600455967.093542099, 5, 1600455967.093542099, 25
1600455967.1055421829, 1.7097434579227410723e-14, 1600455967.1245422363, 5, 1600455967.1245422363, 25
1600455967.1365420818, 1.7097434579227410723e-14, 1600455967.1555421352, 5, 1600455967.1555421352, 25
1600455967.1675422192, 1.7097434579227410723e-14, 1600455967.1865420341, 5, 1600455967.1865420341, 25
1600455967.1985421181, 1.7097434579227410723e-14, 1600455967.2175421715, 5, 1600455967.2175421715, 25
1600455967.229542017, 1.7097434579227410723e-14, 1600455967.2485420704, 5, 1600455967.2485420704, 25
1600455967.2605421543, 1.7097434579227410723e-14, 1600455967.2795422077, 5, 1600455967.2795422077, 25
1600455967.2915420532, 1.7097434579227410723e-14, 1600455967.3105421066, 5, 1600455967.3105421066, 25
1600455967.3225421906, 1.7097434579227410723e-14, 1600455967.3415420055, 5, 1600455967.3415420055, 25
1600455967.3535420895, 1.7097434579227410723e-14, 1600455967.3725421429, 5, 1600455967.3725421429, 25
1600455967.3845422268, 1.7097434579227410723e-14, 1600455967.4035420418, 5, 1600455967.4035420418, 25
1600455967.4155421257, 1.7097434579227410723e-14, 1600455967.4345421791, 5, 1600455967.4345421791, 25
1600455967.4465420246, 1.7097434579227410723e-14, 1600455967.465542078, 5, 1600455967.465542078, 25
1600455967.4775421619, 1.7097434579227410723e-14, 1600455967.4965422153, 5, 1600455967.4965422153, 25
1600455967.5085420609, 1.7097434579227410723e-14, 1600455967.5275421143, 5, 1600455967.5275421143, 25
1600455967.5395421982, 1.7097434579227410723e-14, 1600455967.5585420132, 5, 1600455967.5585420132, 25
1600455967.5705420971, 1.7097434579227410723e-14, 1600455967.5895421505, 5, 1600455967.5895421505, 25
1600455967.6015422344, 1.7097434579227410723e-14, 1600455967.6205420494, 5, 1600455967.6205420494, 25
1600455967.6325421333, 1.7097434579227410723e-14, 1600455967.6515421867, 5, 1600455967.6515421867, 25
1600455967.6635420322, 1.7097434579227410723e-14, 1600455967.6825420856, 5, 1600455967.6825420856, 25
1600455967.6945421696, 1.7097434579227410723e-14, 1600455967.713542223, 5, 1600455967.713542223, 25
1600455967.7255420685, 1.7097434579227410723e-14, 1600455967.7455420494, 5, 1600455967.7455420494, 25
1600455967.7565422058, 1.7097434579227410723e-14, 1600455967.7765421867, 5, 1600455967.7765421867, 25
1600455967.7875421047, 1.7097434579227410723e-14, 1600455967.8075420856, 5, 1600455967.8075420856, 25
1600455967.8185420036, 1.7097434579227410723e-14, 1600455967.838542223, 5, 1600455967.838542223, 25
1600455967.8505420685, 1.7097434579227410723e-14, 1600455967.8695421219, 5, 1600455967.8695421219, 25
1600455967.8805420399, 1.7097434579227410723e-14, 1600455967.9005420208, 5, 1600455967.9005420208, 25
1600455967.9115421772, 1.7097434579227410723e-14, 1600455967.9315421581, 5, 1600455967.9315421581, 25
1600455967.9435420036, 1.7097434579227410723e-14, 1600455967.962542057, 5, 1600455967.962542057, 25
1600455967.974542141, 1.7097434579227410723e-14, 1600455967.9935421944, 5, 1600455967.9935421944, 25
1600455968.0055420399, 1.7097434579227410723e-14, 1600455968.0245420933, 5, 1600455968.0245420933, 25
1600455968.0365421772, 1.7097434579227410723e-14, 1600455968.0555422306, 5, 1600455968.0555422306, 25
1600455968.0675420761, 1.7097434579227410723e-14, 1600455968.0865421295, 5, 1600455968.0865421295, 25
1600455968.0985422134, 1.7097434579227410723e-14, 1600455968.1175420284, 5, 1600455968.1175420284, 25
1600455968.1295421124, 1.7097434579227410723e-14, 1600455968.1485421658, 5, 1600455968.1485421658, 25
1600455968.1605420113, 1.7097434579227410723e-14, 1600455968.1795420647, 5, 1600455968.1795420647, 25
1600455968.1915421486, 1.7097434579227410723e-14, 1600455968.210542202, 5, 1600455968.210542202, 25
1600455968.2225420475, 1.7097434579227410723e-14, 1600455968.2415421009, 5, 1600455968.2415421009, 25
1600455968.2535421848, 1.7097434579227410723e-14, 1600455968.2725419998, 5, 1600455968.2725419998, 25
1600455968.2845420837, 1.7097434579227410723e-14, 1600455968.3035421371, 5, 1600455968.3035421371, 25
1600455968.3155422211, 1.7097434579227410723e-14, 1600455968.3345420361, 5, 1600455968.3345420361, 25
1600455968.34654212, 1.7097434579227410723e-14, 1600455968.3655421734, 5, 1600455968.3655421734, 25
1600455968.3775420189, 1.7097434579227410723e-14, 1600455968.3965420723, 5, 1600455968.3965420723, 25
1600455968.4085421562, 1.7097434579227410723e-14, 1600455968.4275422096, 5, 1600455968.4275422096, 25
1600455968.4395420551, 1.7097434579227410723e-14, 1600455968.4585421085, 5, 1600455968.4585421085, 25
1600455968.4705421925, 1.7097434579227410723e-14, 1600455968.4895420074, 5, 1600455968.4895420074, 25
1600455968.5345420837, 1.7097434579227410723e-14, 1600455968.5535421371, 5, 1600455968.5535421371, 25
1600455968.5655422211, 1.7097434579227410723e-14, 1600455968.5845420361, 5, 1600455968.5845420361, 25
1600455968.59654212, 1.7097434579227410723e-14, 1600455968.6165421009, 5, 1600455968.6165421009, 25
1600455968.6275420189, 1.7097434579227410723e-14, 1600455968.6475419998, 5, 1600455968.6475419998, 25
1600455968.6585421562, 1.7097434579227410723e-14, 1600455968.6785421371, 5, 1600455968.6785421371, 25
1600455968.6895420551, 1.7097434579227410723e-14, 1600455968.7095420361, 5, 1600455968.7095420361, 25
1600455968.72154212, 1.7097434579227410723e-14, 1600455968.7405421734, 5, 1600455968.7405421734, 25
1600455968.7515420914, 1.7097434579227410723e-14, 1600455968.7715420723, 5, 1600455968.7715420723, 25
1600455968.7825422287, 1.7097434579227410723e-14, 1600455968.8025422096, 5, 1600455968.8025422096, 25
1600455968.8145420551, 1.7097434579227410723e-14, 1600455968.8335421085, 5, 1600455968.8335421085, 25
1600455968.84654212, 1.7097434579227410723e-14, 1600455968.8655421734, 5, 1600455968.8655421734, 25
1600455968.8775420189, 1.7097434579227410723e-14, 1600455968.8965420723, 5, 1600455968.8965420723, 25
1600455968.9077820778, 1.7097434579227410723e-14, 1600455968.9267821312, 5, 1600455968.9267821312, 25
1600455968.9387819767, 1.7097434579227410723e-14, 1600455968.9577820301, 5, 1600455968.9577820301, 25
1600455968.969782114, 1.7097434579227410723e-14, 1600455968.988781929, 5, 1600455968.988781929, 25
1600455969.0007820129, 1.7097434579227410723e-14, 1600455969.0197820663, 5, 1600455969.0197820663, 25
1600455969.0317821503, 1.7097434579227410723e-14, 1600455969.0507819653, 5, 1600455969.0507819653, 25
1600455969.0627820492, 1.7097434579227410723e-14, 1600455969.0817821026, 5, 1600455969.0817821026, 25
1600455969.0937819481, 1.7097434579227410723e-14, 1600455969.1127820015, 5, 1600455969.1127820015, 25
1600455969.1247820854, 1.7097434579227410723e-14, 1600455969.1437821388, 5, 1600455969.1437821388, 25
1600455969.1557819843, 1.7097434579227410723e-14, 1600455969.1747820377, 5, 1600455969.1747820377, 25
1600455969.1867821217, 1.7097434579227410723e-14, 1600455969.2057819366, 5, 1600455969.2057819366, 25
1600455969.2177820206, 1.7097434579227410723e-14, 1600455969.236782074, 5, 1600455969.236782074, 25
1600455969.2487821579, 1.7097434579227410723e-14, 1600455969.2677819729, 5, 1600455969.2677819729, 25
1600455969.2797820568, 1.7097434579227410723e-14, 1600455969.2987821102, 5, 1600455969.2987821102, 25
1600455969.3107819557, 1.7097434579227410723e-14, 1600455969.3307819366, 5, 1600455969.3307819366, 25
1600455969.341782093, 1.7097434579227410723e-14, 1600455969.361782074, 5, 1600455969.361782074, 25
1600455969.372781992, 1.7097434579227410723e-14, 1600455969.3927819729, 5, 1600455969.3927819729, 25
1600455969.4037821293, 1.7097434579227410723e-14, 1600455969.4237821102, 5, 1600455969.4237821102, 25
1600455969.4347820282, 1.7097434579227410723e-14, 1600455969.4547820091, 5, 1600455969.4547820091, 25
1600455969.466782093, 1.7097434579227410723e-14, 1600455969.4857821465, 5, 1600455969.4857821465, 25
1600455969.4967820644, 1.7097434579227410723e-14, 1600455969.5167820454, 5, 1600455969.5167820454, 25
1600455969.5287821293, 1.7097434579227410723e-14, 1600455969.5477819443, 5, 1600455969.5477819443, 25
1600455969.5597820282, 1.7097434579227410723e-14, 1600455969.5787820816, 5, 1600455969.5787820816, 25
1600455969.5907819271, 1.7097434579227410723e-14, 1600455969.6097819805, 5, 1600455969.6097819805, 25
1600455969.6217820644, 1.7097434579227410723e-14, 1600455969.6407821178, 5, 1600455969.6407821178, 25
1600455969.6527819633, 1.7097434579227410723e-14, 1600455969.6717820168, 5, 1600455969.6717820168, 25
1600455969.6837821007, 1.7097434579227410723e-14, 1600455969.7027821541, 5, 1600455969.7027821541, 25
1600455969.7147819996, 1.7097434579227410723e-14, 1600455969.733782053, 5, 1600455969.733782053, 25
1600455969.7457821369, 1.7097434579227410723e-14, 1600455969.7647819519, 5, 1600455969.7647819519, 25
1600455969.7767820358, 1.7097434579227410723e-14, 1600455969.7957820892, 5, 1600455969.7957820892, 25
1600455969.8077819347, 1.7097434579227410723e-14, 1600455969.8267819881, 5, 1600455969.8267819881, 25
1600455969.8387820721, 1.7097434579227410723e-14, 1600455969.8577821255, 5, 1600455969.8577821255, 25
1600455969.869781971, 1.7097434579227410723e-14, 1600455969.8887820244, 5, 1600455969.8887820244, 25
1600455969.9007821083, 1.7097434579227410723e-14, 1600455969.9197819233, 5, 1600455969.9197819233, 25
1600455969.9317820072, 1.7097434579227410723e-14, 1600455969.9507820606, 5, 1600455969.9507820606, 25
1600455969.9627821445, 1.7097434579227410723e-14, 1600455969.9817819595, 5, 1600455969.9817819595, 25
1600455969.9937820435, 1.7097434579227410723e-14, 1600455970.0127820969, 5, 1600455970.0127820969, 25
1600455970.0247819424, 1.7097434579227410723e-14, 1600455970.0437819958, 5, 1600455970.0437819958, 25
1600455970.0557820797, 1.7097434579227410723e-14, 1600455970.0747821331, 5, 1600455970.0747821331, 25
1600455970.0867819786, 1.7097434579227410723e-14, 1600455970.105782032, 5, 1600455970.105782032, 25
1600455970.1177821159, 1.7097434579227410723e-14, 1600455970.1367819309, 5, 1600455970.1367819309, 25
1600455970.1487820148, 1.7097434579227410723e-14, 1600455970.1677820683, 5, 1600455970.1677820683, 25
1600455970.1797821522, 1.7097434579227410723e-14, 1600455970.1987819672, 5, 1600455970.1987819672, 25
1600455970.2107820511, 1.7097434579227410723e-14, 1600455970.2297821045, 5, 1600455970.2297821045, 25
1600455970.24178195, 1.7097434579227410723e-14, 1600455970.2607820034, 5, 1600455970.2607820034, 25
1600455970.2727820873, 1.7097434579227410723e-14, 1600455970.2917821407, 5, 1600455970.2917821407, 25
1600455970.3037819862, 1.7097434579227410723e-14, 1600455970.3227820396, 5, 1600455970.3227820396, 25
1600455970.3347821236, 1.7097434579227410723e-14, 1600455970.3537819386, 5, 1600455970.3537819386, 25
1600455970.3657820225, 1.7097434579227410723e-14, 1600455970.3847820759, 5, 1600455970.3847820759, 25
1600455970.3967821598, 1.7097434579227410723e-14, 1600455970.4157819748, 5, 1600455970.4157819748, 25
1600455970.4277820587, 1.7097434579227410723e-14, 1600455970.4467821121, 5, 1600455970.4467821121, 25
1600455970.4587819576, 1.7097434579227410723e-14, 1600455970.4787819386, 5, 1600455970.4787819386, 25
1600455970.489782095, 1.7097434579227410723e-14, 1600455970.5097820759, 5, 1600455970.5097820759, 25
1600455970.5207819939, 1.7097434579227410723e-14, 1600455970.5407819748, 5, 1600455970.5407819748, 25
1600455970.5857820511, 1.7097434579227410723e-14, 1600455970.6047821045, 5, 1600455970.6047821045, 25
1600455970.61678195, 1.7097434579227410723e-14, 1600455970.6357820034, 5, 1600455970.6357820034, 25
1600455970.6477820873, 1.7097434579227410723e-14, 1600455970.6667821407, 5, 1600455970.6667821407, 25
1600455970.6787819862, 1.7097434579227410723e-14, 1600455970.6977820396, 5, 1600455970.6977820396, 25
1600455970.7097821236, 1.7097434579227410723e-14, 1600455970.7287819386, 5, 1600455970.7287819386, 25
1600455970.7407820225, 1.7097434579227410723e-14, 1600455970.7597820759, 5, 1600455970.7597820759, 25
1600455970.7717821598, 1.7097434579227410723e-14, 1600455970.7907819748, 5, 1600455970.7907819748, 25
1600455970.8027820587, 1.7097434579227410723e-14, 1600455970.8217821121, 5, 1600455970.8217821121, 25
1600455970.8337819576, 1.7097434579227410723e-14, 1600455970.852782011, 5, 1600455970.852782011, 25
1600455970.864782095, 1.7097434579227410723e-14, 1600455970.8837821484, 5, 1600455970.8837821484, 25
1600455970.8957819939, 1.7097434579227410723e-14, 1600455970.9147820473, 5, 1600455970.9147820473, 25
1600455970.9267821312, 1.7097434579227410723e-14, 1600455970.9457819462, 5, 1600455970.9457819462, 25
1600455970.9577820301, 1.7097434579227410723e-14, 1600455970.9767820835, 5, 1600455970.9767820835, 25
1600455970.988781929, 1.7097434579227410723e-14, 1600455971.0077819824, 5, 1600455971.0077819824, 25
1600455971.0197820663, 1.7097434579227410723e-14, 1600455971.0387821198, 5, 1600455971.0387821198, 25
1600455971.0507819653, 1.7097434579227410723e-14, 1600455971.0697820187, 5, 1600455971.0697820187, 25
1600455971.0817821026, 1.7097434579227410723e-14, 1600455971.100782156, 5, 1600455971.100782156, 25
1600455971.1127820015, 1.7097434579227410723e-14, 1600455971.1317820549, 5, 1600455971.1317820549, 25
1600455971.1437821388, 1.7097434579227410723e-14, 1600455971.1627819538, 5, 1600455971.1627819538, 25
1600455971.1747820377, 1.7097434579227410723e-14, 1600455971.1937820911, 5, 1600455971.1937820911, 25
1600455971.2057819366, 1.7097434579227410723e-14, 1600455971.2247819901, 5, 1600455971.2247819901, 25
1600455971.236782074, 1.7097434579227410723e-14, 1600455971.2557821274, 5, 1600455971.2557821274, 25
1600455971.2677819729, 1.7097434579227410723e-14, 1600455971.2867820263, 5, 1600455971.2867820263, 25
1600455971.2987821102, 1.7097434579227410723e-14, 1600455971.3177819252, 5, 1600455971.3177819252, 25
1600455971.3297820091, 1.7097434579227410723e-14, 1600455971.3497819901, 5, 1600455971.3497819901, 25
1600455971.3627820015, 1.7097434579227410723e-14, 1600455971.3817820549, 5, 1600455971.3817820549, 25
1600455971.3937821388, 1.7097434579227410723e-14, 1600455971.4127819538, 5, 1600455971.4127819538, 25
1600455971.4247820377, 1.7097434579227410723e-14, 1600455971.4437820911, 5, 1600455971.4437820911, 25
1600455971.4557819366, 1.7097434579227410723e-14, 1600455971.4747819901, 5, 1600455971.4747819901, 25
1600455971.486782074, 1.7097434579227410723e-14, 1600455971.5057821274, 5, 1600455971.5057821274, 25
1600455971.5177819729, 1.7097434579227410723e-14, 1600455971.5367820263, 5, 1600455971.5367820263, 25
1600455971.5487821102, 1.7097434579227410723e-14, 1600455971.5677819252, 5, 1600455971.5677819252, 25
1600455971.5827820301, 1.7097434579227410723e-14, 1600455971.602782011, 5, 1600455971.602782011, 25
1600455971.613781929, 1.7097434579227410723e-14, 1600455971.6337821484, 5, 1600455971.6337821484, 25
1600455971.6447820663, 1.7097434579227410723e-14, 1600455971.6647820473, 5, 1600455971.6647820473, 25
1600455971.6757819653, 1.7097434579227410723e-14, 1600455971.6957819462, 5, 1600455971.6957819462, 25
1600455971.7077820301, 1.7097434579227410723e-14, 1600455971.7267820835, 5, 1600455971.7267820835, 25
1600455971.738781929, 1.7097434579227410723e-14, 1600455971.7577819824, 5, 1600455971.7577819824, 25
1600455971.7697820663, 1.7097434579227410723e-14, 1600455971.7887821198, 5, 1600455971.7887821198, 25
1600455971.8007819653, 1.7097434579227410723e-14, 1600455971.8197820187, 5, 1600455971.8197820187, 25
1600455971.8317821026, 1.7097434579227410723e-14, 1600455971.850782156, 5, 1600455971.850782156, 25
1600455971.8627820015, 1.7097434579227410723e-14, 1600455971.8817820549, 5, 1600455971.8817820549, 25
1600455971.8937821388, 1.7097434579227410723e-14, 1600455971.9127819538, 5, 1600455971.9127819538, 25
1600455971.9247820377, 1.7097434579227410723e-14, 1600455971.9437820911, 5, 1600455971.9437820911, 25
1600455971.9557819366, 1.7097434579227410723e-14, 1600455971.9747819901, 5, 1600455971.9747819901, 25
1600455971.986782074, 1.7097434579227410723e-14, 1600455972.0057821274, 5, 1600455972.0057821274, 25
1600455972.0177819729, 1.7097434579227410723e-14, 1600455972.0367820263, 5, 1600455972.0367820263, 25
1600455972.0487821102, 1.7097434579227410723e-14, 1600455972.0677819252, 5, 1600455972.0677819252, 25
1600455972.0797820091, 1.7097434579227410723e-14, 1600455972.0987820625, 5, 1600455972.0987820625, 25
1600455972.1107821465, 1.7097434579227410723e-14, 1600455972.1297819614, -1.7097434579227410723e-14, 1600455972.1297819614, 25
1600455972.1417820454, 1.7097434579227410723e-14, 1600455972.1607820988, -1.7097434579227410723e-14, 1600455972.1607820988, 25
1600455972.1727819443, 1.7097434579227410723e-14, 1600455972.1917819977, -1.7097434579227410723e-14, 1600455972.1917819977, 25
1600455972.2037820816, 1.7097434579227410723e-14, 1600455972.222782135, -1.7097434579227410723e-14, 1600455972.222782135, -8.5487172896137053613e-14
1600455972.2347819805, 1.7097434579227410723e-14, 1600455972.2537820339, -1.7097434579227410723e-14, 1600455972.2537820339, -8.5487172896137053613e-14
1600455972.2657821178, 1.7097434579227410723e-14, 1600455972.2847819328, -1.7097434579227410723e-14, 1600455972.2847819328, -8.5487172896137053613e-14
1600455972.2967820168, 1.7097434579227410723e-14, 1600455972.3157820702, -1.7097434579227410723e-14, 1600455972.3157820702, -8.5487172896137053613e-14
1600455972.3277821541, 1.7097434579227410723e-14, 1600455972.3467819691, -1.7097434579227410723e-14, 1600455972.3467819691, -8.5487172896137053613e-14
1600455972.358782053, 1.7097434579227410723e-14, 1600455972.3777821064, -1.7097434579227410723e-14, 1600455972.3777821064, -8.5487172896137053613e-14
1600455972.3897819519, 1.7097434579227410723e-14, 1600455972.4087820053, -1.7097434579227410723e-14, 1600455972.4087820053, -8.5487172896137053613e-14
1600455972.4207820892, 1.7097434579227410723e-14, 1600455972.4397821426, -1.7097434579227410723e-14, 1600455972.4397821426, -8.5487172896137053613e-14
1600455972.4517819881, 1.7097434579227410723e-14, 1600455972.4707820415, -1.7097434579227410723e-14, 1600455972.4707820415, -8.5487172896137053613e-14
1600455972.4827821255, 1.7097434579227410723e-14, 1600455972.5017819405, -1.7097434579227410723e-14, 1600455972.5017819405, -8.5487172896137053613e-14
1600455972.5137820244, 1.7097434579227410723e-14, 1600455972.5327820778, -1.7097434579227410723e-14, 1600455972.5327820778, -8.5487172896137053613e-14
1600455972.5447819233, 1.7097434579227410723e-14, 1600455972.5637819767, -1.7097434579227410723e-14, 1600455972.5637819767, -8.5487172896137053613e-14
1600455972.5757820606, 1.7097434579227410723e-14, 1600455972.594782114, -1.7097434579227410723e-14, 1600455972.594782114, -8.5487172896137053613e-14
1600455972.6407821178, 1.7097434579227410723e-14, 1600455972.6597819328, -1.7097434579227410723e-14, 1600455972.6597819328, -8.5487172896137053613e-14
1600455972.6717820168, 1.7097434579227410723e-14, 1600455972.6907820702, -1.7097434579227410723e-14, 1600455972.6907820702, -8.5487172896137053613e-14
1600455972.7027821541, 1.7097434579227410723e-14, 1600455972.7217819691, -1.7097434579227410723e-14, 1600455972.7217819691, -8.5487172896137053613e-14
1600455972.733782053, 1.7097434579227410723e-14, 1600455972.7527821064, -1.7097434579227410723e-14, 1600455972.7527821064, -8.5487172896137053613e-14
1600455972.7647819519, 1.7097434579227410723e-14, 1600455972.7837820053, -1.7097434579227410723e-14, 1600455972.7837820053, -8.5487172896137053613e-14
1600455972.7957820892, 1.7097434579227410723e-14, 1600455972.8147821426, -1.7097434579227410723e-14, 1600455972.8147821426, -8.5487172896137053613e-14
1600455972.8267819881, 1.7097434579227410723e-14, 1600455972.8457820415, -1.7097434579227410723e-14, 1600455972.8457820415, -8.5487172896137053613e-14
1600455972.8577821255, 1.7097434579227410723e-14, 1600455972.8767819405, -1.7097434579227410723e-14, 1600455972.8767819405, -8.5487172896137053613e-14
1600455972.8887820244, 1.7097434579227410723e-14, 1600455972.9077820778, -1.7097434579227410723e-14, 1600455972.9077820778, -8.5487172896137053613e-14
1600455972.9197819233, 1.7097434579227410723e-14, 1600455972.9387819767, -1.7097434579227410723e-14, 1600455972.9387819767, -8.5487172896137053613e-14
1600455972.9507820606, 1.7097434579227410723e-14, 1600455972.969782114, -1.7097434579227410723e-14, 1600455972.969782114, -8.5487172896137053613e-14
1600455972.9817819595, 1.7097434579227410723e-14, 1600455973.0007820129, -1.7097434579227410723e-14, 1600455973.0007820129, -8.5487172896137053613e-14
1600455973.0127820969, 1.7097434579227410723e-14, 1600455973.0317821503, -1.7097434579227410723e-14, 1600455973.0317821503, -8.5487172896137053613e-14
1600455973.0437819958, 1.7097434579227410723e-14, 1600455973.0627820492, -1.7097434579227410723e-14, 1600455973.0627820492, -8.5487172896137053613e-14
1600455973.0747821331, 1.7097434579227410723e-14, 1600455973.0937819481, -1.7097434579227410723e-14, 1600455973.0937819481, -8.5487172896137053613e-14
1600455973.105782032, 1.7097434579227410723e-14, 1600455973.1247820854, -1.7097434579227410723e-14, 1600455973.1247820854, -8.5487172896137053613e-14
1600455973.1367819309, 1.7097434579227410723e-14, 1600455973.1557819843, -1.7097434579227410723e-14, 1600455973.1557819843, -8.5487172896137053613e-14
1600455973.1677820683, 1.7097434579227410723e-14, 1600455973.1867821217, -1.7097434579227410723e-14, 1600455973.1867821217, -8.5487172896137053613e-14
1600455973.1987819672, 1.7097434579227410723e-14, 1600455973.2177820206, -1.7097434579227410723e-14, 1600455973.2177820206, -8.5487172896137053613e-14
1600455973.2297821045, 1.7097434579227410723e-14, 1600455973.2487821579, -1.7097434579227410723e-14, 1600455973.2487821579, -8.5487172896137053613e-14
1600455973.2607820034, 1.7097434579227410723e-14, 1600455973.2797820568, -1.7097434579227410723e-14, 1600455973.2797820568, -8.5487172896137053613e-14
1600455973.2917821407, 1.7097434579227410723e-14, 1600455973.3107819557, -1.7097434579227410723e-14, 1600455973.3107819557, -8.5487172896137053613e-14
1600455973.3227820396, 1.7097434579227410723e-14, 1600455973.341782093, -1.7097434579227410723e-14, 1600455973.341782093, -8.5487172896137053613e-14
1600455973.3537819386, 1.7097434579227410723e-14, 1600455973.372781992, -1.7097434579227410723e-14, 1600455973.372781992, -8.5487172896137053613e-14
1600455973.3847820759, 1.7097434579227410723e-14, 1600455973.4037821293, -1.7097434579227410723e-14, 1600455973.4037821293, -8.5487172896137053613e-14
1600455973.4157819748, 1.7097434579227410723e-14, 1600455973.4347820282, -1.7097434579227410723e-14, 1600455973.4347820282, -8.5487172896137053613e-14
1600455973.4467821121, 1.7097434579227410723e-14, 1600455973.4657819271, -1.7097434579227410723e-14, 1600455973.4657819271, -8.5487172896137053613e-14
1600455973.477782011, 1.7097434579227410723e-14, 1600455973.4967820644, -1.7097434579227410723e-14, 1600455973.4967820644, -8.5487172896137053613e-14
1600455973.5087821484, 1.7097434579227410723e-14, 1600455973.5277819633, -1.7097434579227410723e-14, 1600455973.5277819633, -8.5487172896137053613e-14
1600455973.5397820473, 1.7097434579227410723e-14, 1600455973.5597820282, -1.7097434579227410723e-14, 1600455973.5597820282, -8.5487172896137053613e-14
1600455973.5707819462, 1.7097434579227410723e-14, 1600455973.5907819271, -1.7097434579227410723e-14, 1600455973.5907819271, -8.5487172896137053613e-14
1600455973.6017820835, 1.7097434579227410723e-14, 1600455973.6217820644, -1.7097434579227410723e-14, 1600455973.6217820644, -8.5487172896137053613e-14
1600455973.6327819824, 1.7097434579227410723e-14, 1600455973.6527819633, -1.7097434579227410723e-14, 1600455973.6527819633, -8.5487172896137053613e-14
1600455973.6637821198, 1.7097434579227410723e-14, 1600455973.6837821007, -1.7097434579227410723e-14, 1600455973.6837821007, -8.5487172896137053613e-14
1600455973.6957819462, 1.7097434579227410723e-14, 1600455973.7147819996, -1.7097434579227410723e-14, 1600455973.7147819996, -8.5487172896137053613e-14
1600455973.725782156, 1.7097434579227410723e-14, 1600455973.7457821369, -1.7097434579227410723e-14, 1600455973.7457821369, -8.5487172896137053613e-14
1600455973.7567820549, 1.7097434579227410723e-14, 1600455973.7767820358, -1.7097434579227410723e-14, 1600455973.7767820358, -8.5487172896137053613e-14
1600455973.7887821198, 1.7097434579227410723e-14, 1600455973.8077819347, -1.7097434579227410723e-14, 1600455973.8077819347, -8.5487172896137053613e-14
1600455973.8197820187, 1.7097434579227410723e-14, 1600455973.8387820721, -1.7097434579227410723e-14, 1600455973.8387820721, -8.5487172896137053613e-14
1600455973.850782156, 1.7097434579227410723e-14, 1600455973.869781971, -1.7097434579227410723e-14, 1600455973.869781971, -8.5487172896137053613e-14
1600455973.8827819824, 1.7097434579227410723e-14, 1600455973.9017820358, -1.7097434579227410723e-14, 1600455973.9017820358, -8.5487172896137053613e-14
1600455973.9137821198, 1.7097434579227410723e-14, 1600455973.9327819347, -1.7097434579227410723e-14, 1600455973.9327819347, -8.5487172896137053613e-14
1600455973.9443919659, 1.7097434579227410723e-14, 1600455973.9633920193, -1.7097434579227410723e-14, 1600455973.9633920193, -8.5487172896137053613e-14
1600455973.9753918648, 1.7097434579227410723e-14, 1600455973.9943919182, -1.7097434579227410723e-14, 1600455973.9943919182, -8.5487172896137053613e-14
1600455974.0063920021, 1.7097434579227410723e-14, 1600455974.0253918171, -1.7097434579227410723e-14, 1600455974.0253918171, -8.5487172896137053613e-14
1600455974.037391901, 1.7097434579227410723e-14, 1600455974.0563919544, -1.7097434579227410723e-14, 1600455974.0563919544, -8.5487172896137053613e-14
1600455974.0683920383, 1.7097434579227410723e-14, 1600455974.0873918533, -1.7097434579227410723e-14, 1600455974.0873918533, -8.5487172896137053613e-14
1600455974.0993919373, 1.7097434579227410723e-14, 1600455974.1183919907, -1.7097434579227410723e-14, 1600455974.1183919907, -8.5487172896137053613e-14
1600455974.1303918362, 1.7097434579227410723e-14, 1600455974.1493918896, -1.7097434579227410723e-14, 1600455974.1493918896, -8.5487172896137053613e-14
1600455974.1613919735, 1.7097434579227410723e-14, 1600455974.1803920269, -1.7097434579227410723e-14, 1600455974.1803920269, -8.5487172896137053613e-14
1600455974.1923918724, 1.7097434579227410723e-14, 1600455974.2113919258, -1.7097434579227410723e-14, 1600455974.2113919258, -8.5487172896137053613e-14
1600455974.2233920097, 1.7097434579227410723e-14, 1600455974.2423918247, -1.7097434579227410723e-14, 1600455974.2423918247, -8.5487172896137053613e-14
1600455974.2543919086, 1.7097434579227410723e-14, 1600455974.2743918896, -1.7097434579227410723e-14, 1600455974.2743918896, -8.5487172896137053613e-14
1600455974.285392046, 1.7097434579227410723e-14, 1600455974.3053920269, -1.7097434579227410723e-14, 1600455974.3053920269, -8.5487172896137053613e-14
1600455974.3163919449, 1.7097434579227410723e-14, 1600455974.3363919258, -1.7097434579227410723e-14, 1600455974.3363919258, -8.5487172896137053613e-14
1600455974.3473918438, 1.7097434579227410723e-14, 1600455974.3673918247, -1.7097434579227410723e-14, 1600455974.3673918247, -8.5487172896137053613e-14
1600455974.3783919811, 1.7097434579227410723e-14, 1600455974.3983919621, -1.7097434579227410723e-14, 1600455974.3983919621, -8.5487172896137053613e-14
1600455974.40939188, 1.7097434579227410723e-14, 1600455974.429391861, -1.7097434579227410723e-14, 1600455974.429391861, -8.5487172896137053613e-14
1600455974.4413919449, 1.7097434579227410723e-14, 1600455974.4603919983, -1.7097434579227410723e-14, 1600455974.4603919983, -8.5487172896137053613e-14
1600455974.4713919163, 1.7097434579227410723e-14, 1600455974.4913918972, -1.7097434579227410723e-14, 1600455974.4913918972, -8.5487172896137053613e-14
1600455974.5033919811, 1.7097434579227410723e-14, 1600455974.5223920345, -1.7097434579227410723e-14, 1600455974.5223920345, -8.5487172896137053613e-14
1600455974.53439188, 1.7097434579227410723e-14, 1600455974.5533919334, -1.7097434579227410723e-14, 1600455974.5533919334, -8.5487172896137053613e-14
1600455974.5653920174, 1.7097434579227410723e-14, 1600455974.5843918324, -1.7097434579227410723e-14, 1600455974.5843918324, -8.5487172896137053613e-14
1600455974.5963919163, 1.7097434579227410723e-14, 1600455974.6153919697, -1.7097434579227410723e-14, 1600455974.6153919697, -8.5487172896137053613e-14
1600455974.6273918152, 1.7097434579227410723e-14, 1600455974.6463918686, -1.7097434579227410723e-14, 1600455974.6463918686, -8.5487172896137053613e-14
1600455974.6913919449, 1.7097434579227410723e-14, 1600455974.7103919983, -1.7097434579227410723e-14, 1600455974.7103919983, -8.5487172896137053613e-14
1600455974.7223918438, 1.7097434579227410723e-14, 1600455974.7413918972, -1.7097434579227410723e-14, 1600455974.7413918972, -8.5487172896137053613e-14
1600455974.7533919811, 1.7097434579227410723e-14, 1600455974.7723920345, -1.7097434579227410723e-14, 1600455974.7723920345, -8.5487172896137053613e-14
1600455974.78439188, 1.7097434579227410723e-14, 1600455974.8033919334, -1.7097434579227410723e-14, 1600455974.8033919334, -8.5487172896137053613e-14
1600455974.8153920174, 1.7097434579227410723e-14, 1600455974.8343918324, -1.7097434579227410723e-14, 1600455974.8343918324, -8.5487172896137053613e-14
1600455974.8463919163, 1.7097434579227410723e-14, 1600455974.8653919697, -1.7097434579227410723e-14, 1600455974.8653919697, -8.5487172896137053613e-14
1600455974.8773918152, 1.7097434579227410723e-14, 1600455974.8963918686, -1.7097434579227410723e-14, 1600455974.8963918686, -8.5487172896137053613e-14
1600455974.9083919525, 1.7097434579227410723e-14, 1600455974.9273920059, -1.7097434579227410723e-14, 1600455974.9273920059, -8.5487172896137053613e-14
1600455974.9393918514, 1.7097434579227410723e-14, 1600455974.9583919048, -1.7097434579227410723e-14, 1600455974.9583919048, -8.5487172896137053613e-14
1600455974.9703919888, 1.7097434579227410723e-14, 1600455974.9893920422, -1.7097434579227410723e-14, 1600455974.9893920422, -8.5487172896137053613e-14
1600455975.0013918877, 1.7097434579227410723e-14, 1600455975.0203919411, -1.7097434579227410723e-14, 1600455975.0203919411, -8.5487172896137053613e-14
1600455975.032392025, 1.7097434579227410723e-14, 1600455975.05139184, -1.7097434579227410723e-14, 1600455975.05139184, -8.5487172896137053613e-14
1600455975.0633919239, 1.7097434579227410723e-14, 1600455975.0823919773, -1.7097434579227410723e-14, 1600455975.0823919773, -8.5487172896137053613e-14
1600455975.0943918228, 1.7097434579227410723e-14, 1600455975.1133918762, -1.7097434579227410723e-14, 1600455975.1133918762, -8.5487172896137053613e-14
1600455975.1253919601, 1.7097434579227410723e-14, 1600455975.1453919411, -1.7097434579227410723e-14, 1600455975.1453919411, -8.5487172896137053613e-14
1600455975.1563918591, 1.7097434579227410723e-14, 1600455975.17639184, -1.7097434579227410723e-14, 1600455975.17639184, -8.5487172896137053613e-14
1600455975.1873919964, 1.7097434579227410723e-14, 1600455975.2073919773, -1.7097434579227410723e-14, 1600455975.2073919773, -8.5487172896137053613e-14
1600455975.2183918953, 1.7097434579227410723e-14, 1600455975.2383918762, -1.7097434579227410723e-14, 1600455975.2383918762, -8.5487172896137053613e-14
1600455975.2493920326, 1.7097434579227410723e-14, 1600455975.2693920135, -1.7097434579227410723e-14, 1600455975.2693920135, -8.5487172896137053613e-14
1600455975.2803919315, 1.7097434579227410723e-14, 1600455975.3003919125, -1.7097434579227410723e-14, 1600455975.3003919125, -8.5487172896137053613e-14
1600455975.3123919964, 1.7097434579227410723e-14, 1600455975.3313918114, -1.7097434579227410723e-14, 1600455975.3313918114, -8.5487172896137053613e-14
1600455975.3423919678, 1.7097434579227410723e-14, 1600455975.3623919487, -1.7097434579227410723e-14, 1600455975.3623919487, -8.5487172896137053613e-14
1600455975.3743920326, 1.7097434579227410723e-14, 1600455975.3933918476, -1.7097434579227410723e-14, 1600455975.3933918476, -8.5487172896137053613e-14
1600455975.4053919315, 1.7097434579227410723e-14, 1600455975.4243919849, -1.7097434579227410723e-14, 1600455975.4243919849, -8.5487172896137053613e-14
1600455975.4363918304, 1.7097434579227410723e-14, 1600455975.4553918839, -1.7097434579227410723e-14, 1600455975.4553918839, -8.5487172896137053613e-14
1600455975.4673919678, 1.7097434579227410723e-14, 1600455975.4863920212, -1.7097434579227410723e-14, 1600455975.4863920212, -8.5487172896137053613e-14
1600455975.4983918667, 1.7097434579227410723e-14, 1600455975.5173919201, -1.7097434579227410723e-14, 1600455975.5173919201, -8.5487172896137053613e-14
1600455975.529392004, 1.7097434579227410723e-14, 1600455975.548391819, -1.7097434579227410723e-14, 1600455975.548391819, -8.5487172896137053613e-14
1600455975.5603919029, 1.7097434579227410723e-14, 1600455975.5793919563, -1.7097434579227410723e-14, 1600455975.5793919563, -8.5487172896137053613e-14
1600455975.5913920403, 1.7097434579227410723e-14, 1600455975.6103918552, -1.7097434579227410723e-14, 1600455975.6103918552, -8.5487172896137053613e-14
1600455975.6223919392, 1.7097434579227410723e-14, 1600455975.6413919926, -1.7097434579227410723e-14, 1600455975.6413919926, -8.5487172896137053613e-14
1600455975.6533918381, 1.7097434579227410723e-14, 1600455975.6723918915, -1.7097434579227410723e-14, 1600455975.6723918915, -8.5487172896137053613e-14
1600455975.6843919754, 1.7097434579227410723e-14, 1600455975.7033920288, -1.7097434579227410723e-14, 1600455975.7033920288, -8.5487172896137053613e-14
1600455975.7153918743, 1.7097434579227410723e-14, 1600455975.7343919277, -1.7097434579227410723e-14, 1600455975.7343919277, -8.5487172896137053613e-14
1600455975.7463920116, 1.7097434579227410723e-14, 1600455975.7653918266, -1.7097434579227410723e-14, 1600455975.7653918266, -8.5487172896137053613e-14
1600455975.7773919106, 1.7097434579227410723e-14, 1600455975.796391964, -1.7097434579227410723e-14, 1600455975.796391964, -8.5487172896137053613e-14
1600455975.8083920479, 1.7097434579227410723e-14, 1600455975.8273918629, -1.7097434579227410723e-14, 1600455975.8273918629, -8.5487172896137053613e-14
1600455975.8393919468, 1.7097434579227410723e-14, 1600455975.8583920002, -1.7097434579227410723e-14, 1600455975.8583920002, -8.5487172896137053613e-14
1600455975.8703918457, 1.7097434579227410723e-14, 1600455975.8893918991, -1.7097434579227410723e-14, 1600455975.8893918991, -8.5487172896137053613e-14
1600455975.901391983, 1.7097434579227410723e-14, 1600455975.9203920364, -1.7097434579227410723e-14, 1600455975.9203920364, -8.5487172896137053613e-14
1600455975.9323918819, 1.7097434579227410723e-14, 1600455975.9513919353, -1.7097434579227410723e-14, 1600455975.9513919353, -8.5487172896137053613e-14
1600455975.9633920193, 1.7097434579227410723e-14, 1600455975.9823918343, -1.7097434579227410723e-14, 1600455975.9823918343, -8.5487172896137053613e-14
1600455975.9943919182, 1.7097434579227410723e-14, 1600455976.0133919716, -1.7097434579227410723e-14, 1600455976.0133919716, -8.5487172896137053613e-14
1600455976.0253918171, 1.7097434579227410723e-14, 1600455976.0443918705, -1.7097434579227410723e-14, 1600455976.0443918705, -8.5487172896137053613e-14
1600455976.0563919544, 1.7097434579227410723e-14, 1600455976.0753920078, -1.7097434579227410723e-14, 1600455976.0753920078, -8.5487172896137053613e-14
1600455976.0873918533, 1.7097434579227410723e-14, 1600455976.1063919067, -1.7097434579227410723e-14, 1600455976.1063919067, -8.5487172896137053613e-14
1600455976.1183919907, 1.7097434579227410723e-14, 1600455976.1373920441, -1.7097434579227410723e-14, 1600455976.1373920441, -8.5487172896137053613e-14
1600455976.1493918896, 1.7097434579227410723e-14, 1600455976.168391943, -1.7097434579227410723e-14, 1600455976.168391943, -8.5487172896137053613e-14
1600455976.1803920269, 1.7097434579227410723e-14, 1600455976.1993918419, -1.7097434579227410723e-14, 1600455976.1993918419, -8.5487172896137053613e-14
1600455976.2113919258, 1.7097434579227410723e-14, 1600455976.2303919792, -1.7097434579227410723e-14, 1600455976.2303919792, -8.5487172896137053613e-14
1600455976.2423918247, 1.7097434579227410723e-14, 1600455976.2613918781, -1.7097434579227410723e-14, 1600455976.2613918781, -8.5487172896137053613e-14
1600455976.2733919621, 1.7097434579227410723e-14, 1600455976.2923920155, -1.7097434579227410723e-14, 1600455976.2923920155, -8.5487172896137053613e-14
1600455976.304391861, 1.7097434579227410723e-14, 1600455976.3243918419, -1.7097434579227410723e-14, 1600455976.3243918419, -8.5487172896137053613e-14
1600455976.3353919983, 1.7097434579227410723e-14, 1600455976.3553919792, -1.7097434579227410723e-14, 1600455976.3553919792, -8.5487172896137053613e-14
1600455976.3663918972, 1.7097434579227410723e-14, 1600455976.3863918781, -1.7097434579227410723e-14, 1600455976.3863918781, -8.5487172896137053613e-14
1600455976.3993918896, 1.7097434579227410723e-14, 1600455976.418391943, -1.7097434579227410723e-14, 1600455976.418391943, -8.5487172896137053613e-14
1600455976.4304118156, 1.7097434579227410723e-14, 1600455976.449411869, -1.7097434579227410723e-14, 1600455976.449411869, -8.5487172896137053613e-14
1600455976.461411953, 1.7097434579227410723e-14, 1600455976.4804120064, -1.7097434579227410723e-14, 1600455976.4804120064, -8.5487172896137053613e-14
1600455976.4924118519, 1.7097434579227410723e-14, 1600455976.5114119053, -1.7097434579227410723e-14, 1600455976.5114119053, -8.5487172896137053613e-14
1600455976.5234119892, 1.7097434579227410723e-14, 1600455976.5424118042, -1.7097434579227410723e-14, 1600455976.5424118042, -8.5487172896137053613e-14
1600455976.5544118881, 1.7097434579227410723e-14, 1600455976.5734119415, -1.7097434579227410723e-14, 1600455976.5734119415, -8.5487172896137053613e-14
1600455976.588411808, 1.7097434579227410723e-14, 1600455976.6084120274, -1.7097434579227410723e-14, 1600455976.6084120274, -8.5487172896137053613e-14
1600455976.6194119453, 1.7097434579227410723e-14, 1600455976.6394119263, -1.7097434579227410723e-14, 1600455976.6394119263, -8.5487172896137053613e-14
1600455976.6504118443, 1.7097434579227410723e-14, 1600455976.6704118252, -1.7097434579227410723e-14, 1600455976.6704118252, -8.5487172896137053613e-14
1600455976.6824119091, 1.7097434579227410723e-14, 1600455976.7014119625, -1.7097434579227410723e-14, 1600455976.7014119625, -8.5487172896137053613e-14
1600455976.7464118004, 1.7097434579227410723e-14, 1600455976.7654118538, -1.7097434579227410723e-14, 1600455976.7654118538, -8.5487172896137053613e-14
1600455976.7774119377, 1.7097434579227410723e-14, 1600455976.7964119911, -1.7097434579227410723e-14, 1600455976.7964119911, -8.5487172896137053613e-14
1600455976.8084118366, 1.7097434579227410723e-14, 1600455976.82741189, -1.7097434579227410723e-14, 1600455976.82741189, -8.5487172896137053613e-14
1600455976.839411974, 1.7097434579227410723e-14, 1600455976.8584120274, -1.7097434579227410723e-14, 1600455976.8584120274, -8.5487172896137053613e-14
1600455976.8704118729, 1.7097434579227410723e-14, 1600455976.8894119263, -1.7097434579227410723e-14, 1600455976.8894119263, -8.5487172896137053613e-14
1600455976.9014120102, 1.7097434579227410723e-14, 1600455976.9204118252, -1.7097434579227410723e-14, 1600455976.9204118252, -8.5487172896137053613e-14
1600455976.9324119091, 1.7097434579227410723e-14, 1600455976.9514119625, -1.7097434579227410723e-14, 1600455976.9514119625, -8.5487172896137053613e-14
1600455976.963411808, 1.7097434579227410723e-14, 1600455976.9824118614, -1.7097434579227410723e-14, 1600455976.9824118614, -8.5487172896137053613e-14
1600455976.9944119453, 1.7097434579227410723e-14, 1600455977.0134119987, -1.7097434579227410723e-14, 1600455977.0134119987, -8.5487172896137053613e-14
1600455977.0254118443, 1.7097434579227410723e-14, 1600455977.0444118977, -1.7097434579227410723e-14, 1600455977.0444118977, -8.5487172896137053613e-14
1600455977.0564119816, 1.7097434579227410723e-14, 1600455977.075412035, -1.7097434579227410723e-14, 1600455977.075412035, -8.5487172896137053613e-14
1600455977.0874118805, 1.7097434579227410723e-14, 1600455977.1064119339, -1.7097434579227410723e-14, 1600455977.1064119339, -8.5487172896137053613e-14
1600455977.1184120178, 1.7097434579227410723e-14, 1600455977.1374118328, -1.7097434579227410723e-14, 1600455977.1374118328, -8.5487172896137053613e-14
1600455977.1494119167, 1.7097434579227410723e-14, 1600455977.1684119701, -1.7097434579227410723e-14, 1600455977.1684119701, -8.5487172896137053613e-14
1600455977.1804118156, 1.7097434579227410723e-14, 1600455977.199411869, -1.7097434579227410723e-14, 1600455977.199411869, -8.5487172896137053613e-14
1600455977.211411953, 1.7097434579227410723e-14, 1600455977.2304120064, -1.7097434579227410723e-14, 1600455977.2304120064, -8.5487172896137053613e-14
1600455977.2424118519, 1.7097434579227410723e-14, 1600455977.2614119053, -1.7097434579227410723e-14, 1600455977.2614119053, -8.5487172896137053613e-14
1600455977.2734119892, 1.7097434579227410723e-14, 1600455977.2924118042, -1.7097434579227410723e-14, 1600455977.2924118042, -8.5487172896137053613e-14
1600455977.3044118881, 1.7097434579227410723e-14, 1600455977.3234119415, -1.7097434579227410723e-14, 1600455977.3234119415, -8.5487172896137053613e-14
1600455977.3354120255, 1.7097434579227410723e-14, 1600455977.3554120064, -1.7097434579227410723e-14, 1600455977.3554120064, -8.5487172896137053613e-14
1600455977.3664119244, 1.7097434579227410723e-14, 1600455977.3864119053, -1.7097434579227410723e-14, 1600455977.3864119053, -8.5487172896137053613e-14
1600455977.3974118233, 1.7097434579227410723e-14, 1600455977.4174118042, -1.7097434579227410723e-14, 1600455977.4174118042, -8.5487172896137053613e-14
1600455977.4284119606, 1.7097434579227410723e-14, 1600455977.4484119415, -1.7097434579227410723e-14, 1600455977.4484119415, -8.5487172896137053613e-14
1600455977.4594118595, 1.7097434579227410723e-14, 1600455977.4794118404, -1.7097434579227410723e-14, 1600455977.4794118404, -8.5487172896137053613e-14
1600455977.4904119968, 1.7097434579227410723e-14, 1600455977.5104119778, -1.7097434579227410723e-14, 1600455977.5104119778, -8.5487172896137053613e-14
1600455977.5214118958, 1.7097434579227410723e-14, 1600455977.5414118767, -1.7097434579227410723e-14, 1600455977.5414118767, -8.5487172896137053613e-14
1600455977.5534119606, 1.7097434579227410723e-14, 1600455977.572412014, -1.7097434579227410723e-14, 1600455977.572412014, -8.5487172896137053613e-14
1600455977.5844118595, 1.7097434579227410723e-14, 1600455977.6034119129, -1.7097434579227410723e-14, 1600455977.6034119129, -8.5487172896137053613e-14
1600455977.6154119968, 1.7097434579227410723e-14, 1600455977.6344118118, -1.7097434579227410723e-14, 1600455977.6344118118, -8.5487172896137053613e-14
1600455977.6464118958, 1.7097434579227410723e-14, 1600455977.6654119492, -1.7097434579227410723e-14, 1600455977.6654119492, -8.5487172896137053613e-14
1600455977.6774120331, 1.7097434579227410723e-14, 1600455977.6964118481, -1.7097434579227410723e-14, 1600455977.6964118481, -8.5487172896137053613e-14
1600455977.708411932, 1.7097434579227410723e-14, 1600455977.7274119854, -1.7097434579227410723e-14, 1600455977.7274119854, -8.5487172896137053613e-14
1600455977.7394118309, 1.7097434579227410723e-14, 1600455977.7584118843, -1.7097434579227410723e-14, 1600455977.7584118843, -8.5487172896137053613e-14
1600455977.7704119682, 1.7097434579227410723e-14, 1600455977.7894120216, -1.7097434579227410723e-14, 1600455977.7894120216, -8.5487172896137053613e-14
1600455977.8014118671, 1.7097434579227410723e-14, 1600455977.8204119205, -1.7097434579227410723e-14, 1600455977.8204119205, -8.5487172896137053613e-14
1600455977.8324120045, 1.7097434579227410723e-14, 1600455977.8514118195, -1.7097434579227410723e-14, 1600455977.8514118195, -8.5487172896137053613e-14
1600455977.8634119034, 1.7097434579227410723e-14, 1600455977.8824119568, -1.7097434579227410723e-14, 1600455977.8824119568, -8.5487172896137053613e-14
1600455977.8944118023, 1.7097434579227410723e-14, 1600455977.9134118557, -1.7097434579227410723e-14, 1600455977.9134118557, -8.5487172896137053613e-14
1600455977.9254119396, 1.7097434579227410723e-14, 1600455977.944411993, -1.7097434579227410723e-14, 1600455977.944411993, -8.5487172896137053613e-14
1600455977.9564118385, 1.7097434579227410723e-14, 1600455977.9754118919, -1.7097434579227410723e-14, 1600455977.9754118919, -8.5487172896137053613e-14
1600455977.9874119759, 1.7097434579227410723e-14, 1600455978.0064120293, -1.7097434579227410723e-14, 1600455978.0064120293, -8.5487172896137053613e-14
1600455978.0184118748, 1.7097434579227410723e-14, 1600455978.0374119282, -1.7097434579227410723e-14, 1600455978.0374119282, -8.5487172896137053613e-14
1600455978.0494120121, 1.7097434579227410723e-14, 1600455978.0684118271, -1.7097434579227410723e-14, 1600455978.0684118271, -8.5487172896137053613e-14
1600455978.080411911, 1.7097434579227410723e-14, 1600455978.0994119644, -1.7097434579227410723e-14, 1600455978.0994119644, -8.5487172896137053613e-14
1600455978.1114118099, 1.7097434579227410723e-14, 1600455978.1304118633, -1.7097434579227410723e-14, 1600455978.1304118633, -8.5487172896137053613e-14
1600455978.1424119473, 1.7097434579227410723e-14, 1600455978.1614120007, -1.7097434579227410723e-14, 1600455978.1614120007, -8.5487172896137053613e-14
1600455978.1734118462, 1.7097434579227410723e-14, 1600455978.1924118996, -1.7097434579227410723e-14, 1600455978.1924118996, -8.5487172896137053613e-14
1600455978.2044119835, 1.7097434579227410723e-14, 1600455978.2234117985, -1.7097434579227410723e-14, 1600455978.2234117985, -8.5487172896137053613e-14
1600455978.2354118824, 1.7097434579227410723e-14, 1600455978.2544119358, -1.7097434579227410723e-14, 1600455978.2544119358, -8.5487172896137053613e-14
1600455978.2664120197, 1.7097434579227410723e-14, 1600455978.2854118347, -1.7097434579227410723e-14, 1600455978.2854118347, -8.5487172896137053613e-14
1600455978.2974119186, 1.7097434579227410723e-14, 1600455978.316411972, -1.7097434579227410723e-14, 1600455978.316411972, -8.5487172896137053613e-14
1600455978.3284118176, 1.7097434579227410723e-14, 1600455978.347411871, -1.7097434579227410723e-14, 1600455978.347411871, -8.5487172896137053613e-14
1600455978.3594119549, 1.7097434579227410723e-14, 1600455978.3784120083, -1.7097434579227410723e-14, 1600455978.3784120083, -8.5487172896137053613e-14
1600455978.3904118538, 1.7097434579227410723e-14, 1600455978.4094119072, -1.7097434579227410723e-14, 1600455978.4094119072, -8.5487172896137053613e-14
1600455978.4214119911, 1.7097434579227410723e-14, 1600455978.4404118061, -1.7097434579227410723e-14, 1600455978.4404118061, -8.5487172896137053613e-14
1600455978.45241189, 1.7097434579227410723e-14, 1600455978.4714119434, -1.7097434579227410723e-14, 1600455978.4714119434, -8.5487172896137053613e-14
1600455978.4834120274, 1.7097434579227410723e-14, 1600455978.5024118423, -1.7097434579227410723e-14, 1600455978.5024118423, -8.5487172896137053613e-14
1600455978.5144119263, 1.7097434579227410723e-14, 1600455978.5344119072, -1.7097434579227410723e-14, 1600455978.5344119072, -8.5487172896137053613e-14
1600455978.5454118252, 1.7097434579227410723e-14, 1600455978.5654118061, -1.7097434579227410723e-14, 1600455978.5654118061, -8.5487172896137053613e-14
1600455978.5764119625, 1.7097434579227410723e-14, 1600455978.5964119434, -1.7097434579227410723e-14, 1600455978.5964119434, -8.5487172896137053613e-14
1600455978.6074118614, 1.7097434579227410723e-14, 1600455978.6274118423, -1.7097434579227410723e-14, 1600455978.6274118423, -8.5487172896137053613e-14
1600455978.6384119987, 1.7097434579227410723e-14, 1600455978.6584119797, -1.7097434579227410723e-14, 1600455978.6584119797, -8.5487172896137053613e-14
1600455978.6704118252, 1.7097434579227410723e-14, 1600455978.6894118786, -1.7097434579227410723e-14, 1600455978.6894118786, -8.5487172896137053613e-14
1600455978.700412035, 1.7097434579227410723e-14, 1600455978.7204120159, -1.7097434579227410723e-14, 1600455978.7204120159, -8.5487172896137053613e-14
1600455978.7324118614, 1.7097434579227410723e-14, 1600455978.7514119148, -1.7097434579227410723e-14, 1600455978.7514119148, -8.5487172896137053613e-14
1600455978.7964119911, 1.7097434579227410723e-14, 1600455978.8154118061, -1.7097434579227410723e-14, 1600455978.8154118061, -8.5487172896137053613e-14
1600455978.82741189, 1.7097434579227410723e-14, 1600455978.8464119434, -1.7097434579227410723e-14, 1600455978.8464119434, -8.5487172896137053613e-14
1600455978.8584120274, 1.7097434579227410723e-14, 1600455978.8774118423, -1.7097434579227410723e-14, 1600455978.8774118423, -8.5487172896137053613e-14
1600455978.8894119263, 1.7097434579227410723e-14, 1600455978.9084119797, -1.7097434579227410723e-14, 1600455978.9084119797, -8.5487172896137053613e-14
1600455978.9214119911, 1.7097434579227410723e-14, 1600455978.941411972, -1.7097434579227410723e-14, 1600455978.941411972, -8.5487172896137053613e-14
1600455978.9521348476, 1.7097434579227410723e-14, 1600455978.972135067, -1.7097434579227410723e-14, 1600455978.972135067, -8.5487172896137053613e-14
1600455978.983134985, 1.7097434579227410723e-14, 1600455979.0031349659, -1.7097434579227410723e-14, 1600455979.0031349659, -8.5487172896137053613e-14
1600455979.0141348839, 1.7097434579227410723e-14, 1600455979.0341348648, -1.7097434579227410723e-14, 1600455979.0341348648, -8.5487172896137053613e-14
1600455979.0451350212, 1.7097434579227410723e-14, 1600455979.0651350021, -1.7097434579227410723e-14, 1600455979.0651350021, -8.5487172896137053613e-14
1600455979.0761349201, 1.7097434579227410723e-14, 1600455979.096134901, -1.7097434579227410723e-14, 1600455979.096134901, -8.5487172896137053613e-14
1600455979.1071350574, 1.7097434579227410723e-14, 1600455979.1271350384, -1.7097434579227410723e-14, 1600455979.1271350384, -8.5487172896137053613e-14
1600455979.1381349564, 1.7097434579227410723e-14, 1600455979.1581349373, -1.7097434579227410723e-14, 1600455979.1581349373, -8.5487172896137053613e-14
1600455979.1701350212, 1.7097434579227410723e-14, 1600455979.1891348362, -1.7097434579227410723e-14, 1600455979.1891348362, -8.5487172896137053613e-14
1600455979.2011349201, 1.7097434579227410723e-14, 1600455979.2201349735, -1.7097434579227410723e-14, 1600455979.2201349735, -8.5487172896137053613e-14
1600455979.2321350574, 1.7097434579227410723e-14, 1600455979.2511348724, -1.7097434579227410723e-14, 1600455979.2511348724, -8.5487172896137053613e-14
1600455979.2631349564, 1.7097434579227410723e-14, 1600455979.2821350098, -1.7097434579227410723e-14, 1600455979.2821350098, -8.5487172896137053613e-14
1600455979.2941348553, 1.7097434579227410723e-14, 1600455979.3131349087, -1.7097434579227410723e-14, 1600455979.3131349087, -8.5487172896137053613e-14
1600455979.3251349926, 1.7097434579227410723e-14, 1600455979.344135046, -1.7097434579227410723e-14, 1600455979.344135046, -8.5487172896137053613e-14
1600455979.3561348915, 1.7097434579227410723e-14, 1600455979.3751349449, -1.7097434579227410723e-14, 1600455979.3751349449, -8.5487172896137053613e-14
1600455979.3871350288, 1.7097434579227410723e-14, 1600455979.4061348438, -1.7097434579227410723e-14, 1600455979.4061348438, -8.5487172896137053613e-14
1600455979.4181349277, 1.7097434579227410723e-14, 1600455979.4371349812, -1.7097434579227410723e-14, 1600455979.4371349812, -8.5487172896137053613e-14
1600455979.4491350651, 1.7097434579227410723e-14, 1600455979.4681348801, -1.7097434579227410723e-14, 1600455979.4681348801, -8.5487172896137053613e-14
1600455979.480134964, 1.7097434579227410723e-14, 1600455979.4991350174, -1.7097434579227410723e-14, 1600455979.4991350174, -8.5487172896137053613e-14
1600455979.5111348629, 1.7097434579227410723e-14, 1600455979.5301349163, -1.7097434579227410723e-14, 1600455979.5301349163, -8.5487172896137053613e-14
1600455979.5421350002, 1.7097434579227410723e-14, 1600455979.5611350536, -1.7097434579227410723e-14, 1600455979.5611350536, -8.5487172896137053613e-14
1600455979.5731348991, 1.7097434579227410723e-14, 1600455979.5921349525, -1.7097434579227410723e-14, 1600455979.5921349525, -8.5487172896137053613e-14
1600455979.6041350365, 1.7097434579227410723e-14, 1600455979.6231348515, -1.7097434579227410723e-14, 1600455979.6231348515, -8.5487172896137053613e-14
1600455979.6351349354, 1.7097434579227410723e-14, 1600455979.6541349888, -1.7097434579227410723e-14, 1600455979.6541349888, -8.5487172896137053613e-14
1600455979.6661348343, 1.7097434579227410723e-14, 1600455979.6851348877, -1.7097434579227410723e-14, 1600455979.6851348877, -8.5487172896137053613e-14
1600455979.6971349716, 1.7097434579227410723e-14, 1600455979.716135025, -1.7097434579227410723e-14, 1600455979.716135025, -8.5487172896137053613e-14
1600455979.7281348705, 1.7097434579227410723e-14, 1600455979.7471349239, -1.7097434579227410723e-14, 1600455979.7471349239, -8.5487172896137053613e-14
1600455979.7591350079, 1.7097434579227410723e-14, 1600455979.7781350613, -1.7097434579227410723e-14, 1600455979.7781350613, -8.5487172896137053613e-14
1600455979.7901349068, 1.7097434579227410723e-14, 1600455979.8091349602, -1.7097434579227410723e-14, 1600455979.8091349602, -8.5487172896137053613e-14
1600455979.8211350441, 1.7097434579227410723e-14, 1600455979.8401348591, -1.7097434579227410723e-14, 1600455979.8401348591, -8.5487172896137053613e-14
1600455979.852134943, 1.7097434579227410723e-14, 1600455979.8711349964, -1.7097434579227410723e-14, 1600455979.8711349964, -8.5487172896137053613e-14
1600455979.8831348419, 1.7097434579227410723e-14, 1600455979.9021348953, -1.7097434579227410723e-14, 1600455979.9021348953, -8.5487172896137053613e-14
1600455979.9141349792, 1.7097434579227410723e-14, 1600455979.9331350327, -1.7097434579227410723e-14, 1600455979.9331350327, -8.5487172896137053613e-14
1600455979.9451348782, 1.7097434579227410723e-14, 1600455979.9641349316, -1.7097434579227410723e-14, 1600455979.9641349316, -8.5487172896137053613e-14
1600455979.9761350155, 1.7097434579227410723e-14, 1600455979.9951348305, -1.7097434579227410723e-14, 1600455979.9951348305, -8.5487172896137053613e-14
1600455980.0071349144, 1.7097434579227410723e-14, 1600455980.0261349678, -1.7097434579227410723e-14, 1600455980.0261349678, -8.5487172896137053613e-14
1600455980.0381350517, 1.7097434579227410723e-14, 1600455980.0571348667, -1.7097434579227410723e-14, 1600455980.0571348667, -8.5487172896137053613e-14
1600455980.0691349506, 1.7097434579227410723e-14, 1600455980.088135004, -1.7097434579227410723e-14, 1600455980.088135004, -8.5487172896137053613e-14
1600455980.1001348495, 1.7097434579227410723e-14, 1600455980.1201348305, -1.7097434579227410723e-14, 1600455980.1201348305, -8.5487172896137053613e-14
1600455980.1311349869, 1.7097434579227410723e-14, 1600455980.1511349678, -1.7097434579227410723e-14, 1600455980.1511349678, -8.5487172896137053613e-14
1600455980.1621348858, 1.7097434579227410723e-14, 1600455980.1821348667, -1.7097434579227410723e-14, 1600455980.1821348667, -8.5487172896137053613e-14
1600455980.1931350231, 1.7097434579227410723e-14, 1600455980.213135004, -1.7097434579227410723e-14, 1600455980.213135004, -8.5487172896137053613e-14
1600455980.224134922, 1.7097434579227410723e-14, 1600455980.244134903, -1.7097434579227410723e-14, 1600455980.244134903, -8.5487172896137053613e-14
1600455980.2551350594, 1.7097434579227410723e-14, 1600455980.2751350403, -1.7097434579227410723e-14, 1600455980.2751350403, -8.5487172896137053613e-14
1600455980.2871348858, 1.7097434579227410723e-14, 1600455980.3061349392, -1.7097434579227410723e-14, 1600455980.3061349392, -8.5487172896137053613e-14
1600455980.3181350231, 1.7097434579227410723e-14, 1600455980.3371348381, -1.7097434579227410723e-14, 1600455980.3371348381, -8.5487172896137053613e-14
1600455980.349134922, 1.7097434579227410723e-14, 1600455980.3681349754, -1.7097434579227410723e-14, 1600455980.3681349754, -8.5487172896137053613e-14
1600455980.3801350594, 1.7097434579227410723e-14, 1600455980.3991348743, -1.7097434579227410723e-14, 1600455980.3991348743, -8.5487172896137053613e-14
1600455980.4111349583, 1.7097434579227410723e-14, 1600455980.4301350117, -1.7097434579227410723e-14, 1600455980.4301350117, -8.5487172896137053613e-14
1600455980.4421348572, 1.7097434579227410723e-14, 1600455980.4611349106, -1.7097434579227410723e-14, 1600455980.4611349106, -8.5487172896137053613e-14
1600455980.4731349945, 1.7097434579227410723e-14, 1600455980.4921350479, -1.7097434579227410723e-14, 1600455980.4921350479, -8.5487172896137053613e-14
1600455980.5041348934, 1.7097434579227410723e-14, 1600455980.5231349468, -1.7097434579227410723e-14, 1600455980.5231349468, -8.5487172896137053613e-14
1600455980.5351350307, 1.7097434579227410723e-14, 1600455980.5541348457, -1.7097434579227410723e-14, 1600455980.5541348457, -8.5487172896137053613e-14
1600455980.5661349297, 1.7097434579227410723e-14, 1600455980.5851349831, -1.7097434579227410723e-14, 1600455980.5851349831, -8.5487172896137053613e-14
1600455980.597135067, 1.7097434579227410723e-14, 1600455980.616134882, -1.7097434579227410723e-14, 1600455980.616134882, -8.5487172896137053613e-14
1600455980.6281349659, 1.7097434579227410723e-14, 1600455980.6471350193, -1.7097434579227410723e-14, 1600455980.6471350193, -8.5487172896137053613e-14
1600455980.6591348648, 1.7097434579227410723e-14, 1600455980.6781349182, -1.7097434579227410723e-14, 1600455980.6781349182, -8.5487172896137053613e-14
1600455980.6901350021, 1.7097434579227410723e-14, 1600455980.7091350555, -1.7097434579227410723e-14, 1600455980.7091350555, -8.5487172896137053613e-14
1600455980.721134901, 1.7097434579227410723e-14, 1600455980.7401349545, -1.7097434579227410723e-14, 1600455980.7401349545, -8.5487172896137053613e-14
1600455980.7521350384, 1.7097434579227410723e-14, 1600455980.7711348534, -1.7097434579227410723e-14, 1600455980.7711348534, -8.5487172896137053613e-14
1600455980.7831349373, 1.7097434579227410723e-14, 1600455980.8021349907, -1.7097434579227410723e-14, 1600455980.8021349907, -8.5487172896137053613e-14
1600455980.847135067, 1.7097434579227410723e-14, 1600455980.866134882, -1.7097434579227410723e-14, 1600455980.866134882, -8.5487172896137053613e-14
1600455980.8781349659, 1.7097434579227410723e-14, 1600455980.8971350193, -1.7097434579227410723e-14, 1600455980.8971350193, -8.5487172896137053613e-14
1600455980.9091348648, 1.7097434579227410723e-14, 1600455980.9281349182, -1.7097434579227410723e-14, 1600455980.9281349182, -8.5487172896137053613e-14
1600455980.9401350021, 1.7097434579227410723e-14, 1600455980.9591350555, -1.7097434579227410723e-14, 1600455980.9591350555, -8.5487172896137053613e-14
1600455980.971134901, 1.7097434579227410723e-14, 1600455980.991134882, -1.7097434579227410723e-14, 1600455980.991134882, -8.5487172896137053613e-14
1600455981.0021350384, 1.7097434579227410723e-14, 1600455981.0221350193, -1.7097434579227410723e-14, 1600455981.0221350193, -8.5487172896137053613e-14
1600455981.0331349373, 1.7097434579227410723e-14, 1600455981.0531349182, -1.7097434579227410723e-14, 1600455981.0531349182, -8.5487172896137053613e-14
1600455981.0641348362, 1.7097434579227410723e-14, 1600455981.0841350555, -1.7097434579227410723e-14, 1600455981.0841350555, -8.5487172896137053613e-14
1600455981.0951349735, 1.7097434579227410723e-14, 1600455981.1151349545, -1.7097434579227410723e-14, 1600455981.1151349545, -8.5487172896137053613e-14
1600455981.1261348724, 1.7097434579227410723e-14, 1600455981.1461348534, -1.7097434579227410723e-14, 1600455981.1461348534, -8.5487172896137053613e-14
1600455981.1581349373, 1.7097434579227410723e-14, 1600455981.1771349907, -1.7097434579227410723e-14, 1600455981.1771349907, -8.5487172896137053613e-14
1600455981.1891348362, 1.7097434579227410723e-14, 1600455981.2081348896, -1.7097434579227410723e-14, 1600455981.2081348896, -8.5487172896137053613e-14
1600455981.2201349735, 1.7097434579227410723e-14, 1600455981.2391350269, -1.7097434579227410723e-14, 1600455981.2391350269, -8.5487172896137053613e-14
1600455981.2511348724, 1.7097434579227410723e-14, 1600455981.2701349258, -1.7097434579227410723e-14, 1600455981.2701349258, -8.5487172896137053613e-14
1600455981.2821350098, 1.7097434579227410723e-14, 1600455981.3011350632, -1.7097434579227410723e-14, 1600455981.3011350632, -8.5487172896137053613e-14
1600455981.3131349087, 1.7097434579227410723e-14, 1600455981.3321349621, -1.7097434579227410723e-14, 1600455981.3321349621, -8.5487172896137053613e-14
1600455981.344135046, 1.7097434579227410723e-14, 1600455981.363134861, -1.7097434579227410723e-14, 1600455981.363134861, -8.5487172896137053613e-14
1600455981.3751349449, 1.7097434579227410723e-14, 1600455981.3941349983, -1.7097434579227410723e-14, 1600455981.3941349983, -8.5487172896137053613e-14
1600455981.4061348438, 1.7097434579227410723e-14, 1600455981.4251348972, -1.7097434579227410723e-14, 1600455981.4251348972, -8.5487172896137053613e-14
1600455981.4381349087, 1.7097434579227410723e-14, 1600455981.4571349621, -1.7097434579227410723e-14, 1600455981.4571349621, -8.5487172896137053613e-14
1600455981.469135046, 1.7097434579227410723e-14, 1600455981.488134861, -1.7097434579227410723e-14, 1600455981.488134861, -8.5487172896137053613e-14
1600455981.4997060299, 1.7097434579227410723e-14, 1600455981.5187060833, -1.7097434579227410723e-14, 1600455981.5187060833, -8.5487172896137053613e-14
1600455981.5307059288, 1.7097434579227410723e-14, 1600455981.5497059822, -1.7097434579227410723e-14, 1600455981.5497059822, -8.5487172896137053613e-14
1600455981.5617060661, 1.7097434579227410723e-14, 1600455981.5807058811, -1.7097434579227410723e-14, 1600455981.5807058811, -8.5487172896137053613e-14
1600455981.5967059135, 1.7097434579227410723e-14, 1600455981.6157059669, -1.7097434579227410723e-14, 1600455981.6157059669, -8.5487172896137053613e-14
1600455981.6277060509, 1.7097434579227410723e-14, 1600455981.6467061043, -1.7097434579227410723e-14, 1600455981.6467061043, -8.5487172896137053613e-14
1600455981.6587059498, 1.7097434579227410723e-14, 1600455981.6777060032, -1.7097434579227410723e-14, 1600455981.6777060032, -8.5487172896137053613e-14
1600455981.6897060871, 1.7097434579227410723e-14, 1600455981.7087059021, -1.7097434579227410723e-14, 1600455981.7087059021, -8.5487172896137053613e-14
1600455981.720705986, 1.7097434579227410723e-14, 1600455981.7397060394, -1.7097434579227410723e-14, 1600455981.7397060394, -8.5487172896137053613e-14
1600455981.7517058849, 1.7097434579227410723e-14, 1600455981.7707059383, -1.7097434579227410723e-14, 1600455981.7707059383, -8.5487172896137053613e-14
1600455981.7827060223, 1.7097434579227410723e-14, 1600455981.8017060757, -1.7097434579227410723e-14, 1600455981.8017060757, -8.5487172896137053613e-14
1600455981.8137059212, 1.7097434579227410723e-14, 1600455981.8327059746, -1.7097434579227410723e-14, 1600455981.8327059746, -8.5487172896137053613e-14
1600455981.8447060585, 1.7097434579227410723e-14, 1600455981.8637061119, -1.7097434579227410723e-14, 1600455981.8637061119, -8.5487172896137053613e-14
1600455981.8757059574, 1.7097434579227410723e-14, 1600455981.8947060108, -1.7097434579227410723e-14, 1600455981.8947060108, -8.5487172896137053613e-14
1600455981.9067060947, 1.7097434579227410723e-14, 1600455981.9257059097, -1.7097434579227410723e-14, 1600455981.9257059097, -8.5487172896137053613e-14
1600455981.9377059937, 1.7097434579227410723e-14, 1600455981.9567060471, -1.7097434579227410723e-14, 1600455981.9567060471, -8.5487172896137053613e-14
1600455981.9687058926, 1.7097434579227410723e-14, 1600455981.987705946, -1.7097434579227410723e-14, 1600455981.987705946, -8.5487172896137053613e-14
1600455981.9997060299, 1.7097434579227410723e-14, 1600455982.0187060833, -1.7097434579227410723e-14, 1600455982.0187060833, -8.5487172896137053613e-14
1600455982.0307059288, 1.7097434579227410723e-14, 1600455982.0497059822, -1.7097434579227410723e-14, 1600455982.0497059822, -8.5487172896137053613e-14
1600455982.0617060661, 1.7097434579227410723e-14, 1600455982.0807058811, -1.7097434579227410723e-14, 1600455982.0807058811, -8.5487172896137053613e-14
1600455982.092705965, 1.7097434579227410723e-14, 1600455982.1117060184, -1.7097434579227410723e-14, 1600455982.1117060184, -8.5487172896137053613e-14
1600455982.1237061024, 1.7097434579227410723e-14, 1600455982.1427059174, -1.7097434579227410723e-14, 1600455982.1427059174, -8.5487172896137053613e-14
1600455982.1547060013, 1.7097434579227410723e-14, 1600455982.1737060547, -1.7097434579227410723e-14, 1600455982.1737060547, -8.5487172896137053613e-14
1600455982.1857059002, 1.7097434579227410723e-14, 1600455982.2047059536, -1.7097434579227410723e-14, 1600455982.2047059536, -8.5487172896137053613e-14
1600455982.2167060375, 1.7097434579227410723e-14, 1600455982.2357060909, -1.7097434579227410723e-14, 1600455982.2357060909, -8.5487172896137053613e-14
1600455982.2477059364, 1.7097434579227410723e-14, 1600455982.2667059898, -1.7097434579227410723e-14, 1600455982.2667059898, -8.5487172896137053613e-14
1600455982.2787060738, 1.7097434579227410723e-14, 1600455982.2977058887, -1.7097434579227410723e-14, 1600455982.2977058887, -8.5487172896137053613e-14
1600455982.3097059727, 1.7097434579227410723e-14, 1600455982.3297059536, -1.7097434579227410723e-14, 1600455982.3297059536, -8.5487172896137053613e-14
1600455982.34070611, 1.7097434579227410723e-14, 1600455982.3607060909, -1.7097434579227410723e-14, 1600455982.3607060909, -8.5487172896137053613e-14
1600455982.3717060089, 1.7097434579227410723e-14, 1600455982.3917059898, -1.7097434579227410723e-14, 1600455982.3917059898, -8.5487172896137053613e-14
1600455982.4027059078, 1.7097434579227410723e-14, 1600455982.4227058887, -1.7097434579227410723e-14, 1600455982.4227058887, -8.5487172896137053613e-14
1600455982.4337060452, 1.7097434579227410723e-14, 1600455982.4537060261, -1.7097434579227410723e-14, 1600455982.4537060261, -8.5487172896137053613e-14
1600455982.4647059441, 1.7097434579227410723e-14, 1600455982.484705925, -1.7097434579227410723e-14, 1600455982.484705925, -8.5487172896137053613e-14
1600455982.4957060814, 1.7097434579227410723e-14, 1600455982.5157060623, -1.7097434579227410723e-14, 1600455982.5157060623, -8.5487172896137053613e-14
1600455982.5277059078, 1.7097434579227410723e-14, 1600455982.5467059612, -1.7097434579227410723e-14, 1600455982.5467059612, -8.5487172896137053613e-14
1600455982.5587060452, 1.7097434579227410723e-14, 1600455982.5777060986, -1.7097434579227410723e-14, 1600455982.5777060986, -8.5487172896137053613e-14
1600455982.5897059441, 1.7097434579227410723e-14, 1600455982.6087059975, -1.7097434579227410723e-14, 1600455982.6087059975, -8.5487172896137053613e-14
1600455982.6207060814, 1.7097434579227410723e-14, 1600455982.6397058964, -1.7097434579227410723e-14, 1600455982.6397058964, -8.5487172896137053613e-14
1600455982.6517059803, 1.7097434579227410723e-14, 1600455982.6707060337, -1.7097434579227410723e-14, 1600455982.6707060337, -8.5487172896137053613e-14
1600455982.6827058792, 1.7097434579227410723e-14, 1600455982.7017059326, -1.7097434579227410723e-14, 1600455982.7017059326, -8.5487172896137053613e-14
1600455982.7137060165, 1.7097434579227410723e-14, 1600455982.7327060699, -1.7097434579227410723e-14, 1600455982.7327060699, -8.5487172896137053613e-14
1600455982.7447059155, 1.7097434579227410723e-14, 1600455982.7637059689, -1.7097434579227410723e-14, 1600455982.7637059689, -8.5487172896137053613e-14
1600455982.7757060528, 1.7097434579227410723e-14, 1600455982.7947061062, -1.7097434579227410723e-14, 1600455982.7947061062, -8.5487172896137053613e-14
1600455982.8067059517, 1.7097434579227410723e-14, , , , 
