# /joint_state/header/stamp, /joint_state/velocity/0, /pid_left_state/header/stamp, /pid_left_state/error, /pid_left_state/header/stamp, /pid_left_state/output
1600427695.5217289925, 0, 1600427695.5417289734, 0, 1600427695.5417289734, 0
1600427695.5527288914, 0, 1600427695.5727288723, 0, 1600427695.5727288723, 0
1600427695.5847289562, 0, 1600427695.6037290096, 0, 1600427695.6037290096, 0
1600427695.6157290936, 0, 1600427695.6347289085, 0, 1600427695.6347289085, 0
1600427695.6467289925, 0, 1600427695.6657290459, 0, 1600427695.6657290459, 0
1600427695.6777288914, 0, 1600427695.6967289448, 0, 1600427695.6967289448, 0
1600427695.7087290287, 0, 1600427695.7277290821, 0, 1600427695.7277290821, 0
1600427695.7397289276, 0, 1600427695.758728981, 0, 1600427695.758728981, 0
1600427695.7707290649, 0, 1600427695.7897288799, 0, 1600427695.7897288799, 0
1600427695.8017289639, 0, 1600427695.8207290173, 0, 1600427695.8207290173, 0
1600427695.8327291012, 0, 1600427695.8517289162, 0, 1600427695.8517289162, 0
1600427695.8637290001, 0, 1600427695.8827290535, 0, 1600427695.8827290535, 0
1600427695.894728899, 0, 1600427695.9137289524, 0, 1600427695.9137289524, 0
1600427695.9257290363, 0, 1600427695.9447290897, 0, 1600427695.9447290897, 0
1600427695.9567289352, 0, 1600427695.9757289886, 0, 1600427695.9757289886, 0
1600427695.9877290726, 0, 1600427696.0067288876, 0, 1600427696.0067288876, 0
1600427696.019728899, 0, 1600427696.0387289524, 0, 1600427696.0387289524, 0
1600427696.0847289562, 0, 1600427696.1037290096, 0, 1600427696.1037290096, 0
1600427696.1362948418, 0, 1600427696.1552948952, 0, 1600427696.1552948952, 0
1600427696.1672949791, 0, 1600427696.1862947941, 0, 1600427696.1862947941, 0
1600427696.198294878, 0, 1600427696.2172949314, 0, 1600427696.2172949314, 0
1600427696.2292947769, 0, 1600427696.2482948303, 0, 1600427696.2482948303, 0
1600427696.2602949142, 0, 1600427696.2792949677, 0, 1600427696.2792949677, 0
1600427696.2912948132, 0, 1600427696.3102948666, 0, 1600427696.3102948666, 0
1600427696.3222949505, 0, 1600427696.3412950039, 0, 1600427696.3412950039, 0
1600427696.3532948494, 0, 1600427696.3722949028, 0, 1600427696.3722949028, 0
1600427696.3842949867, 0, 1600427696.4032948017, 0, 1600427696.4032948017, 0
1600427696.4152948856, 0, 1600427696.434294939, 0, 1600427696.434294939, 0
1600427696.4462947845, 0, 1600427696.465294838, 0, 1600427696.465294838, 0
1600427696.4772949219, 0, 1600427696.4962949753, 0, 1600427696.4962949753, 0
1600427696.5082948208, 0, 1600427696.5272948742, 0, 1600427696.5272948742, 0
1600427696.5392949581, 0, 1600427696.5582947731, 0, 1600427696.5582947731, 0
1600427696.570294857, 0, 1600427696.5892949104, 0, 1600427696.5892949104, 0
1600427696.6012949944, 0, 1600427696.6202948093, 0, 1600427696.6202948093, 0
1600427696.6322948933, 0, 1600427696.6512949467, 0, 1600427696.6512949467, 0
1600427696.6632947922, 0, 1600427696.6822948456, 0, 1600427696.6822948456, 0
1600427696.6942949295, 0, 1600427696.7132949829, 0, 1600427696.7132949829, 0
1600427696.7252948284, 0, 1600427696.7442948818, 0, 1600427696.7442948818, 0
1600427696.7562949657, 0, 1600427696.7752947807, 0, 1600427696.7752947807, 0
1600427696.7872948647, 0, 1600427696.8062949181, 0, 1600427696.8062949181, 0
1600427696.818295002, 0, 1600427696.837294817, 0, 1600427696.837294817, 0
1600427696.8492949009, 0, 1600427696.8682949543, 0, 1600427696.8682949543, 0
1600427696.8802947998, 0, 1600427696.8992948532, 0, 1600427696.8992948532, 0
1600427696.9112949371, 0, 1600427696.9302949905, 0, 1600427696.9302949905, 0
1600427696.942294836, 0, 1600427696.962294817, 0, 1600427696.962294817, 0
1600427696.9732949734, 0, 1600427696.9932949543, 0, 1600427696.9932949543, 0
1600427697.0082948208, 0, 1600427697.0272948742, 0, 1600427697.0272948742, 0
1600427697.0392949581, 0, 1600427697.0582947731, 0, 1600427697.0582947731, 0
1600427697.070294857, 0, 1600427697.0892949104, 0, 1600427697.0892949104, 0
1600427697.1012949944, 0, 1600427697.1202948093, 0, 1600427697.1202948093, 0
1600427697.1322948933, 0, 1600427697.1512949467, 0, 1600427697.1512949467, 0
1600427697.1632947922, 0, 1600427697.1822948456, 0, 1600427697.1822948456, 0
1600427697.1942949295, 0, 1600427697.2132949829, 0, 1600427697.2132949829, 0
1600427697.2252948284, 0, 1600427697.2442948818, 0, 1600427697.2442948818, 0
1600427697.2562949657, 0, 1600427697.2752947807, 0, 1600427697.2752947807, 0
1600427697.2872948647, 0, 1600427697.3062949181, 0, 1600427697.3062949181, 0
1600427697.318295002, 0, 1600427697.337294817, 0, 1600427697.337294817, 0
1600427697.3492949009, 0, 1600427697.3682949543, 0, 1600427697.3682949543, 0
1600427697.3802947998, 0, 1600427697.3992948532, 0, 1600427697.3992948532, 0
1600427697.4112949371, 0, 1600427697.4302949905, 0, 1600427697.4302949905, 0
1600427697.442294836, 0, 1600427697.4612948895, 0, 1600427697.4612948895, 0
1600427697.4732949734, 0, 1600427697.4922947884, 0, 1600427697.4922947884, 0
1600427697.5042948723, 0, 1600427697.5232949257, 0, 1600427697.5232949257, 0
1600427697.5352947712, 0, 1600427697.5542948246, 0, 1600427697.5542948246, 0
1600427697.5662949085, 0, 1600427697.5862948895, 0, 1600427697.5862948895, 0
1600427697.5972948074, 0, 1600427697.6172947884, 0, 1600427697.6172947884, 0
1600427697.6282949448, 0, 1600427697.6482949257, 0, 1600427697.6482949257, 0
1600427697.6592948437, 0, 1600427697.6792948246, 0, 1600427697.6792948246, 0
1600427697.690294981, 0, 1600427697.7102949619, 0, 1600427697.7102949619, 0
1600427697.7212948799, 0, 1600427697.7412948608, 0, 1600427697.7412948608, 0
1600427697.7522947788, 0, 1600427697.7722949982, 0, 1600427697.7722949982, 0
1600427697.7832949162, 0, 1600427697.8032948971, 0, 1600427697.8032948971, 0
1600427697.815294981, 0, 1600427697.834294796, 0, 1600427697.834294796, 0
1600427697.8462948799, 0, 1600427697.8652949333, 0, 1600427697.8652949333, 0
1600427697.8772947788, 0, 1600427697.8962948322, 0, 1600427697.8962948322, 0
1600427697.9082949162, 0, 1600427697.9272949696, 0, 1600427697.9272949696, 0
1600427697.9392948151, 0, 1600427697.9582948685, 0, 1600427697.9582948685, 0
1600427697.9702949524, 0, 1600427697.9892947674, 0, 1600427697.9892947674, 0
1600427698.0012948513, 0, 1600427698.0202949047, 0, 1600427698.0202949047, 0
1600427698.0322949886, 0, 1600427698.0512948036, 0, 1600427698.0512948036, 0
1600427698.0632948875, 0, 1600427698.0822949409, 0, 1600427698.0822949409, 0
1600427698.0942947865, 0, 1600427698.1132948399, 0, 1600427698.1132948399, 0
1600427698.1582949162, 0, 1600427698.1772949696, 0, 1600427698.1772949696, 0
1600427698.1892948151, 0, 1600427698.2082948685, 0, 1600427698.2082948685, 0
1600427698.2202949524, 0, 1600427698.2392947674, 0, 1600427698.2392947674, 0
1600427698.2512948513, 0, 1600427698.2702949047, 0, 1600427698.2702949047, 150
1600427698.2822949886, 0.50670850276947021484, 1600427698.3012948036, -0.50670850276947021484, 1600427698.3012948036, 150
1600427698.3132948875, 1.4356740713119506836, 1600427698.3322949409, -1.4356740713119506836, 1600427698.3322949409, 150
1600427698.3442947865, 2.5335423946380615234, 1600427698.3632948399, -2.5335423946380615234, 1600427698.3632948399, 150
1600427698.3752949238, 3.715862274169921875, 1600427698.3942949772, -3.715862274169921875, 1600427698.3942949772, 150
1600427698.4062948227, 4.898181915283203125, 1600427698.4252948761, -4.898181915283203125, 1600427698.4252948761, 150
1600427698.43729496, 6.0805020332336425781, 1600427698.4572949409, -6.0805020332336425781, 1600427698.4572949409, 150
1600427698.4682948589, 7.3472733497619628906, 1600427698.4882948399, -7.3472733497619628906, 1600427698.4882948399, 150
1600427698.4992949963, 8.5295925140380859375, 1600427698.5192949772, -8.5295925140380859375, 1600427698.5192949772, 150
1600427698.5302948952, 9.2896556854248046875, 1600427698.5502948761, -9.2896556854248046875, 1600427698.5502948761, 150
1600427698.5632948875, 9.5506877899169921875, 1600427698.5822949409, -9.5506877899169921875, 1600427698.5822949409, 150
1600427698.593985796, 9.6351385116577148438, 1600427698.6129858494, -9.6351385116577148438, 1600427698.6129858494, 150
1600427698.6249859333, 9.7195901870727539063, 1600427698.6439859867, -9.7195901870727539063, 1600427698.6439859867, 150
1600427698.6559858322, 9.7195901870727539063, 1600427698.6749858856, -9.7195901870727539063, 1600427698.6749858856, 150
1600427698.6869859695, 9.8040418624877929688, 1600427698.7059857845, -9.8040418624877929688, 1600427698.7059857845, 150
1600427698.7179858685, 9.7195901870727539063, 1600427698.7369859219, -9.7195901870727539063, 1600427698.7369859219, 150
1600427698.7489860058, 9.8040418624877929688, 1600427698.7679858208, -9.8040418624877929688, 1600427698.7679858208, 150
1600427698.7799859047, 9.7195901870727539063, 1600427698.7989859581, -9.7195901870727539063, 1600427698.7989859581, 150
1600427698.8109858036, 9.79636383056640625, 1600427698.829985857, -9.79636383056640625, 1600427698.829985857, 150
1600427698.8419859409, 9.79636383056640625, 1600427698.8609859943, -9.79636383056640625, 1600427698.8609859943, 150
1600427698.8729858398, 9.79636383056640625, 1600427698.8919858932, -9.79636383056640625, 1600427698.8919858932, 150
1600427698.9039859772, 9.79636383056640625, 1600427698.9229857922, -9.79636383056640625, 1600427698.9229857922, 150
1600427698.9349858761, 9.79636383056640625, 1600427698.9539859295, -9.79636383056640625, 1600427698.9539859295, 150
1600427698.9659860134, 9.79636383056640625, 1600427698.9849858284, -9.79636383056640625, 1600427698.9849858284, 150
1600427698.9969859123, 9.79636383056640625, 1600427699.0159859657, -9.79636383056640625, 1600427699.0159859657, 150
1600427699.0279858112, 9.79636383056640625, 1600427699.0469858646, -9.79636383056640625, 1600427699.0469858646, 150
1600427699.0589859486, 9.79636383056640625, 1600427699.077986002, -9.79636383056640625, 1600427699.077986002, 150
1600427699.0899858475, 9.79636383056640625, 1600427699.1089859009, -9.79636383056640625, 1600427699.1089859009, 150
1600427699.1209859848, 9.79636383056640625, 1600427699.1399857998, -9.79636383056640625, 1600427699.1399857998, 150
1600427699.1519858837, 9.79636383056640625, 1600427699.1719858646, -9.79636383056640625, 1600427699.1719858646, 150
1600427699.1829857826, 9.7119131088256835938, 1600427699.202986002, -9.7119131088256835938, 1600427699.202986002, 150
1600427699.21398592, 9.7119131088256835938, 1600427699.2339859009, -9.7119131088256835938, 1600427699.2339859009, 150
1600427699.2449858189, 9.7119131088256835938, 1600427699.2649857998, -9.7119131088256835938, 1600427699.2649857998, 150
1600427699.2759859562, 9.7119131088256835938, 1600427699.2959859371, -9.7119131088256835938, 1600427699.2959859371, 150
1600427699.3069858551, 9.7119131088256835938, 1600427699.326985836, -9.7119131088256835938, 1600427699.326985836, 150
1600427699.33898592, 9.7119131088256835938, 1600427699.3579859734, -9.7119131088256835938, 1600427699.3579859734, 150
1600427699.3699858189, 9.6274614334106445313, 1600427699.3889858723, -9.6274614334106445313, 1600427699.3889858723, 150
1600427699.4009859562, 9.7119131088256835938, 1600427699.4199860096, -9.7119131088256835938, 1600427699.4199860096, 150
1600427699.4319858551, 9.7119131088256835938, 1600427699.4509859085, -9.7119131088256835938, 1600427699.4509859085, 150
1600427699.4629859924, 9.79636383056640625, 1600427699.4819858074, -9.79636383056640625, 1600427699.4819858074, 150
1600427699.4939858913, 9.7119131088256835938, 1600427699.5129859447, -9.7119131088256835938, 1600427699.5129859447, 150
1600427699.5249857903, 9.7119131088256835938, 1600427699.5439858437, -9.7119131088256835938, 1600427699.5439858437, 150
1600427699.5559859276, 9.5905141830444335938, 1600427699.574985981, -9.5905141830444335938, 1600427699.574985981, 150
1600427699.5869858265, 9.67496490478515625, 1600427699.6059858799, -9.67496490478515625, 1600427699.6059858799, 150
1600427699.6179859638, 9.67496490478515625, 1600427699.6369857788, -9.67496490478515625, 1600427699.6369857788, 150
1600427699.6489858627, 9.67496490478515625, 1600427699.6679859161, -9.67496490478515625, 1600427699.6679859161, 150
1600427699.6799860001, 9.67496490478515625, 1600427699.698985815, -9.67496490478515625, 1600427699.698985815, 150
1600427699.710985899, 9.67496490478515625, 1600427699.7299859524, -9.67496490478515625, 1600427699.7299859524, 150
1600427699.7419857979, 9.7594165802001953125, 1600427699.7609858513, -9.7594165802001953125, 1600427699.7609858513, 150
1600427699.7729859352, 9.7594165802001953125, 1600427699.7919859886, -9.7594165802001953125, 1600427699.7919859886, 150
1600427699.8039858341, 9.8808155059814453125, 1600427699.8229858875, -9.8808155059814453125, 1600427699.8229858875, 150
1600427699.8349859715, 9.79636383056640625, 1600427699.8539857864, -9.79636383056640625, 1600427699.8539857864, 150
1600427699.8659858704, 9.8808155059814453125, 1600427699.8849859238, -9.8808155059814453125, 1600427699.8849859238, 150
1600427699.8969860077, 9.79636383056640625, 1600427699.9159858227, -9.79636383056640625, 1600427699.9159858227, 150
1600427699.9279859066, 9.8808155059814453125, 1600427699.94698596, -9.8808155059814453125, 1600427699.94698596, 150
1600427699.9589858055, 9.79636383056640625, 1600427699.9779858589, -9.79636383056640625, 1600427699.9779858589, 150
1600427699.9899859428, 9.79636383056640625, 1600427700.0089859962, -9.79636383056640625, 1600427700.0089859962, 150
1600427700.0209858418, 9.79636383056640625, 1600427700.0399858952, -9.79636383056640625, 1600427700.0399858952, 150
1600427700.0519859791, 9.79636383056640625, 1600427700.0709857941, -9.79636383056640625, 1600427700.0709857941, 150
1600427700.082985878, 9.79636383056640625, 1600427700.1019859314, -9.79636383056640625, 1600427700.1019859314, 150
1600427700.1139860153, 9.79636383056640625, 1600427700.1329858303, -9.79636383056640625, 1600427700.1329858303, 150
1600427700.1449859142, 9.79636383056640625, 1600427700.1639859676, -9.79636383056640625, 1600427700.1639859676, 150
1600427700.2089858055, 9.7976837158203125, 1600427700.2289857864, -9.7976837158203125, 1600427700.2289857864, 150
1600427700.2409858704, 9.7976837158203125, 1600427700.2599859238, -9.7976837158203125, 1600427700.2599859238, 150
1600427700.2719860077, 9.7976837158203125, 1600427700.2909858227, -9.7976837158203125, 1600427700.2909858227, 150
1600427700.3029859066, 9.7976837158203125, 1600427700.32198596, -9.7976837158203125, 1600427700.32198596, 150
1600427700.3339858055, 9.7976837158203125, 1600427700.3529858589, -9.7976837158203125, 1600427700.3529858589, 150
1600427700.3649859428, 9.8821353912353515625, 1600427700.3839859962, -9.8821353912353515625, 1600427700.3839859962, 150
1600427700.3959858418, 9.7976837158203125, 1600427700.4149858952, -9.7976837158203125, 1600427700.4149858952, 150
1600427700.4269859791, 9.842548370361328125, 1600427700.4459857941, -9.842548370361328125, 1600427700.4459857941, 150
1600427700.457985878, 9.7567777633666992188, 1600427700.4769859314, -9.7567777633666992188, 1600427700.4769859314, 150
1600427700.4889860153, 9.8412294387817382813, 1600427700.5079858303, -9.8412294387817382813, 1600427700.5079858303, 150
1600427700.5199859142, 9.7567777633666992188, 1600427700.5389859676, -9.7567777633666992188, 1600427700.5389859676, 150
1600427700.5509858131, 9.8412294387817382813, 1600427700.5699858665, -9.8412294387817382813, 1600427700.5699858665, 150
1600427700.5819859505, 9.7567777633666992188, 1600427700.6009860039, -9.7567777633666992188, 1600427700.6009860039, 150
1600427700.6129858494, 9.7567777633666992188, 1600427700.6319859028, -9.7567777633666992188, 1600427700.6319859028, 150
1600427700.6439859867, 9.7567777633666992188, 1600427700.6629858017, -9.7567777633666992188, 1600427700.6629858017, 150
1600427700.6749858856, 9.7119131088256835938, 1600427700.693985939, -9.7119131088256835938, 1600427700.693985939, 150
1600427700.7059857845, 9.79636383056640625, 1600427700.7249858379, -9.79636383056640625, 1600427700.7249858379, 150
1600427700.7369859219, 9.7119131088256835938, 1600427700.7559859753, -9.7119131088256835938, 1600427700.7559859753, 150
1600427700.7679858208, 9.79636383056640625, 1600427700.7869858742, -9.79636383056640625, 1600427700.7869858742, 150
1600427700.7989859581, 9.7119131088256835938, 1600427700.8179860115, -9.7119131088256835938, 1600427700.8179860115, 150
1600427700.829985857, 9.79636383056640625, 1600427700.8489859104, -9.79636383056640625, 1600427700.8489859104, 150
1600427700.8609859943, 9.7119131088256835938, 1600427700.8799858093, -9.7119131088256835938, 1600427700.8799858093, 150
1600427700.8919858932, 9.79636383056640625, 1600427700.9109859467, -9.79636383056640625, 1600427700.9109859467, 150
1600427700.9229857922, 9.79636383056640625, 1600427700.9419858456, -9.79636383056640625, 1600427700.9419858456, 150
1600427700.9539859295, 9.7119131088256835938, 1600427700.9729859829, -9.7119131088256835938, 1600427700.9729859829, 150
1600427700.9849858284, 9.79636383056640625, 1600427701.0039858818, -9.79636383056640625, 1600427701.0039858818, 150
1600427701.0159859657, 9.7119131088256835938, 1600427701.0349857807, -9.7119131088256835938, 1600427701.0349857807, 150
1600427701.0469858646, 9.79636383056640625, 1600427701.065985918, -9.79636383056640625, 1600427701.065985918, 150
1600427701.079985857, 9.7567777633666992188, 1600427701.0989859104, -9.7567777633666992188, 1600427701.0989859104, 150
1600427701.1109859943, 9.8016424179077148438, 1600427701.1299858093, -9.8016424179077148438, 1600427701.1299858093, 150
1600427701.1419858932, 9.7171907424926757813, 1600427701.1609859467, -9.7171907424926757813, 1600427701.1609859467, 150
1600427701.1729857922, 9.8016424179077148438, 1600427701.1919858456, -9.8016424179077148438, 1600427701.1919858456, 150
1600427701.2039859295, 9.8016424179077148438, 1600427701.2229859829, -9.8016424179077148438, 1600427701.2229859829, 150
1600427701.2349858284, 9.8016424179077148438, 1600427701.2539858818, -9.8016424179077148438, 1600427701.2539858818, 150
1600427701.2659859657, 9.8016424179077148438, 1600427701.2849857807, -9.8016424179077148438, 1600427701.2849857807, 150
1600427701.2969858646, 9.8016424179077148438, 1600427701.315985918, -9.8016424179077148438, 1600427701.315985918, 150
1600427701.327986002, 9.8412294387817382813, 1600427701.346985817, -9.8412294387817382813, 1600427701.346985817, 150
1600427701.3589859009, 9.79636383056640625, 1600427701.3779859543, -9.79636383056640625, 1600427701.3779859543, 150
1600427701.3899857998, 9.8808155059814453125, 1600427701.4089858532, -9.8808155059814453125, 1600427701.4089858532, 150
1600427701.4209859371, 9.79636383056640625, 1600427701.4399859905, -9.79636383056640625, 1600427701.4399859905, 150
1600427701.451985836, 9.8808155059814453125, 1600427701.4709858894, -9.8808155059814453125, 1600427701.4709858894, 150
1600427701.4829859734, 9.79636383056640625, 1600427701.5019857883, -9.79636383056640625, 1600427701.5019857883, 150
1600427701.5139858723, 9.8808155059814453125, 1600427701.5329859257, -9.8808155059814453125, 1600427701.5329859257, 150
1600427701.5449860096, 9.79636383056640625, 1600427701.5639858246, -9.79636383056640625, 1600427701.5639858246, 150
1600427701.5759859085, 9.79636383056640625, 1600427701.5949859619, -9.79636383056640625, 1600427701.5949859619, 150
1600427701.6069858074, 9.8808155059814453125, 1600427701.6259858608, -9.8808155059814453125, 1600427701.6259858608, 150
1600427701.6379859447, 9.79636383056640625, 1600427701.6569859982, -9.79636383056640625, 1600427701.6569859982, 150
1600427701.6689858437, 9.8808155059814453125, 1600427701.6879858971, -9.8808155059814453125, 1600427701.6879858971, 150
1600427701.699985981, 9.8808155059814453125, 1600427701.718985796, -9.8808155059814453125, 1600427701.718985796, 150
1600427701.7309858799, 9.8808155059814453125, 1600427701.7499859333, -9.8808155059814453125, 1600427701.7499859333, 150
1600427701.7619857788, 9.8808155059814453125, 1600427701.7809858322, -9.8808155059814453125, 1600427701.7809858322, 150
1600427701.7929859161, 9.8808155059814453125, 1600427701.8119859695, -9.8808155059814453125, 1600427701.8119859695, 150
1600427701.823985815, 9.8808155059814453125, 1600427701.8429858685, -9.8808155059814453125, 1600427701.8429858685, 150
1600427701.8549859524, 9.79636383056640625, 1600427701.8739860058, -9.79636383056640625, 1600427701.8739860058, 150
1600427701.8859858513, 9.8808155059814453125, 1600427701.9049859047, -9.8808155059814453125, 1600427701.9049859047, 150
1600427701.9169859886, 9.79636383056640625, 1600427701.9369859695, -9.79636383056640625, 1600427701.9369859695, 150
1600427701.9479858875, 9.79636383056640625, 1600427701.9679858685, -9.79636383056640625, 1600427701.9679858685, 150
1600427701.9789857864, 9.8808155059814453125, 1600427701.9989860058, -9.8808155059814453125, 1600427701.9989860058, 150
1600427702.0139858723, 9.8108415603637695313, 1600427702.0329859257, -9.8108415603637695313, 1600427702.0329859257, 150
1600427702.0449860096, 9.8108415603637695313, 1600427702.0639858246, -9.8108415603637695313, 1600427702.0639858246, 150
1600427702.0759859085, 9.8108415603637695313, 1600427702.0949859619, -9.8108415603637695313, 1600427702.0949859619, 150
1600427702.1069858074, 9.8108415603637695313, 1600427702.1259858608, -9.8108415603637695313, 1600427702.1259858608, 150
1600427702.1379859447, 9.8108415603637695313, 1600427702.1569859982, -9.8108415603637695313, 1600427702.1569859982, 150
1600427702.1689858437, 9.8952932357788085938, 1600427702.1879858971, -9.8952932357788085938, 1600427702.1879858971, 150
1600427702.199985981, 9.8108415603637695313, 1600427702.218985796, -9.8108415603637695313, 1600427702.218985796, 150
1600427702.2639858723, 9.8121614456176757813, 1600427702.2839858532, -9.8121614456176757813, 1600427702.2839858532, 150
1600427702.2949860096, 9.7976837158203125, 1600427702.3149859905, -9.7976837158203125, 1600427702.3149859905, 150
1600427702.3259859085, 9.8821353912353515625, 1600427702.3459858894, -9.8821353912353515625, 1600427702.3459858894, 150
1600427702.3569858074, 9.7976837158203125, 1600427702.3769857883, -9.7976837158203125, 1600427702.3769857883, 150
1600427702.3879859447, 9.7976837158203125, 1600427702.4079859257, -9.7976837158203125, 1600427702.4079859257, 150
1600427702.4199860096, 9.7976837158203125, 1600427702.4389858246, -9.7976837158203125, 1600427702.4389858246, 150
1600427702.4509859085, 9.7132320404052734375, 1600427702.4699859619, -9.7132320404052734375, 1600427702.4699859619, 150
1600427702.4819858074, 9.7976837158203125, 1600427702.5009858608, -9.7976837158203125, 1600427702.5009858608, 150
1600427702.5129859447, 9.7119131088256835938, 1600427702.5319859982, -9.7119131088256835938, 1600427702.5319859982, 150
1600427702.5439858437, 9.79636383056640625, 1600427702.5629858971, -9.79636383056640625, 1600427702.5629858971, 150
1600427702.574985981, 9.7119131088256835938, 1600427702.593985796, -9.7119131088256835938, 1600427702.593985796, 150
1600427702.6059858799, 9.79636383056640625, 1600427702.6249859333, -9.79636383056640625, 1600427702.6249859333, 150
1600427702.6369857788, 9.8412294387817382813, 1600427702.6559858322, -9.8412294387817382813, 1600427702.6559858322, 150
1600427702.6679859161, 9.7567777633666992188, 1600427702.6869859695, -9.7567777633666992188, 1600427702.6869859695, 150
1600427702.698985815, 9.8412294387817382813, 1600427702.7179858685, -9.8412294387817382813, 1600427702.7179858685, 150
1600427702.7299859524, 9.7567777633666992188, 1600427702.7489860058, -9.7567777633666992188, 1600427702.7489860058, 150
1600427702.7609858513, 9.8412294387817382813, 1600427702.7799859047, -9.8412294387817382813, 1600427702.7799859047, 150
1600427702.7919859886, 9.7567777633666992188, 1600427702.8109858036, -9.7567777633666992188, 1600427702.8109858036, 150
1600427702.8229858875, 9.8412294387817382813, 1600427702.8419859409, -9.8412294387817382813, 1600427702.8419859409, 150
1600427702.8539857864, 9.8412294387817382813, 1600427702.8729858398, -9.8412294387817382813, 1600427702.8729858398, 150
1600427702.8849859238, 9.79636383056640625, 1600427702.9039859772, -9.79636383056640625, 1600427702.9039859772, 150
1600427702.9159858227, 9.8808155059814453125, 1600427702.9349858761, -9.8808155059814453125, 1600427702.9349858761, 150
1600427702.94698596, 9.8808155059814453125, 1600427702.9659860134, -9.8808155059814453125, 1600427702.9659860134, 150
1600427702.9779858589, 9.8808155059814453125, 1600427702.9969859123, -9.8808155059814453125, 1600427702.9969859123, 150
1600427703.0089859962, 9.8808155059814453125, 1600427703.0279858112, -9.8808155059814453125, 1600427703.0279858112, 150
1600427703.0399858952, 9.8808155059814453125, 1600427703.0589859486, -9.8808155059814453125, 1600427703.0589859486, 150
1600427703.0709857941, 9.8808155059814453125, 1600427703.0899858475, -9.8808155059814453125, 1600427703.0899858475, 150
1600427703.1019859314, 9.79636383056640625, 1600427703.1209859848, -9.79636383056640625, 1600427703.1209859848, 150
1600427703.1329858303, 9.8808155059814453125, 1600427703.1519858837, -9.8808155059814453125, 1600427703.1519858837, 150
1600427703.1639859676, 9.79636383056640625, 1600427703.1829857826, -9.79636383056640625, 1600427703.1829857826, 150
1600427703.1949858665, 9.7119131088256835938, 1600427703.21398592, -9.7119131088256835938, 1600427703.21398592, 150
1600427703.2259860039, 9.79636383056640625, 1600427703.2449858189, -9.79636383056640625, 1600427703.2449858189, 150
1600427703.2569859028, 9.7119131088256835938, 1600427703.2759859562, -9.7119131088256835938, 1600427703.2759859562, 150
1600427703.2879858017, 9.79636383056640625, 1600427703.3069858551, -9.79636383056640625, 1600427703.3069858551, 150
1600427703.318985939, 9.7119131088256835938, 1600427703.3379859924, -9.7119131088256835938, 1600427703.3379859924, 150
1600427703.3499858379, 9.79636383056640625, 1600427703.3689858913, -9.79636383056640625, 1600427703.3689858913, 150
1600427703.3809859753, 9.7119131088256835938, 1600427703.3999857903, -9.7119131088256835938, 1600427703.3999857903, 150
1600427703.4119858742, 9.79636383056640625, 1600427703.4319858551, -9.79636383056640625, 1600427703.4319858551, 150
1600427703.4429860115, 9.8808155059814453125, 1600427703.4629859924, -9.8808155059814453125, 1600427703.4629859924, 150
1600427703.4739859104, 9.79636383056640625, 1600427703.4939858913, -9.79636383056640625, 1600427703.4939858913, 150
1600427703.5049858093, 9.8808155059814453125, 1600427703.5249857903, -9.8808155059814453125, 1600427703.5249857903, 150
1600427703.5359859467, 9.79636383056640625, 1600427703.5559859276, -9.79636383056640625, 1600427703.5559859276, 150
1600427703.5669858456, 9.8808155059814453125, 1600427703.5869858265, -9.8808155059814453125, 1600427703.5869858265, 150
1600427703.5999858379, 9.8040418624877929688, 1600427703.6189858913, -9.8040418624877929688, 1600427703.6189858913, 150
1600427703.6310648918, 9.888492584228515625, 1600427703.6500649452, -9.888492584228515625, 1600427703.6500649452, 150
1600427703.6620650291, 9.8040418624877929688, 1600427703.6810650826, -9.8040418624877929688, 1600427703.6810650826, 150
1600427703.6930649281, 9.7195901870727539063, 1600427703.7120649815, -9.7195901870727539063, 1600427703.7120649815, 150
1600427703.7240650654, 9.8040418624877929688, 1600427703.7430648804, -9.8040418624877929688, 1600427703.7430648804, 150
1600427703.7550649643, 9.7195901870727539063, 1600427703.7740650177, -9.7195901870727539063, 1600427703.7740650177, 150
1600427703.7860651016, 9.8040418624877929688, 1600427703.8050649166, -9.8040418624877929688, 1600427703.8050649166, 150
1600427703.8170650005, 9.7195901870727539063, 1600427703.8360650539, -9.7195901870727539063, 1600427703.8360650539, 150
1600427703.8480648994, 9.79636383056640625, 1600427703.8670649529, -9.79636383056640625, 1600427703.8670649529, 150
1600427703.8790650368, 9.7119131088256835938, 1600427703.8980650902, -9.7119131088256835938, 1600427703.8980650902, 150
1600427703.9100649357, 9.79636383056640625, 1600427703.9290649891, -9.79636383056640625, 1600427703.9290649891, 150
1600427703.941065073, 9.79636383056640625, 1600427703.960064888, -9.79636383056640625, 1600427703.960064888, 150
1600427703.9720649719, 9.7119131088256835938, 1600427703.9910650253, -9.7119131088256835938, 1600427703.9910650253, 150
1600427704.0030651093, 9.79636383056640625, 1600427704.0220649242, -9.79636383056640625, 1600427704.0220649242, 150
1600427704.0340650082, 9.7119131088256835938, 1600427704.0530650616, -9.7119131088256835938, 1600427704.0530650616, 150
1600427704.0650649071, 9.79636383056640625, 1600427704.0840649605, -9.79636383056640625, 1600427704.0840649605, 150
1600427704.0960650444, 9.7119131088256835938, 1600427704.1150650978, -9.7119131088256835938, 1600427704.1150650978, 150
1600427704.1270649433, 9.79636383056640625, 1600427704.1470649242, -9.79636383056640625, 1600427704.1470649242, 150
1600427704.1580650806, 9.79636383056640625, 1600427704.1780650616, -9.79636383056640625, 1600427704.1780650616, 150
1600427704.1890649796, 9.79636383056640625, 1600427704.2090649605, -9.79636383056640625, 1600427704.2090649605, 150
1600427704.2200648785, 9.8808155059814453125, 1600427704.2400650978, -9.8808155059814453125, 1600427704.2400650978, 150
1600427704.2510650158, 9.79636383056640625, 1600427704.2710649967, -9.79636383056640625, 1600427704.2710649967, 150
1600427704.316065073, 9.82234954833984375, 1600427704.335064888, -9.82234954833984375, 1600427704.335064888, 150
1600427704.3470649719, 9.7378978729248046875, 1600427704.3660650253, -9.7378978729248046875, 1600427704.3660650253, 150
1600427704.3780651093, 9.82234954833984375, 1600427704.3970649242, -9.82234954833984375, 1600427704.3970649242, 150
1600427704.4090650082, 9.7378978729248046875, 1600427704.4280650616, -9.7378978729248046875, 1600427704.4280650616, 150
1600427704.4400649071, 9.7378978729248046875, 1600427704.4590649605, -9.7378978729248046875, 1600427704.4590649605, 150
1600427704.4710650444, 9.7378978729248046875, 1600427704.4900650978, -9.7378978729248046875, 1600427704.4900650978, 150
1600427704.5020649433, 9.653446197509765625, 1600427704.5210649967, -9.653446197509765625, 1600427704.5210649967, 150
1600427704.5330650806, 9.7378978729248046875, 1600427704.5520648956, -9.7378978729248046875, 1600427704.5520648956, 150
1600427704.5640649796, 9.7119131088256835938, 1600427704.583065033, -9.7119131088256835938, 1600427704.583065033, 150
1600427704.5950648785, 9.79636383056640625, 1600427704.6140649319, -9.79636383056640625, 1600427704.6140649319, 150
1600427704.6260650158, 9.7119131088256835938, 1600427704.6450650692, -9.7119131088256835938, 1600427704.6450650692, 150
1600427704.6570649147, 9.79636383056640625, 1600427704.6760649681, -9.79636383056640625, 1600427704.6760649681, 150
1600427704.688065052, 9.7119131088256835938, 1600427704.7070651054, -9.7119131088256835938, 1600427704.7070651054, 150
1600427704.7190649509, 9.7119131088256835938, 1600427704.7380650043, -9.7119131088256835938, 1600427704.7380650043, 150
1600427704.7500650883, 9.79636383056640625, 1600427704.7690649033, -9.79636383056640625, 1600427704.7690649033, 150
1600427704.7810649872, 9.7119131088256835938, 1600427704.8000650406, -9.7119131088256835938, 1600427704.8000650406, 150
1600427704.8120648861, 9.79636383056640625, 1600427704.8310649395, -9.79636383056640625, 1600427704.8310649395, 150
1600427704.8430650234, 9.79636383056640625, 1600427704.8620650768, -9.79636383056640625, 1600427704.8620650768, 150
1600427704.8740649223, 9.79636383056640625, 1600427704.8930649757, -9.79636383056640625, 1600427704.8930649757, 150
1600427704.9050650597, 9.79636383056640625, 1600427704.9240648746, -9.79636383056640625, 1600427704.9240648746, 150
1600427704.9360649586, 9.79636383056640625, 1600427704.955065012, -9.79636383056640625, 1600427704.955065012, 150
1600427704.9670650959, 9.8808155059814453125, 1600427704.9860649109, -9.8808155059814453125, 1600427704.9860649109, 150
1600427704.9980649948, 9.79636383056640625, 1600427705.0180649757, -9.79636383056640625, 1600427705.0180649757, 150
1600427705.0290648937, 9.79636383056640625, 1600427705.0490648746, -9.79636383056640625, 1600427705.0490648746, 150
1600427705.0600650311, 9.79636383056640625, 1600427705.080065012, -9.79636383056640625, 1600427705.080065012, 150
1600427705.09106493, 9.7119131088256835938, 1600427705.1110649109, -9.7119131088256835938, 1600427705.1110649109, 150
1600427705.1220650673, 9.79636383056640625, 1600427705.1420650482, -9.79636383056640625, 1600427705.1420650482, 150
1600427705.1530649662, 9.7119131088256835938, 1600427705.1730649471, -9.7119131088256835938, 1600427705.1730649471, 150
1600427705.1850650311, 9.79636383056640625, 1600427705.2040650845, -9.79636383056640625, 1600427705.2040650845, 150
1600427705.21606493, 9.79636383056640625, 1600427705.2350649834, -9.79636383056640625, 1600427705.2350649834, 150
1600427705.2470650673, 9.79636383056640625, 1600427705.2660648823, -9.79636383056640625, 1600427705.2660648823, 150
1600427705.2780649662, 9.8808155059814453125, 1600427705.2970650196, -9.8808155059814453125, 1600427705.2970650196, 150
1600427705.3090651035, 9.79636383056640625, 1600427705.3280649185, -9.79636383056640625, 1600427705.3280649185, 150
1600427705.3400650024, 9.8808155059814453125, 1600427705.3590650558, -9.8808155059814453125, 1600427705.3590650558, 150
1600427705.3710649014, 9.7594165802001953125, 1600427705.3900649548, -9.7594165802001953125, 1600427705.3900649548, 150
1600427705.4020650387, 9.843868255615234375, 1600427705.4210650921, -9.843868255615234375, 1600427705.4210650921, 150
1600427705.4330649376, 9.843868255615234375, 1600427705.452064991, -9.843868255615234375, 1600427705.452064991, 150
1600427705.4640650749, 9.7594165802001953125, 1600427705.4830648899, -9.7594165802001953125, 1600427705.4830648899, 150
1600427705.4950649738, 9.843868255615234375, 1600427705.5140650272, -9.843868255615234375, 1600427705.5140650272, 150
1600427705.5260651112, 9.843868255615234375, 1600427705.5450649261, -9.843868255615234375, 1600427705.5450649261, 150
1600427705.5570650101, 9.843868255615234375, 1600427705.5760650635, -9.843868255615234375, 1600427705.5760650635, 150
1600427705.588064909, 9.843868255615234375, 1600427705.6070649624, -9.843868255615234375, 1600427705.6070649624, 150
1600427705.6190650463, 9.8808155059814453125, 1600427705.6380650997, -9.8808155059814453125, 1600427705.6380650997, 150
1600427705.6500649452, 9.8808155059814453125, 1600427705.6690649986, -9.8808155059814453125, 1600427705.6690649986, 150
1600427705.6810650826, 9.79636383056640625, 1600427705.7000648975, -9.79636383056640625, 1600427705.7000648975, 150
1600427705.7120649815, 9.8808155059814453125, 1600427705.7310650349, -9.8808155059814453125, 1600427705.7310650349, 150
1600427705.7430648804, 9.8808155059814453125, 1600427705.7620649338, -9.8808155059814453125, 1600427705.7620649338, 150
1600427705.7740650177, 9.79636383056640625, 1600427705.7930650711, -9.79636383056640625, 1600427705.7930650711, 150
1600427705.8050649166, 9.8808155059814453125, 1600427705.82406497, -9.8808155059814453125, 1600427705.82406497, 150
1600427705.8360650539, 9.79636383056640625, 1600427705.8550651073, -9.79636383056640625, 1600427705.8550651073, 150
1600427705.8670649529, 9.8808155059814453125, 1600427705.8860650063, -9.8808155059814453125, 1600427705.8860650063, 150
1600427705.8980650902, 9.79636383056640625, 1600427705.9170649052, -9.79636383056640625, 1600427705.9170649052, 150
1600427705.9290649891, 9.8808155059814453125, 1600427705.9480650425, -9.8808155059814453125, 1600427705.9480650425, 150
1600427705.960064888, 9.8808155059814453125, 1600427705.9790649414, -9.8808155059814453125, 1600427705.9790649414, 150
1600427705.9910650253, 9.79636383056640625, 1600427706.0100650787, -9.79636383056640625, 1600427706.0100650787, 150
1600427706.0220649242, 9.8808155059814453125, 1600427706.0410649776, -9.8808155059814453125, 1600427706.0410649776, 150
1600427706.0530650616, 9.8808155059814453125, 1600427706.0720648766, -9.8808155059814453125, 1600427706.0720648766, 150
1600427706.0840649605, 9.8808155059814453125, 1600427706.1030650139, -9.8808155059814453125, 1600427706.1030650139, 150
1600427706.1170649529, 9.8833751678466796875, 1600427706.1360650063, -9.8833751678466796875, 1600427706.1360650063, 150
1600427706.1470789909, 9.8833751678466796875, 1600427706.1660790443, -9.8833751678466796875, 1600427706.1660790443, 150
1600427706.1780791283, 9.8833751678466796875, 1600427706.1970791817, -9.8833751678466796875, 1600427706.1970791817, 150
1600427706.2090790272, 9.798923492431640625, 1600427706.2280790806, -9.798923492431640625, 1600427706.2280790806, 150
1600427706.2400791645, 9.8833751678466796875, 1600427706.2590789795, -9.8833751678466796875, 1600427706.2590789795, 150
1600427706.2710790634, 9.798923492431640625, 1600427706.2900791168, -9.798923492431640625, 1600427706.2900791168, 150
1600427706.3020792007, 9.798923492431640625, 1600427706.3210790157, -9.798923492431640625, 1600427706.3210790157, 150
1600427706.366079092, 9.84378814697265625, 1600427706.3850791454, -9.84378814697265625, 1600427706.3850791454, 150
1600427706.3970789909, 9.8412294387817382813, 1600427706.4160790443, -9.8412294387817382813, 1600427706.4160790443, 150
1600427706.4280791283, 9.8412294387817382813, 1600427706.4470791817, -9.8412294387817382813, 1600427706.4470791817, 150
1600427706.4590790272, 9.8412294387817382813, 1600427706.4780790806, -9.8412294387817382813, 1600427706.4780790806, 150
1600427706.4900791645, 9.8412294387817382813, 1600427706.5090789795, -9.8412294387817382813, 1600427706.5090789795, 150
1600427706.5210790634, 9.8412294387817382813, 1600427706.5400791168, -9.8412294387817382813, 1600427706.5400791168, 150
1600427706.5520792007, 9.9256801605224609375, 1600427706.5710790157, -9.9256801605224609375, 1600427706.5710790157, 150
1600427706.5830790997, 9.8412294387817382813, 1600427706.6030790806, -9.8412294387817382813, 1600427706.6030790806, 150
1600427706.6140789986, 9.8808155059814453125, 1600427706.6340789795, -9.8808155059814453125, 1600427706.6340789795, 150
1600427706.6450791359, 9.79636383056640625, 1600427706.6650791168, -9.79636383056640625, 1600427706.6650791168, 150
1600427706.6760790348, 9.79636383056640625, 1600427706.6960790157, -9.79636383056640625, 1600427706.6960790157, 150
1600427706.7070791721, 9.79636383056640625, 1600427706.7270791531, -9.79636383056640625, 1600427706.7270791531, 150
1600427706.7390789986, 9.79636383056640625, 1600427706.758079052, -9.79636383056640625, 1600427706.758079052, 150
1600427706.7700791359, 9.7119131088256835938, 1600427706.7890791893, -9.7119131088256835938, 1600427706.7890791893, 150
1600427706.8010790348, 9.7119131088256835938, 1600427706.8200790882, -9.7119131088256835938, 1600427706.8200790882, 150
1600427706.8320791721, 9.7119131088256835938, 1600427706.8510789871, -9.7119131088256835938, 1600427706.8510789871, 150
1600427706.863079071, 9.7119131088256835938, 1600427706.8820791245, -9.7119131088256835938, 1600427706.8820791245, 150
1600427706.8940792084, 9.7119131088256835938, 1600427706.9130790234, -9.7119131088256835938, 1600427706.9130790234, 150
1600427706.9250791073, 9.79636383056640625, 1600427706.9440791607, -9.79636383056640625, 1600427706.9440791607, 150
1600427706.9560790062, 9.7567777633666992188, 1600427706.9750790596, -9.7567777633666992188, 1600427706.9750790596, 150
1600427706.9870791435, 9.7567777633666992188, 1600427707.0060791969, -9.7567777633666992188, 1600427707.0060791969, 150
1600427707.0210790634, 9.8064546585083007813, 1600427707.0400791168, -9.8064546585083007813, 1600427707.0400791168, 150
1600427707.0520792007, 9.8064546585083007813, 1600427707.0710790157, -9.8064546585083007813, 1600427707.0710790157, 150
1600427707.0830790997, 9.8909063339233398438, 1600427707.1020791531, -9.8909063339233398438, 1600427707.1020791531, 150
1600427707.1140789986, 9.8064546585083007813, 1600427707.133079052, -9.8064546585083007813, 1600427707.133079052, 150
1600427707.1450791359, 9.8909063339233398438, 1600427707.1640791893, -9.8909063339233398438, 1600427707.1640791893, 150
1600427707.1760790348, 9.8064546585083007813, 1600427707.1950790882, -9.8064546585083007813, 1600427707.1950790882, 150
1600427707.2070791721, 9.8460416793823242188, 1600427707.2270791531, -9.8460416793823242188, 1600427707.2270791531, 150
1600427707.238079071, 9.8460416793823242188, 1600427707.258079052, -9.8460416793823242188, 1600427707.258079052, 150
1600427707.2690792084, 9.8808155059814453125, 1600427707.2890791893, -9.8808155059814453125, 1600427707.2890791893, 150
1600427707.3000791073, 9.8808155059814453125, 1600427707.3200790882, -9.8808155059814453125, 1600427707.3200790882, 150
1600427707.3310790062, 9.79636383056640625, 1600427707.3510789871, -9.79636383056640625, 1600427707.3510789871, 150
1600427707.3620791435, 9.8808155059814453125, 1600427707.3820791245, -9.8808155059814453125, 1600427707.3820791245, 150
1600427707.3940792084, 9.8808155059814453125, 1600427707.4130790234, -9.8808155059814453125, 1600427707.4130790234, 150
1600427707.4250791073, 9.8808155059814453125, 1600427707.4440791607, -9.8808155059814453125, 1600427707.4440791607, 150
1600427707.4560790062, 9.8808155059814453125, 1600427707.4750790596, -9.8808155059814453125, 1600427707.4750790596, 150
1600427707.4870791435, 9.8808155059814453125, 1600427707.5060791969, -9.8808155059814453125, 1600427707.5060791969, 150
1600427707.5180790424, 9.8808155059814453125, 1600427707.5370790958, -9.8808155059814453125, 1600427707.5370790958, 150
1600427707.5490791798, 9.79636383056640625, 1600427707.5680789948, -9.79636383056640625, 1600427707.5680789948, 150
1600427707.5800790787, 9.7594165802001953125, 1600427707.5990791321, -9.7594165802001953125, 1600427707.5990791321, 150
1600427707.6110789776, 9.7594165802001953125, 1600427707.630079031, -9.7594165802001953125, 1600427707.630079031, 150
1600427707.6420791149, 9.67496490478515625, 1600427707.6610791683, -9.67496490478515625, 1600427707.6610791683, 150
1600427707.6730790138, 9.7594165802001953125, 1600427707.6920790672, -9.7594165802001953125, 1600427707.6920790672, 150
1600427707.7040791512, 9.67496490478515625, 1600427707.7230792046, -9.67496490478515625, 1600427707.7230792046, 150
1600427707.7350790501, 9.67496490478515625, 1600427707.7540791035, -9.67496490478515625, 1600427707.7540791035, 150
1600427707.7660791874, 9.67496490478515625, 1600427707.7850790024, -9.67496490478515625, 1600427707.7850790024, 150
1600427707.7970790863, 9.67496490478515625, 1600427707.8160791397, -9.67496490478515625, 1600427707.8160791397, 150
1600427707.8280789852, 9.79636383056640625, 1600427707.8470790386, -9.79636383056640625, 1600427707.8470790386, 150
1600427707.8590791225, 9.7119131088256835938, 1600427707.8780791759, -9.7119131088256835938, 1600427707.8780791759, 150
1600427707.8900790215, 9.79636383056640625, 1600427707.9090790749, -9.79636383056640625, 1600427707.9090790749, 150
1600427707.9210791588, 9.79636383056640625, 1600427707.9400789738, -9.79636383056640625, 1600427707.9400789738, 150
1600427707.9520790577, 9.79636383056640625, 1600427707.9710791111, -9.79636383056640625, 1600427707.9710791111, 150
1600427707.983079195, 9.8808155059814453125, 1600427708.00207901, -9.8808155059814453125, 1600427708.00207901, 150
1600427708.0140790939, 9.8808155059814453125, 1600427708.0330791473, -9.8808155059814453125, 1600427708.0330791473, 150
1600427708.0450789928, 9.8808155059814453125, 1600427708.0640790462, -9.8808155059814453125, 1600427708.0640790462, 150
1600427708.0760791302, 9.8808155059814453125, 1600427708.0950791836, -9.8808155059814453125, 1600427708.0950791836, 150
1600427708.1070790291, 9.8808155059814453125, 1600427708.1260790825, -9.8808155059814453125, 1600427708.1260790825, 150
1600427708.1380791664, 9.8808155059814453125, 1600427708.1570789814, -9.8808155059814453125, 1600427708.1570789814, 150
1600427708.1690790653, 9.79636383056640625, 1600427708.1880791187, -9.79636383056640625, 1600427708.1880791187, 150
1600427708.2000792027, 9.8808155059814453125, 1600427708.2190790176, -9.8808155059814453125, 1600427708.2190790176, 150
1600427708.2310791016, 9.8808155059814453125, 1600427708.250079155, -9.8808155059814453125, 1600427708.250079155, 150
1600427708.2620790005, 9.79636383056640625, 1600427708.2810790539, -9.79636383056640625, 1600427708.2810790539, 150
1600427708.2930791378, 9.8808155059814453125, 1600427708.3120791912, -9.8808155059814453125, 1600427708.3120791912, 150
1600427708.3240790367, 9.79636383056640625, 1600427708.3430790901, -9.79636383056640625, 1600427708.3430790901, 150
1600427708.355079174, 9.8808155059814453125, 1600427708.375079155, -9.8808155059814453125, 1600427708.375079155, 150
1600427708.4200789928, 9.8412294387817382813, 1600427708.4390790462, -9.8412294387817382813, 1600427708.4390790462, 150
1600427708.4510791302, 9.8860940933227539063, 1600427708.4700791836, -9.8860940933227539063, 1600427708.4700791836, 150
1600427708.4820790291, 9.8016424179077148438, 1600427708.5010790825, -9.8016424179077148438, 1600427708.5010790825, 150
1600427708.5130791664, 9.8016424179077148438, 1600427708.5320789814, -9.8016424179077148438, 1600427708.5320789814, 150
1600427708.5440790653, 9.8860940933227539063, 1600427708.5630791187, -9.8860940933227539063, 1600427708.5630791187, 150
1600427708.5750792027, 9.8016424179077148438, 1600427708.5940790176, -9.8016424179077148438, 1600427708.5940790176, 150
1600427708.6060791016, 9.8860940933227539063, 1600427708.625079155, -9.8860940933227539063, 1600427708.625079155, 150
1600427708.6380791664, 9.8465070724487304688, 1600427708.6570789814, -9.8465070724487304688, 1600427708.6570789814, 150
1600427708.6695928574, 9.8860940933227539063, 1600427708.6885929108, -9.8860940933227539063, 1600427708.6885929108, 150
1600427708.7005929947, 9.8412294387817382813, 1600427708.7195930481, -9.8412294387817382813, 1600427708.7195930481, 150
1600427708.7315928936, 9.9256801605224609375, 1600427708.750592947, -9.9256801605224609375, 1600427708.750592947, 150
1600427708.7625930309, 9.8412294387817382813, 1600427708.7815928459, -9.8412294387817382813, 1600427708.7815928459, 150
1600427708.7935929298, 9.7567777633666992188, 1600427708.8135929108, -9.7567777633666992188, 1600427708.8135929108, 150
1600427708.8245930672, 9.8412294387817382813, 1600427708.8445930481, -9.8412294387817382813, 1600427708.8445930481, 150
1600427708.8555929661, 9.7567777633666992188, 1600427708.875592947, -9.7567777633666992188, 1600427708.875592947, 150
1600427708.886592865, 9.79636383056640625, 1600427708.9065928459, -9.79636383056640625, 1600427708.9065928459, 150
1600427708.9175930023, 9.7119131088256835938, 1600427708.9375929832, -9.7119131088256835938, 1600427708.9375929832, 150
1600427708.9485929012, 9.79636383056640625, 1600427708.9685928822, -9.79636383056640625, 1600427708.9685928822, 150
1600427708.9805929661, 9.79636383056640625, 1600427708.9995930195, -9.79636383056640625, 1600427708.9995930195, 150
1600427709.011592865, 9.79636383056640625, 1600427709.0305929184, -9.79636383056640625, 1600427709.0305929184, 150
1600427709.0425930023, 9.8808155059814453125, 1600427709.0615930557, -9.8808155059814453125, 1600427709.0615930557, 150
1600427709.0735929012, 9.79636383056640625, 1600427709.0925929546, -9.79636383056640625, 1600427709.0925929546, 150
1600427709.1045930386, 9.8808155059814453125, 1600427709.1235928535, -9.8808155059814453125, 1600427709.1235928535, 150
1600427709.1355929375, 9.79636383056640625, 1600427709.1545929909, -9.79636383056640625, 1600427709.1545929909, 150
1600427709.1665930748, 9.7594165802001953125, 1600427709.1855928898, -9.7594165802001953125, 1600427709.1855928898, 150
1600427709.1975929737, 9.7594165802001953125, 1600427709.2165930271, -9.7594165802001953125, 1600427709.2165930271, 150
1600427709.2285928726, 9.67496490478515625, 1600427709.247592926, -9.67496490478515625, 1600427709.247592926, 150
1600427709.2595930099, 9.7594165802001953125, 1600427709.2785930634, -9.7594165802001953125, 1600427709.2785930634, 150
1600427709.2905929089, 9.7594165802001953125, 1600427709.3095929623, -9.7594165802001953125, 1600427709.3095929623, 150
1600427709.3215930462, 9.7594165802001953125, 1600427709.3405928612, -9.7594165802001953125, 1600427709.3405928612, 150
1600427709.3525929451, 9.7594165802001953125, 1600427709.3715929985, -9.7594165802001953125, 1600427709.3715929985, 150
1600427709.383592844, 9.7594165802001953125, 1600427709.4025928974, -9.7594165802001953125, 1600427709.4025928974, 150
1600427709.4145929813, 9.79636383056640625, 1600427709.4335930347, -9.79636383056640625, 1600427709.4335930347, 150
1600427709.4455928802, 9.79636383056640625, 1600427709.4645929337, -9.79636383056640625, 1600427709.4645929337, 150
1600427709.4765930176, 9.79636383056640625, 1600427709.495593071, -9.79636383056640625, 1600427709.495593071, 150
1600427709.5075929165, 9.79636383056640625, 1600427709.5265929699, -9.79636383056640625, 1600427709.5265929699, 150
1600427709.5385930538, 9.7119131088256835938, 1600427709.5575928688, -9.7119131088256835938, 1600427709.5575928688, 150
1600427709.5695929527, 9.79636383056640625, 1600427709.5885930061, -9.79636383056640625, 1600427709.5885930061, 150
1600427709.6005928516, 9.79636383056640625, 1600427709.619592905, -9.79636383056640625, 1600427709.619592905, 150
1600427709.631592989, 9.79636383056640625, 1600427709.6505930424, -9.79636383056640625, 1600427709.6505930424, 150
1600427709.6625928879, 9.8808155059814453125, 1600427709.6815929413, -9.8808155059814453125, 1600427709.6815929413, 150
1600427709.6935930252, 9.79636383056640625, 1600427709.7125928402, -9.79636383056640625, 1600427709.7125928402, 150
1600427709.7245929241, 9.8808155059814453125, 1600427709.7435929775, -9.8808155059814453125, 1600427709.7435929775, 150
1600427709.7555930614, 9.79636383056640625, 1600427709.7745928764, -9.79636383056640625, 1600427709.7745928764, 150
1600427709.7865929604, 9.8808155059814453125, 1600427709.8055930138, -9.8808155059814453125, 1600427709.8055930138, 150
1600427709.8175928593, 9.8808155059814453125, 1600427709.8365929127, -9.8808155059814453125, 1600427709.8365929127, 150
1600427709.8485929966, 9.79636383056640625, 1600427709.86759305, -9.79636383056640625, 1600427709.86759305, 150
1600427709.8795928955, 9.8808155059814453125, 1600427709.8985929489, -9.8808155059814453125, 1600427709.8985929489, 150
1600427709.9105930328, 9.8808155059814453125, 1600427709.9295928478, -9.8808155059814453125, 1600427709.9295928478, 150
1600427709.9415929317, 9.8808155059814453125, 1600427709.9615929127, -9.8808155059814453125, 1600427709.9615929127, 150
1600427709.9725930691, 9.8808155059814453125, 1600427709.99259305, -9.8808155059814453125, 1600427709.99259305, 150
1600427710.003592968, 9.8808155059814453125, 1600427710.0235929489, -9.8808155059814453125, 1600427710.0235929489, 150
1600427710.0345928669, 9.79636383056640625, 1600427710.0545928478, -9.79636383056640625, 1600427710.0545928478, 150
1600427710.0655930042, 9.7119131088256835938, 1600427710.0855929852, -9.7119131088256835938, 1600427710.0855929852, 150
1600427710.0965929031, 9.7119131088256835938, 1600427710.1165928841, -9.7119131088256835938, 1600427710.1165928841, 150
1600427710.128592968, 9.7119131088256835938, 1600427710.1475930214, -9.7119131088256835938, 1600427710.1475930214, 150
1600427710.1595928669, 9.6274614334106445313, 1600427710.1785929203, -9.6274614334106445313, 1600427710.1785929203, 150
1600427710.1905930042, 9.7119131088256835938, 1600427710.2095930576, -9.7119131088256835938, 1600427710.2095930576, 150
1600427710.2215929031, 9.6274614334106445313, 1600427710.2405929565, -9.6274614334106445313, 1600427710.2405929565, 150
1600427710.2525930405, 9.6274614334106445313, 1600427710.2715928555, -9.6274614334106445313, 1600427710.2715928555, 150
1600427710.2835929394, 9.7119131088256835938, 1600427710.3025929928, -9.7119131088256835938, 1600427710.3025929928, 150
1600427710.3145930767, 9.7119131088256835938, 1600427710.3335928917, -9.7119131088256835938, 1600427710.3335928917, 150
1600427710.3455929756, 9.7567777633666992188, 1600427710.364593029, -9.7567777633666992188, 1600427710.364593029, 150
1600427710.3765928745, 9.6723260879516601563, 1600427710.3955929279, -9.6723260879516601563, 1600427710.3955929279, 150
1600427710.4075930119, 9.7567777633666992188, 1600427710.4265930653, -9.7567777633666992188, 1600427710.4265930653, 150
1600427710.4715929031, 9.7171907424926757813, 1600427710.4905929565, -9.7171907424926757813, 1600427710.4905929565, 150
1600427710.5025930405, 9.8016424179077148438, 1600427710.5215928555, -9.8016424179077148438, 1600427710.5215928555, 150
1600427710.5335929394, 9.8016424179077148438, 1600427710.5525929928, -9.8016424179077148438, 1600427710.5525929928, 150
1600427710.5645930767, 9.8016424179077148438, 1600427710.5835928917, -9.8016424179077148438, 1600427710.5835928917, 150
1600427710.5955929756, 9.8860940933227539063, 1600427710.614593029, -9.8860940933227539063, 1600427710.614593029, 150
1600427710.6265928745, 9.8412294387817382813, 1600427710.6455929279, -9.8412294387817382813, 1600427710.6455929279, 150
1600427710.6575930119, 9.9256801605224609375, 1600427710.6765930653, -9.9256801605224609375, 1600427710.6765930653, 150
1600427710.6885929108, 9.8412294387817382813, 1600427710.7075929642, -9.8412294387817382813, 1600427710.7075929642, 150
1600427710.7195930481, 9.8808155059814453125, 1600427710.7385928631, -9.8808155059814453125, 1600427710.7385928631, 150
1600427710.750592947, 9.8808155059814453125, 1600427710.7695930004, -9.8808155059814453125, 1600427710.7695930004, 150
1600427710.7815928459, 9.8808155059814453125, 1600427710.8005928993, -9.8808155059814453125, 1600427710.8005928993, 150
1600427710.8125929832, 9.8808155059814453125, 1600427710.8325929642, -9.8808155059814453125, 1600427710.8325929642, 150
1600427710.8435928822, 9.79636383056640625, 1600427710.8635928631, -9.79636383056640625, 1600427710.8635928631, 150
1600427710.8745930195, 9.8808155059814453125, 1600427710.8945930004, -9.8808155059814453125, 1600427710.8945930004, 150
1600427710.9055929184, 9.79636383056640625, 1600427710.9255928993, -9.79636383056640625, 1600427710.9255928993, 150
1600427710.9365930557, 9.79636383056640625, 1600427710.9565930367, -9.79636383056640625, 1600427710.9565930367, 150
1600427710.9675929546, 9.79636383056640625, 1600427710.9875929356, -9.79636383056640625, 1600427710.9875929356, 150
1600427710.9995930195, 9.7119131088256835938, 1600427711.0185930729, -9.7119131088256835938, 1600427711.0185930729, 150
1600427711.0305929184, 9.79636383056640625, 1600427711.0495929718, -9.79636383056640625, 1600427711.0495929718, 150
1600427711.0615930557, 9.7119131088256835938, 1600427711.0805928707, -9.7119131088256835938, 1600427711.0805928707, 150
1600427711.0925929546, 9.79636383056640625, 1600427711.111593008, -9.79636383056640625, 1600427711.111593008, 150
1600427711.1235928535, 9.79636383056640625, 1600427711.142592907, -9.79636383056640625, 1600427711.142592907, 150
1600427711.1555929184, 9.8040418624877929688, 1600427711.1745929718, -9.8040418624877929688, 1600427711.1745929718, 150
1600427711.185505867, 9.888492584228515625, 1600427711.2045059204, -9.888492584228515625, 1600427711.2045059204, 150
1600427711.2165060043, 9.8040418624877929688, 1600427711.2355060577, -9.8040418624877929688, 1600427711.2355060577, 150
1600427711.2475059032, 9.888492584228515625, 1600427711.2665059566, -9.888492584228515625, 1600427711.2665059566, 150
1600427711.2785060406, 9.8040418624877929688, 1600427711.2975058556, -9.8040418624877929688, 1600427711.2975058556, 150
1600427711.3095059395, 9.888492584228515625, 1600427711.3285059929, -9.888492584228515625, 1600427711.3285059929, 150
1600427711.3405060768, 9.8040418624877929688, 1600427711.3595058918, -9.8040418624877929688, 1600427711.3595058918, 150
1600427711.3715059757, 9.7195901870727539063, 1600427711.3905060291, -9.7195901870727539063, 1600427711.3905060291, 150
1600427711.4025058746, 9.79636383056640625, 1600427711.421505928, -9.79636383056640625, 1600427711.421505928, 150
1600427711.433506012, 9.7119131088256835938, 1600427711.4525060654, -9.7119131088256835938, 1600427711.4525060654, 150
1600427711.4645059109, 9.79636383056640625, 1600427711.4835059643, -9.79636383056640625, 1600427711.4835059643, 150
1600427711.4955060482, 9.7119131088256835938, 1600427711.5145058632, -9.7119131088256835938, 1600427711.5145058632, 150
1600427711.5265059471, 9.79636383056640625, 1600427711.546505928, -9.79636383056640625, 1600427711.546505928, 150
1600427711.5575060844, 9.79636383056640625, 1600427711.5775060654, -9.79636383056640625, 1600427711.5775060654, 150
1600427711.5885059834, 9.79636383056640625, 1600427711.6085059643, -9.79636383056640625, 1600427711.6085059643, 150
1600427711.6195058823, 9.8808155059814453125, 1600427711.6395058632, -9.8808155059814453125, 1600427711.6395058632, 150
1600427711.6505060196, 9.79636383056640625, 1600427711.6705060005, -9.79636383056640625, 1600427711.6705060005, 150
1600427711.6815059185, 9.8808155059814453125, 1600427711.7015058994, -9.8808155059814453125, 1600427711.7015058994, 150
1600427711.7135059834, 9.79636383056640625, 1600427711.7325060368, -9.79636383056640625, 1600427711.7325060368, 150
1600427711.7445058823, 9.79636383056640625, 1600427711.7635059357, -9.79636383056640625, 1600427711.7635059357, 150
1600427711.7755060196, 9.79636383056640625, 1600427711.794506073, -9.79636383056640625, 1600427711.794506073, 150
1600427711.8065059185, 9.7119131088256835938, 1600427711.8255059719, -9.7119131088256835938, 1600427711.8255059719, 150
1600427711.8375060558, 9.79636383056640625, 1600427711.8565058708, -9.79636383056640625, 1600427711.8565058708, 150
1600427711.8685059547, 9.79636383056640625, 1600427711.8875060081, -9.79636383056640625, 1600427711.8875060081, 150
1600427711.8995058537, 9.79636383056640625, 1600427711.9185059071, -9.79636383056640625, 1600427711.9185059071, 150
1600427711.930505991, 9.7567777633666992188, 1600427711.9495060444, -9.7567777633666992188, 1600427711.9495060444, 150
1600427711.9615058899, 9.7567777633666992188, 1600427711.9805059433, -9.7567777633666992188, 1600427711.9805059433, 150
1600427711.9925060272, 9.8412294387817382813, 1600427712.0115060806, -9.8412294387817382813, 1600427712.0115060806, 150
1600427712.0265059471, 9.8064546585083007813, 1600427712.0455060005, -9.8064546585083007813, 1600427712.0455060005, 150
1600427712.0575060844, 9.8909063339233398438, 1600427712.0765058994, -9.8909063339233398438, 1600427712.0765058994, 150
1600427712.0885059834, 9.8064546585083007813, 1600427712.1075060368, -9.8064546585083007813, 1600427712.1075060368, 150
1600427712.1195058823, 9.8064546585083007813, 1600427712.1385059357, -9.8064546585083007813, 1600427712.1385059357, 150
1600427712.1505060196, 9.8064546585083007813, 1600427712.1705060005, -9.8064546585083007813, 1600427712.1705060005, 150
1600427712.1815059185, 9.7615900039672851563, 1600427712.2015058994, -9.7615900039672851563, 1600427712.2015058994, 150
1600427712.2125060558, 9.8460416793823242188, 1600427712.2325060368, -9.8460416793823242188, 1600427712.2325060368, 150
1600427712.2435059547, 9.7615900039672851563, 1600427712.2635059357, -9.7615900039672851563, 1600427712.2635059357, 150
1600427712.2745058537, 9.79636383056640625, 1600427712.294506073, -9.79636383056640625, 1600427712.294506073, 150
1600427712.305505991, 9.7119131088256835938, 1600427712.3255059719, -9.7119131088256835938, 1600427712.3255059719, 150
1600427712.3375060558, 9.79636383056640625, 1600427712.3565058708, -9.79636383056640625, 1600427712.3565058708, 150
1600427712.3685059547, 9.79636383056640625, 1600427712.3875060081, -9.79636383056640625, 1600427712.3875060081, 150
1600427712.3995058537, 9.79636383056640625, 1600427712.4185059071, -9.79636383056640625, 1600427712.4185059071, 150
1600427712.430505991, 9.8808155059814453125, 1600427712.4495060444, -9.8808155059814453125, 1600427712.4495060444, 150
1600427712.4615058899, 9.79636383056640625, 1600427712.4805059433, -9.79636383056640625, 1600427712.4805059433, 150
1600427712.5255060196, 9.8626260757446289063, 1600427712.544506073, -9.8626260757446289063, 1600427712.544506073, 150
1600427712.5565059185, 9.7781744003295898438, 1600427712.5755059719, -9.7781744003295898438, 1600427712.5755059719, 150
1600427712.5875060558, 9.8626260757446289063, 1600427712.6065058708, -9.8626260757446289063, 1600427712.6065058708, 150
1600427712.6185059547, 9.7781744003295898438, 1600427712.6375060081, -9.7781744003295898438, 1600427712.6375060081, 150
1600427712.6495058537, 9.7781744003295898438, 1600427712.6685059071, -9.7781744003295898438, 1600427712.6685059071, 150
1600427712.680505991, 9.8626260757446289063, 1600427712.6995060444, -9.8626260757446289063, 1600427712.6995060444, 0
1600427712.7115058899, 9.2714662551879882813, 1600427712.7305059433, -9.2714662551879882813, 1600427712.7305059433, 0
1600427712.7425060272, 8.25804901123046875, 1600427712.7615060806, -8.25804901123046875, 1600427712.7615060806, 0
1600427712.7735059261, 7.0939188003540039063, 1600427712.7925059795, -7.0939188003540039063, 1600427712.7925059795, 0
1600427712.8045060635, 5.9115991592407226563, 1600427712.8235058784, -5.9115991592407226563, 1600427712.8235058784, 0
1600427712.8355059624, 4.6448278427124023438, 1600427712.8545060158, -4.6448278427124023438, 1600427712.8545060158, 0
1600427712.8665058613, 3.4625079631805419922, 1600427712.8855059147, -3.4625079631805419922, 1600427712.8855059147, 0
1600427712.8975059986, 2.1957368850708007813, 1600427712.916506052, -2.1957368850708007813, 1600427712.916506052, 0
1600427712.9285058975, 0.92896556854248046875, 1600427712.9475059509, -0.92896556854248046875, 1600427712.9475059509, 0
1600427712.9595060349, 0.25335425138473510742, 1600427712.9785058498, -0.25335425138473510742, 1600427712.9785058498, 0
1600427712.9905059338, 0.084451414644718170166, 1600427713.0095059872, -0.084451414644718170166, 1600427713.0095059872, 0
1600427713.0215060711, -1.6098233857064769836e-15, 1600427713.041506052, 1.6098233857064769836e-15, 1600427713.041506052, 0
1600427713.05250597, -1.6098233857064769836e-15, 1600427713.0725059509, 1.6098233857064769836e-15, 1600427713.0725059509, 0
1600427713.0835058689, -1.6098233857064769836e-15, 1600427713.1035058498, 1.6098233857064769836e-15, 1600427713.1035058498, 0
1600427713.1145060062, -1.6098233857064769836e-15, 1600427713.1345059872, 1.6098233857064769836e-15, 1600427713.1345059872, 0
1600427713.1455059052, -1.6098233857064769836e-15, 1600427713.1655058861, 1.6098233857064769836e-15, 1600427713.1655058861, 0
1600427713.1765060425, -1.6098233857064769836e-15, 1600427713.1965060234, 1.6098233857064769836e-15, 1600427713.1965060234, 0
1600427713.2075059414, -1.6098233857064769836e-15, 1600427713.2275059223, 1.6098233857064769836e-15, 1600427713.2275059223, 0
1600427713.2385060787, -1.6098233857064769836e-15, 1600427713.2585060596, 1.6098233857064769836e-15, 1600427713.2585060596, 0
1600427713.2705059052, -1.6098233857064769836e-15, 1600427713.2895059586, 1.6098233857064769836e-15, 1600427713.2895059586, 0
1600427713.3015060425, -1.6098233857064769836e-15, 1600427713.3205058575, 1.6098233857064769836e-15, 1600427713.3205058575, 0
1600427713.3325059414, -1.6098233857064769836e-15, 1600427713.3515059948, 1.6098233857064769836e-15, 1600427713.3515059948, 0
1600427713.3635060787, -1.6098233857064769836e-15, 1600427713.3825058937, 1.6098233857064769836e-15, 1600427713.3825058937, 0
1600427713.3945059776, -1.6098233857064769836e-15, 1600427713.413506031, 1.6098233857064769836e-15, 1600427713.413506031, 0
1600427713.4255058765, -1.6098233857064769836e-15, 1600427713.4445059299, 1.6098233857064769836e-15, 1600427713.4445059299, 0
1600427713.4565060139, -1.6098233857064769836e-15, 1600427713.4755060673, 1.6098233857064769836e-15, 1600427713.4755060673, 0
1600427713.4875059128, -1.6098233857064769836e-15, 1600427713.5065059662, 1.6098233857064769836e-15, 1600427713.5065059662, 0
1600427713.5185060501, -1.6098233857064769836e-15, 1600427713.5375058651, 1.6098233857064769836e-15, 1600427713.5375058651, 0
1600427713.549505949, -1.6098233857064769836e-15, 1600427713.5685060024, 1.6098233857064769836e-15, 1600427713.5685060024, 0
1600427713.5805060863, -1.6098233857064769836e-15, 1600427713.5995059013, 1.6098233857064769836e-15, 1600427713.5995059013, 0
1600427713.6115059853, -1.6098233857064769836e-15, 1600427713.6305060387, 1.6098233857064769836e-15, 1600427713.6305060387, 0
1600427713.6425058842, -1.6098233857064769836e-15, 1600427713.6615059376, 1.6098233857064769836e-15, 1600427713.6615059376, 0
1600427713.674505949, -1.6098233857064769836e-15, 1600427713.6935060024, 1.6098233857064769836e-15, 1600427713.6935060024, 0
1600427713.7055060863, -1.6098233857064769836e-15, 1600427713.7245059013, 1.6098233857064769836e-15, 1600427713.7245059013, 0
1600427713.7365059853, -1.6098233857064769836e-15, 1600427713.7565059662, 1.6098233857064769836e-15, 1600427713.7565059662, 0
1600427713.7675058842, -1.6098233857064769836e-15, 1600427713.7875058651, 1.6098233857064769836e-15, 1600427713.7875058651, 0
1600427713.7985060215, -1.6098233857064769836e-15, 1600427713.8185060024, 1.6098233857064769836e-15, 1600427713.8185060024, 0
1600427713.8295059204, -1.6098233857064769836e-15, 1600427713.8495059013, 1.6098233857064769836e-15, 1600427713.8495059013, 0
1600427713.8605060577, -1.6098233857064769836e-15, 1600427713.8805060387, 1.6098233857064769836e-15, 1600427713.8805060387, 0
1600427713.8915059566, -1.6098233857064769836e-15, 1600427713.9115059376, 1.6098233857064769836e-15, 1600427713.9115059376, 0
1600427713.9225058556, -1.6098233857064769836e-15, 1600427713.9425060749, 1.6098233857064769836e-15, 1600427713.9425060749, 0
1600427713.9535059929, -1.6098233857064769836e-15, 1600427713.9735059738, 1.6098233857064769836e-15, 1600427713.9735059738, 0
1600427713.9855060577, -1.6098233857064769836e-15, 1600427714.0045058727, 1.6098233857064769836e-15, 1600427714.0045058727, 0
1600427714.0165059566, -1.6098233857064769836e-15, 1600427714.0355060101, 1.6098233857064769836e-15, 1600427714.0355060101, 0
1600427714.0475058556, -1.6098233857064769836e-15, 1600427714.066505909, 1.6098233857064769836e-15, 1600427714.066505909, 0
1600427714.0785059929, -1.6098233857064769836e-15, 1600427714.0975060463, 1.6098233857064769836e-15, 1600427714.0975060463, 0
1600427714.1095058918, -1.6098233857064769836e-15, 1600427714.1285059452, 1.6098233857064769836e-15, 1600427714.1285059452, 0
1600427714.1405060291, -1.6098233857064769836e-15, 1600427714.1595060825, 1.6098233857064769836e-15, 1600427714.1595060825, 0
1600427714.171505928, -1.6098233857064769836e-15, 1600427714.1905059814, 1.6098233857064769836e-15, 1600427714.1905059814, 0
1600427714.2025060654, -1.6098233857064769836e-15, 1600427714.2215058804, 1.6098233857064769836e-15, 1600427714.2215058804, 0
1600427714.2335059643, -1.6098233857064769836e-15, 1600427714.2525060177, 1.6098233857064769836e-15, 1600427714.2525060177, 0
1600427714.2645058632, -1.6098233857064769836e-15, 1600427714.2835059166, 1.6098233857064769836e-15, 1600427714.2835059166, 0
1600427714.2955060005, -1.6098233857064769836e-15, 1600427714.3145060539, 1.6098233857064769836e-15, 1600427714.3145060539, 0
1600427714.3265058994, -1.6098233857064769836e-15, 1600427714.3455059528, 1.6098233857064769836e-15, 1600427714.3455059528, 0
1600427714.3575060368, -1.6098233857064769836e-15, 1600427714.3765058517, 1.6098233857064769836e-15, 1600427714.3765058517, 0
1600427714.3885059357, -1.6098233857064769836e-15, 1600427714.4075059891, 1.6098233857064769836e-15, 1600427714.4075059891, 0
1600427714.419506073, -1.6098233857064769836e-15, 1600427714.438505888, 1.6098233857064769836e-15, 1600427714.438505888, 0
1600427714.4505059719, -1.6098233857064769836e-15, 1600427714.4695060253, 1.6098233857064769836e-15, 1600427714.4695060253, 0
1600427714.4815058708, -1.6098233857064769836e-15, 1600427714.5005059242, 1.6098233857064769836e-15, 1600427714.5005059242, 0
1600427714.5125060081, -1.6098233857064769836e-15, 1600427714.5315060616, 1.6098233857064769836e-15, 1600427714.5315060616, 0
1600427714.5765058994, -1.6098233857064769836e-15, 1600427714.5955059528, 1.6098233857064769836e-15, 1600427714.5955059528, 0
1600427714.6075060368, -1.6098233857064769836e-15, 1600427714.6275060177, 1.6098233857064769836e-15, 1600427714.6275060177, 0
1600427714.6385059357, -1.6098233857064769836e-15, 1600427714.6585059166, 1.6098233857064769836e-15, 1600427714.6585059166, 0
1600427714.669506073, -1.6098233857064769836e-15, 1600427714.6895060539, 1.6098233857064769836e-15, 1600427714.6895060539, 0
1600427714.7005059719, -1.6098233857064769836e-15, 1600427714.7205059528, 1.6098233857064769836e-15, 1600427714.7205059528, 0
1600427714.7315058708, -1.6098233857064769836e-15, 1600427714.7515058517, 1.6098233857064769836e-15, 1600427714.7515058517, 0
1600427714.7625060081, -1.6098233857064769836e-15, 1600427714.7825059891, 1.6098233857064769836e-15, 1600427714.7825059891, 0
1600427714.7935059071, -1.6098233857064769836e-15, 1600427714.813505888, 1.6098233857064769836e-15, 1600427714.813505888, 0
1600427714.8245060444, -1.6098233857064769836e-15, 1600427714.8445060253, 1.6098233857064769836e-15, 1600427714.8445060253, 0
1600427714.8565058708, -1.6098233857064769836e-15, 1600427714.8755059242, 1.6098233857064769836e-15, 1600427714.8755059242, 0
1600427714.8875060081, -1.6098233857064769836e-15, 1600427714.9065060616, 1.6098233857064769836e-15, 1600427714.9065060616, 0
1600427714.9185059071, -1.6098233857064769836e-15, 1600427714.9375059605, 1.6098233857064769836e-15, 1600427714.9375059605, 0
1600427714.9495060444, -1.6098233857064769836e-15, 1600427714.9685058594, 1.6098233857064769836e-15, 1600427714.9685058594, 0
1600427714.9805059433, -1.6098233857064769836e-15, 1600427714.9995059967, 1.6098233857064769836e-15, 1600427714.9995059967, 0
1600427715.0115060806, -1.6098233857064769836e-15, 1600427715.0305058956, 1.6098233857064769836e-15, 1600427715.0305058956, 0
1600427715.0425059795, -1.6098233857064769836e-15, 1600427715.0615060329, 1.6098233857064769836e-15, 1600427715.0615060329, 0
1600427715.0735058784, -1.6098233857064769836e-15, 1600427715.0925059319, 1.6098233857064769836e-15, 1600427715.0925059319, 0
1600427715.1045060158, -1.6098233857064769836e-15, 1600427715.1235060692, 1.6098233857064769836e-15, 1600427715.1235060692, 0
1600427715.1355059147, -1.6098233857064769836e-15, 1600427715.1545059681, 1.6098233857064769836e-15, 1600427715.1545059681, 0
1600427715.166506052, -1.6098233857064769836e-15, 1600427715.185505867, 1.6098233857064769836e-15, 1600427715.185505867, 0
1600427715.1975059509, -1.6098233857064769836e-15, 1600427715.2165060043, 1.6098233857064769836e-15, 1600427715.2165060043, 0
1600427715.2285058498, -1.6098233857064769836e-15, 1600427715.2475059032, 1.6098233857064769836e-15, 1600427715.2475059032, 0
1600427715.2595059872, -1.6098233857064769836e-15, 1600427715.2785060406, 1.6098233857064769836e-15, 1600427715.2785060406, 0
1600427715.2905058861, -1.6098233857064769836e-15, 1600427715.3095059395, 1.6098233857064769836e-15, 1600427715.3095059395, 0
1600427715.3215060234, -1.6098233857064769836e-15, 1600427715.3405060768, 1.6098233857064769836e-15, 1600427715.3405060768, 0
1600427715.3525059223, -1.6098233857064769836e-15, 1600427715.3715059757, 1.6098233857064769836e-15, 1600427715.3715059757, 0
1600427715.3835060596, -1.6098233857064769836e-15, 1600427715.4025058746, 1.6098233857064769836e-15, 1600427715.4025058746, 0
1600427715.4145059586, -1.6098233857064769836e-15, 1600427715.433506012, 1.6098233857064769836e-15, 1600427715.433506012, 0
1600427715.4455058575, -1.6098233857064769836e-15, 1600427715.4645059109, 1.6098233857064769836e-15, 1600427715.4645059109, 0
1600427715.4765059948, -1.6098233857064769836e-15, 1600427715.4955060482, 1.6098233857064769836e-15, 1600427715.4955060482, 0
1600427715.5075058937, -1.6098233857064769836e-15, 1600427715.5265059471, 1.6098233857064769836e-15, 1600427715.5265059471, 0
1600427715.538506031, -1.6098233857064769836e-15, 1600427715.5575060844, 1.6098233857064769836e-15, 1600427715.5575060844, 0
1600427715.5695059299, -1.6098233857064769836e-15, 1600427715.5885059834, 1.6098233857064769836e-15, 1600427715.5885059834, 0
1600427715.6005060673, -1.6098233857064769836e-15, 1600427715.6195058823, 1.6098233857064769836e-15, 1600427715.6195058823, 0
1600427715.6315059662, -1.6098233857064769836e-15, 1600427715.6505060196, 1.6098233857064769836e-15, 1600427715.6505060196, 0
1600427715.6625058651, -1.6098233857064769836e-15, 1600427715.6815059185, 1.6098233857064769836e-15, 1600427715.6815059185, 0
1600427715.6935060024, -1.6098233857064769836e-15, 1600427715.7125060558, 1.6098233857064769836e-15, 1600427715.7125060558, 0
1600427715.7245059013, -1.6098233857064769836e-15, 1600427715.7435059547, 1.6098233857064769836e-15, 1600427715.7435059547, 0
1600427715.7555060387, -1.6098233857064769836e-15, 1600427715.7745058537, 1.6098233857064769836e-15, 1600427715.7745058537, 0
1600427715.7865059376, -1.6098233857064769836e-15, 1600427715.8065059185, 1.6098233857064769836e-15, 1600427715.8065059185, 0
1600427715.8175060749, -1.6098233857064769836e-15, 1600427715.8375060558, 1.6098233857064769836e-15, 1600427715.8375060558, 0
1600427715.8485059738, -1.6098233857064769836e-15, 1600427715.8685059547, 1.6098233857064769836e-15, 1600427715.8685059547, 0
1600427715.8795058727, -1.6098233857064769836e-15, 1600427715.8995058537, 1.6098233857064769836e-15, 1600427715.8995058537, 0
1600427715.9105060101, -1.6098233857064769836e-15, 1600427715.930505991, 1.6098233857064769836e-15, 1600427715.930505991, 0
1600427715.941505909, -1.6098233857064769836e-15, 1600427715.9615058899, 1.6098233857064769836e-15, 1600427715.9615058899, 0
1600427715.9725060463, -1.6098233857064769836e-15, 1600427715.9925060272, 1.6098233857064769836e-15, 1600427715.9925060272, 0
1600427716.0035059452, -1.6098233857064769836e-15, 1600427716.0235059261, 1.6098233857064769836e-15, 1600427716.0235059261, 0
1600427716.0355060101, -1.6098233857064769836e-15, 1600427716.0545060635, 1.6098233857064769836e-15, 1600427716.0545060635, 0
1600427716.066505909, -1.6098233857064769836e-15, 1600427716.0855059624, 1.6098233857064769836e-15, 1600427716.0855059624, 0
1600427716.0975060463, -1.6098233857064769836e-15, 1600427716.1165058613, 1.6098233857064769836e-15, 1600427716.1165058613, 0
1600427716.1285059452, -1.6098233857064769836e-15, 1600427716.1475059986, 1.6098233857064769836e-15, 1600427716.1475059986, 0
1600427716.1595060825, -1.6098233857064769836e-15, 1600427716.1785058975, 1.6098233857064769836e-15, 1600427716.1785058975, 0
1600427716.191505909, -1.6098233857064769836e-15, 1600427716.2105059624, 1.6098233857064769836e-15, 1600427716.2105059624, 0
1600427716.2219629288, -1.6098233857064769836e-15, 1600427716.2409629822, 1.6098233857064769836e-15, 1600427716.2409629822, 0
1600427716.2529630661, -1.6098233857064769836e-15, 1600427716.2719631195, 1.6098233857064769836e-15, 1600427716.2719631195, 0
1600427716.283962965, -1.6098233857064769836e-15, 1600427716.3029630184, 1.6098233857064769836e-15, 1600427716.3029630184, 0
1600427716.3149631023, -1.6098233857064769836e-15, 1600427716.3339629173, 1.6098233857064769836e-15, 1600427716.3339629173, 0
1600427716.3459630013, -1.6098233857064769836e-15, 1600427716.3649630547, 1.6098233857064769836e-15, 1600427716.3649630547, 0
1600427716.3769631386, -1.6098233857064769836e-15, 1600427716.3959629536, 1.6098233857064769836e-15, 1600427716.3959629536, 0
1600427716.4079630375, -1.6098233857064769836e-15, 1600427716.4269630909, 1.6098233857064769836e-15, 1600427716.4269630909, 0
1600427716.4389629364, -1.6098233857064769836e-15, 1600427716.4579629898, 1.6098233857064769836e-15, 1600427716.4579629898, 0
1600427716.4699630737, -1.6098233857064769836e-15, 1600427716.4889631271, 1.6098233857064769836e-15, 1600427716.4889631271, 0
1600427716.5009629726, -1.6098233857064769836e-15, 1600427716.5209629536, 1.6098233857064769836e-15, 1600427716.5209629536, 0
1600427716.53196311, -1.6098233857064769836e-15, 1600427716.5519630909, 1.6098233857064769836e-15, 1600427716.5519630909, 0
1600427716.5629630089, -1.6098233857064769836e-15, 1600427716.5829629898, 1.6098233857064769836e-15, 1600427716.5829629898, 0
1600427716.6279630661, -1.6098233857064769836e-15, 1600427716.6469631195, 1.6098233857064769836e-15, 1600427716.6469631195, 0
1600427716.658962965, -1.6098233857064769836e-15, 1600427716.6779630184, 1.6098233857064769836e-15, 1600427716.6779630184, 0
1600427716.6899631023, -1.6098233857064769836e-15, 1600427716.7089629173, 1.6098233857064769836e-15, 1600427716.7089629173, 0
1600427716.7209630013, -1.6098233857064769836e-15, 1600427716.7399630547, 1.6098233857064769836e-15, 1600427716.7399630547, 0
1600427716.7519631386, -1.6098233857064769836e-15, 1600427716.7709629536, 1.6098233857064769836e-15, 1600427716.7709629536, 0
1600427716.7829630375, -1.6098233857064769836e-15, 1600427716.8019630909, 1.6098233857064769836e-15, 1600427716.8019630909, 0
1600427716.8139629364, -1.6098233857064769836e-15, 1600427716.8329629898, 1.6098233857064769836e-15, 1600427716.8329629898, 0
1600427716.8449630737, -1.6098233857064769836e-15, 1600427716.8639631271, 1.6098233857064769836e-15, 1600427716.8639631271, 0
1600427716.8759629726, -1.6098233857064769836e-15, 1600427716.894963026, 1.6098233857064769836e-15, 1600427716.894963026, 0
1600427716.90696311, -1.6098233857064769836e-15, 1600427716.925962925, 1.6098233857064769836e-15, 1600427716.925962925, 0
1600427716.9379630089, -1.6098233857064769836e-15, 1600427716.9569630623, 1.6098233857064769836e-15, 1600427716.9569630623, 0
1600427716.9689631462, -1.6098233857064769836e-15, 1600427716.9879629612, 1.6098233857064769836e-15, 1600427716.9879629612, 0
1600427716.9999630451, -1.6098233857064769836e-15, 1600427717.0189630985, 1.6098233857064769836e-15, 1600427717.0189630985, 0
1600427717.033962965, -1.6098233857064769836e-15, 1600427717.0539629459, 1.6098233857064769836e-15, 1600427717.0539629459, 0
1600427717.0659630299, -1.6098233857064769836e-15, 1600427717.0849630833, 1.6098233857064769836e-15, 1600427717.0849630833, 0
1600427717.0969629288, -1.6098233857064769836e-15, 1600427717.1159629822, 1.6098233857064769836e-15, 1600427717.1159629822, 0
1600427717.1279630661, -1.6098233857064769836e-15, 1600427717.1469631195, 1.6098233857064769836e-15, 1600427717.1469631195, 0
1600427717.158962965, -1.6098233857064769836e-15, 1600427717.1779630184, 1.6098233857064769836e-15, 1600427717.1779630184, 0
1600427717.1899631023, -1.6098233857064769836e-15, 1600427717.2089629173, 1.6098233857064769836e-15, 1600427717.2089629173, 0
1600427717.2209630013, -1.6098233857064769836e-15, 1600427717.2399630547, 1.6098233857064769836e-15, 1600427717.2399630547, 0
1600427717.2519631386, -1.6098233857064769836e-15, 1600427717.2709629536, 1.6098233857064769836e-15, 1600427717.2709629536, 0
1600427717.2829630375, -1.6098233857064769836e-15, 1600427717.3019630909, 1.6098233857064769836e-15, 1600427717.3019630909, 0
1600427717.3139629364, -1.6098233857064769836e-15, 1600427717.3329629898, 1.6098233857064769836e-15, 1600427717.3329629898, 0
1600427717.3449630737, -1.6098233857064769836e-15, 1600427717.3639631271, 1.6098233857064769836e-15, 1600427717.3639631271, 0
1600427717.3759629726, -1.6098233857064769836e-15, 1600427717.394963026, 1.6098233857064769836e-15, 1600427717.394963026, 0
1600427717.40696311, -1.6098233857064769836e-15, 1600427717.425962925, 1.6098233857064769836e-15, 1600427717.425962925, 0
1600427717.4379630089, -1.6098233857064769836e-15, 1600427717.4569630623, 1.6098233857064769836e-15, 1600427717.4569630623, 0
1600427717.4689631462, -1.6098233857064769836e-15, 1600427717.4879629612, 1.6098233857064769836e-15, 1600427717.4879629612, 0
1600427717.4999630451, -1.6098233857064769836e-15, 1600427717.5189630985, 1.6098233857064769836e-15, 1600427717.5189630985, 0
1600427717.530962944, -1.6098233857064769836e-15, 1600427717.5499629974, 1.6098233857064769836e-15, 1600427717.5499629974, 0
1600427717.5619630814, -1.6098233857064769836e-15, 1600427717.5809631348, 1.6098233857064769836e-15, 1600427717.5809631348, 0
1600427717.5929629803, -1.6098233857064769836e-15, 1600427717.6119630337, 1.6098233857064769836e-15, 1600427717.6119630337, 0
1600427717.6239631176, -1.6098233857064769836e-15, 1600427717.6429629326, 1.6098233857064769836e-15, 1600427717.6429629326, 0
1600427717.6549630165, -1.6098233857064769836e-15, 1600427717.6739630699, 1.6098233857064769836e-15, 1600427717.6739630699, 0
1600427717.6859629154, -1.6098233857064769836e-15, 1600427717.7049629688, 1.6098233857064769836e-15, 1600427717.7049629688, 0
1600427717.7169630527, -1.6098233857064769836e-15, 1600427717.7359631062, 1.6098233857064769836e-15, 1600427717.7359631062, 0
1600427717.7479629517, -1.6098233857064769836e-15, 1600427717.7669630051, 1.6098233857064769836e-15, 1600427717.7669630051, 0
1600427717.778963089, -1.6098233857064769836e-15, 1600427717.7979631424, 1.6098233857064769836e-15, 1600427717.7979631424, 0
1600427717.8099629879, -1.6098233857064769836e-15, 1600427717.8289630413, 1.6098233857064769836e-15, 1600427717.8289630413, 0
1600427717.8409631252, -1.6098233857064769836e-15, 1600427717.8599629402, 1.6098233857064769836e-15, 1600427717.8599629402, 0
1600427717.8719630241, -1.6098233857064769836e-15, 1600427717.8909630775, 1.6098233857064769836e-15, 1600427717.8909630775, 0
1600427717.902962923, -1.6098233857064769836e-15, 1600427717.9219629765, 1.6098233857064769836e-15, 1600427717.9219629765, 0
1600427717.9339630604, -1.6098233857064769836e-15, 1600427717.9529631138, 1.6098233857064769836e-15, 1600427717.9529631138, 0
1600427717.9649629593, -1.6098233857064769836e-15, 1600427717.9839630127, 1.6098233857064769836e-15, 1600427717.9839630127, 0
1600427717.9959630966, -1.6098233857064769836e-15, 1600427718.0159630775, 1.6098233857064769836e-15, 1600427718.0159630775, 0
1600427718.0269629955, -1.6098233857064769836e-15, 1600427718.0469629765, 1.6098233857064769836e-15, 1600427718.0469629765, 0
1600427718.0579631329, -1.6098233857064769836e-15, 1600427718.0779631138, 1.6098233857064769836e-15, 1600427718.0779631138, 0
1600427718.0889630318, -1.6098233857064769836e-15, 1600427718.1089630127, 1.6098233857064769836e-15, 1600427718.1089630127, 0
1600427718.1199629307, -1.6098233857064769836e-15, 1600427718.1399629116, 1.6098233857064769836e-15, 1600427718.1399629116, 0
1600427718.150963068, -1.6098233857064769836e-15, 1600427718.1709630489, 1.6098233857064769836e-15, 1600427718.1709630489, 0
1600427718.1819629669, -1.6098233857064769836e-15, 1600427718.2019629478, 1.6098233857064769836e-15, 1600427718.2019629478, 0
1600427718.2129631042, -1.6098233857064769836e-15, 1600427718.2329630852, 1.6098233857064769836e-15, 1600427718.2329630852, 0
1600427718.2449629307, -1.6098233857064769836e-15, 1600427718.2639629841, 1.6098233857064769836e-15, 1600427718.2639629841, 0
1600427718.275963068, -1.6098233857064769836e-15, 1600427718.2949631214, 1.6098233857064769836e-15, 1600427718.2949631214, 0
1600427718.3069629669, -1.6098233857064769836e-15, 1600427718.3259630203, 1.6098233857064769836e-15, 1600427718.3259630203, 0
1600427718.3379631042, -1.6098233857064769836e-15, 1600427718.3569629192, 1.6098233857064769836e-15, 1600427718.3569629192, 0
1600427718.3689630032, -1.6098233857064769836e-15, 1600427718.3879630566, 1.6098233857064769836e-15, 1600427718.3879630566, 0
1600427718.3999631405, -1.6098233857064769836e-15, 1600427718.4189629555, 1.6098233857064769836e-15, 1600427718.4189629555, 0
1600427718.4309630394, -1.6098233857064769836e-15, 1600427718.4499630928, 1.6098233857064769836e-15, 1600427718.4499630928, 0
1600427718.4619629383, -1.6098233857064769836e-15, 1600427718.4809629917, 1.6098233857064769836e-15, 1600427718.4809629917, 0
1600427718.4929630756, -1.6098233857064769836e-15, 1600427718.511963129, 1.6098233857064769836e-15, 1600427718.511963129, 0
1600427718.5239629745, -1.6098233857064769836e-15, 1600427718.542963028, 1.6098233857064769836e-15, 1600427718.542963028, 0
1600427718.5549631119, -1.6098233857064769836e-15, 1600427718.5739629269, 1.6098233857064769836e-15, 1600427718.5739629269, 0
1600427718.5859630108, -1.6098233857064769836e-15, 1600427718.6049630642, 1.6098233857064769836e-15, 1600427718.6049630642, 0
1600427718.6169631481, -1.6098233857064769836e-15, 1600427718.6359629631, 1.6098233857064769836e-15, 1600427718.6359629631, 0
1600427718.6809630394, -1.6098233857064769836e-15, 1600427718.6999630928, 1.6098233857064769836e-15, 1600427718.6999630928, 0
1600427718.7139630318, -1.6098233857064769836e-15, 1600427718.7329630852, 1.6098233857064769836e-15, 1600427718.7329630852, 0
1600427718.7451441288, -1.6098233857064769836e-15, 1600427718.7641441822, 1.6098233857064769836e-15, 1600427718.7641441822, 0
1600427718.7761440277, -1.6098233857064769836e-15, 1600427718.7951440811, 1.6098233857064769836e-15, 1600427718.7951440811, 0
1600427718.807144165, -1.6098233857064769836e-15, 1600427718.82614398, 1.6098233857064769836e-15, 1600427718.82614398, 0
1600427718.8381440639, -1.6098233857064769836e-15, 1600427718.8571441174, 1.6098233857064769836e-15, 1600427718.8571441174, 0
1600427718.8691439629, -1.6098233857064769836e-15, 1600427718.8881440163, 1.6098233857064769836e-15, 1600427718.8881440163, 0
1600427718.9001441002, -1.6098233857064769836e-15, 1600427718.9191441536, 1.6098233857064769836e-15, 1600427718.9191441536, 0
1600427718.9311439991, -1.6098233857064769836e-15, 1600427718.9501440525, 1.6098233857064769836e-15, 1600427718.9501440525, 0
1600427718.9621441364, -1.6098233857064769836e-15, 1600427718.9811439514, 1.6098233857064769836e-15, 1600427718.9811439514, 0
1600427718.9931440353, -1.6098233857064769836e-15, 1600427719.0121440887, 1.6098233857064769836e-15, 1600427719.0121440887, 0
1600427719.0241441727, -1.6098233857064769836e-15, 1600427719.0431439877, 1.6098233857064769836e-15, 1600427719.0431439877, 0
1600427719.0551440716, -1.6098233857064769836e-15, 1600427719.074144125, 1.6098233857064769836e-15, 1600427719.074144125, 0
1600427719.0861439705, -1.6098233857064769836e-15, 1600427719.1051440239, 1.6098233857064769836e-15, 1600427719.1051440239, 0
1600427719.1171441078, -1.6098233857064769836e-15, 1600427719.1361441612, 1.6098233857064769836e-15, 1600427719.1361441612, 0
1600427719.1481440067, -1.6098233857064769836e-15, 1600427719.1671440601, 1.6098233857064769836e-15, 1600427719.1671440601, 0
1600427719.1791441441, -1.6098233857064769836e-15, 1600427719.198143959, 1.6098233857064769836e-15, 1600427719.198143959, 0
1600427719.210144043, -1.6098233857064769836e-15, 1600427719.2291440964, 1.6098233857064769836e-15, 1600427719.2291440964, 0
1600427719.2411441803, -1.6098233857064769836e-15, 1600427719.2601439953, 1.6098233857064769836e-15, 1600427719.2601439953, 0
1600427719.2721440792, -1.6098233857064769836e-15, 1600427719.2911441326, 1.6098233857064769836e-15, 1600427719.2911441326, 0
1600427719.3031439781, -1.6098233857064769836e-15, 1600427719.3221440315, 1.6098233857064769836e-15, 1600427719.3221440315, 0
1600427719.3341441154, -1.6098233857064769836e-15, 1600427719.3531441689, 1.6098233857064769836e-15, 1600427719.3531441689, 0
1600427719.3651440144, -1.6098233857064769836e-15, 1600427719.3841440678, 1.6098233857064769836e-15, 1600427719.3841440678, 0
1600427719.3961441517, -1.6098233857064769836e-15, 1600427719.4151439667, 1.6098233857064769836e-15, 1600427719.4151439667, 0
1600427719.4271440506, -1.6098233857064769836e-15, 1600427719.446144104, 1.6098233857064769836e-15, 1600427719.446144104, 0
1600427719.4581439495, -1.6098233857064769836e-15, 1600427719.4771440029, 1.6098233857064769836e-15, 1600427719.4771440029, 0
1600427719.4891440868, -1.6098233857064769836e-15, 1600427719.5081441402, 1.6098233857064769836e-15, 1600427719.5081441402, 0
1600427719.5201439857, -1.6098233857064769836e-15, 1600427719.5391440392, 1.6098233857064769836e-15, 1600427719.5391440392, 0
1600427719.5511441231, -1.6098233857064769836e-15, 1600427719.5701441765, 1.6098233857064769836e-15, 1600427719.5701441765, 0
1600427719.582144022, -1.6098233857064769836e-15, 1600427719.6021440029, 1.6098233857064769836e-15, 1600427719.6021440029, 0
1600427719.6131441593, -1.6098233857064769836e-15, 1600427719.6331441402, 1.6098233857064769836e-15, 1600427719.6331441402, 0
1600427719.6441440582, -1.6098233857064769836e-15, 1600427719.6641440392, 1.6098233857064769836e-15, 1600427719.6641440392, 0
1600427719.6751439571, -1.6098233857064769836e-15, 1600427719.6951441765, 1.6098233857064769836e-15, 1600427719.6951441765, 0
1600427719.7061440945, -1.6098233857064769836e-15, 1600427719.7261440754, 1.6098233857064769836e-15, 1600427719.7261440754, 0
1600427719.7371439934, -1.6098233857064769836e-15, 1600427719.7571439743, 1.6098233857064769836e-15, 1600427719.7571439743, 0
1600427719.7681441307, -1.6098233857064769836e-15, 1600427719.7881441116, 1.6098233857064769836e-15, 1600427719.7881441116, 0
1600427719.7991440296, -1.6098233857064769836e-15, 1600427719.8191440105, 1.6098233857064769836e-15, 1600427719.8191440105, 0
1600427719.8311440945, -1.6098233857064769836e-15, 1600427719.8501441479, 1.6098233857064769836e-15, 1600427719.8501441479, 0
1600427719.8621439934, -1.6098233857064769836e-15, 1600427719.8811440468, 1.6098233857064769836e-15, 1600427719.8811440468, 0
1600427719.8931441307, -1.6098233857064769836e-15, 1600427719.9121439457, 1.6098233857064769836e-15, 1600427719.9121439457, 0
1600427719.9241440296, -1.6098233857064769836e-15, 1600427719.943144083, 1.6098233857064769836e-15, 1600427719.943144083, 0
1600427719.9551441669, -1.6098233857064769836e-15, 1600427719.9741439819, 1.6098233857064769836e-15, 1600427719.9741439819, 0
1600427719.9861440659, -1.6098233857064769836e-15, 1600427720.0051441193, 1.6098233857064769836e-15, 1600427720.0051441193, 0
1600427720.0171439648, -1.6098233857064769836e-15, 1600427720.0361440182, 1.6098233857064769836e-15, 1600427720.0361440182, 0
1600427720.0481441021, -1.6098233857064769836e-15, 1600427720.0671441555, 1.6098233857064769836e-15, 1600427720.0671441555, 0
1600427720.079144001, -1.6098233857064769836e-15, 1600427720.0981440544, 1.6098233857064769836e-15, 1600427720.0981440544, 0
1600427720.1101441383, -1.6098233857064769836e-15, 1600427720.1291439533, 1.6098233857064769836e-15, 1600427720.1291439533, 0
1600427720.1411440372, -1.6098233857064769836e-15, 1600427720.1601440907, 1.6098233857064769836e-15, 1600427720.1601440907, 0
1600427720.1721441746, -1.6098233857064769836e-15, 1600427720.1911439896, 1.6098233857064769836e-15, 1600427720.1911439896, 0
1600427720.2031440735, -1.6098233857064769836e-15, 1600427720.2221441269, 1.6098233857064769836e-15, 1600427720.2221441269, 0
1600427720.2341439724, -1.6098233857064769836e-15, 1600427720.2531440258, 1.6098233857064769836e-15, 1600427720.2531440258, 0
1600427720.2651441097, -1.6098233857064769836e-15, 1600427720.2841441631, 1.6098233857064769836e-15, 1600427720.2841441631, 0
1600427720.2961440086, -1.6098233857064769836e-15, 1600427720.315144062, 1.6098233857064769836e-15, 1600427720.315144062, 0
1600427720.327144146, -1.6098233857064769836e-15, 1600427720.346143961, 1.6098233857064769836e-15, 1600427720.346143961, 0
1600427720.3581440449, -1.6098233857064769836e-15, 1600427720.3771440983, 1.6098233857064769836e-15, 1600427720.3771440983, 0
1600427720.3891441822, -1.6098233857064769836e-15, 1600427720.4081439972, 1.6098233857064769836e-15, 1600427720.4081439972, 0
1600427720.4201440811, -1.6098233857064769836e-15, 1600427720.4391441345, 1.6098233857064769836e-15, 1600427720.4391441345, 0
1600427720.45114398, -1.6098233857064769836e-15, 1600427720.4701440334, 1.6098233857064769836e-15, 1600427720.4701440334, 0
1600427720.4821441174, -1.6098233857064769836e-15, 1600427720.5011441708, 1.6098233857064769836e-15, 1600427720.5011441708, 0
1600427720.5131440163, -1.6098233857064769836e-15, 1600427720.5321440697, 1.6098233857064769836e-15, 1600427720.5321440697, 0
1600427720.5441441536, -1.6098233857064769836e-15, 1600427720.5631439686, 1.6098233857064769836e-15, 1600427720.5631439686, 0
1600427720.5751440525, -1.6098233857064769836e-15, 1600427720.5941441059, 1.6098233857064769836e-15, 1600427720.5941441059, 0
1600427720.6061439514, -1.6098233857064769836e-15, 1600427720.6251440048, 1.6098233857064769836e-15, 1600427720.6251440048, 0
1600427720.6371440887, -1.6098233857064769836e-15, 1600427720.6561441422, 1.6098233857064769836e-15, 1600427720.6561441422, 0
1600427720.6681439877, -1.6098233857064769836e-15, 1600427720.6871440411, 1.6098233857064769836e-15, 1600427720.6871440411, 0
1600427720.7331440449, -1.6098233857064769836e-15, 1600427720.7521440983, 1.6098233857064769836e-15, 1600427720.7521440983, 0
1600427720.7641441822, -1.6098233857064769836e-15, 1600427720.7831439972, 1.6098233857064769836e-15, 1600427720.7831439972, 0
1600427720.7951440811, -1.6098233857064769836e-15, 1600427720.8141441345, 1.6098233857064769836e-15, 1600427720.8141441345, 0
1600427720.82614398, -1.6098233857064769836e-15, 1600427720.8451440334, 1.6098233857064769836e-15, 1600427720.8451440334, 0
1600427720.8571441174, -1.6098233857064769836e-15, 1600427720.8761441708, 1.6098233857064769836e-15, 1600427720.8761441708, 0
1600427720.8881440163, -1.6098233857064769836e-15, 1600427720.9071440697, 1.6098233857064769836e-15, 1600427720.9071440697, 0
1600427720.9191441536, -1.6098233857064769836e-15, 1600427720.9381439686, 1.6098233857064769836e-15, 1600427720.9381439686, 0
1600427720.9501440525, -1.6098233857064769836e-15, 1600427720.9691441059, 1.6098233857064769836e-15, 1600427720.9691441059, 0
1600427720.9811439514, -1.6098233857064769836e-15, 1600427721.0001440048, 1.6098233857064769836e-15, 1600427721.0001440048, 0
1600427721.0121440887, -1.6098233857064769836e-15, 1600427721.0311441422, 1.6098233857064769836e-15, 1600427721.0311441422, 0
1600427721.0431439877, -1.6098233857064769836e-15, 1600427721.0621440411, 1.6098233857064769836e-15, 1600427721.0621440411, 0
1600427721.074144125, -1.6098233857064769836e-15, 1600427721.0931441784, 1.6098233857064769836e-15, 1600427721.0931441784, 0
1600427721.1051440239, -1.6098233857064769836e-15, 1600427721.1241440773, 1.6098233857064769836e-15, 1600427721.1241440773, 0
1600427721.1361441612, -1.6098233857064769836e-15, 1600427721.1551439762, 1.6098233857064769836e-15, 1600427721.1551439762, 0
1600427721.1671440601, -1.6098233857064769836e-15, 1600427721.1861441135, 1.6098233857064769836e-15, 1600427721.1861441135, 0
1600427721.198143959, -1.6098233857064769836e-15, 1600427721.2171440125, 1.6098233857064769836e-15, 1600427721.2171440125, 0
1600427721.2301440239, -1.6098233857064769836e-15, 1600427721.2501440048, 1.6098233857064769836e-15, 1600427721.2501440048, 0
1600427721.2615540028, -1.6098233857064769836e-15, 1600427721.2815542221, 1.6098233857064769836e-15, 1600427721.2815542221, 0
1600427721.2925541401, -1.6098233857064769836e-15, 1600427721.312554121, 1.6098233857064769836e-15, 1600427721.312554121, 0
1600427721.323554039, -1.6098233857064769836e-15, 1600427721.3435540199, 1.6098233857064769836e-15, 1600427721.3435540199, 0
1600427721.3545541763, -1.6098233857064769836e-15, 1600427721.3745541573, 1.6098233857064769836e-15, 1600427721.3745541573, 0
1600427721.3855540752, -1.6098233857064769836e-15, 1600427721.4055540562, 1.6098233857064769836e-15, 1600427721.4055540562, 0
1600427721.4175541401, -1.6098233857064769836e-15, 1600427721.4365541935, 1.6098233857064769836e-15, 1600427721.4365541935, 0
1600427721.448554039, -1.6098233857064769836e-15, 1600427721.4675540924, 1.6098233857064769836e-15, 1600427721.4675540924, 0
