# /joint_state/header/stamp, /joint_state/velocity/0, /pid_left_state/header/stamp, /pid_left_state/error, /pid_left_state/header/stamp, /pid_left_state/output
1600427482.059281826, 0, 1600427482.0782818794, 0, 1600427482.0782818794, 0
1600427482.0902180672, 0, 1600427482.1092181206, 0, 1600427482.1092181206, 0
1600427482.1212179661, 0, 1600427482.1402180195, 0, 1600427482.1402180195, 0
1600427482.1522181034, 0, 1600427482.1712179184, 0, 1600427482.1712179184, 0
1600427482.1832180023, 0, 1600427482.2022180557, 0, 1600427482.2022180557, 0
1600427482.2142179012, 0, 1600427482.2332179546, 0, 1600427482.2332179546, 0
1600427482.2452180386, 0, 1600427482.264218092, 0, 1600427482.264218092, 0
1600427482.2762179375, 0, 1600427482.2952179909, 0, 1600427482.2952179909, 0
1600427482.3072180748, 0, 1600427482.3262181282, 0, 1600427482.3262181282, 0
1600427482.3382179737, 0, 1600427482.3572180271, 0, 1600427482.3572180271, 0
1600427482.369218111, 0, 1600427482.388217926, 0, 1600427482.388217926, 0
1600427482.4002180099, 0, 1600427482.4192180634, 0, 1600427482.4192180634, 0
1600427482.4312179089, 0, 1600427482.4502179623, 0, 1600427482.4502179623, 0
1600427482.4622180462, 0, 1600427482.4812180996, 0, 1600427482.4812180996, 0
1600427482.4932179451, 0, 1600427482.5122179985, 0, 1600427482.5122179985, 0
1600427482.5242180824, 0, 1600427482.5432178974, 0, 1600427482.5432178974, 0
1600427482.5552179813, 0, 1600427482.5742180347, 0, 1600427482.5742180347, 0
1600427482.5862181187, 0, 1600427482.6052179337, 0, 1600427482.6052179337, 0
1600427482.6172180176, 0, 1600427482.636218071, 0, 1600427482.636218071, 0
1600427482.6482179165, 0, 1600427482.6672179699, 0, 1600427482.6672179699, 0
1600427482.6792180538, 0, 1600427482.6982181072, 0, 1600427482.6982181072, 0
1600427482.7102179527, 0, 1600427482.7292180061, 0, 1600427482.7292180061, 0
1600427482.7412180901, 0, 1600427482.761218071, 0, 1600427482.761218071, 0
1600427482.772217989, 0, 1600427482.7922179699, 0, 1600427482.7922179699, 0
1600427482.8032181263, 0, 1600427482.8232181072, 0, 1600427482.8232181072, 0
1600427482.8342180252, 0, 1600427482.8542180061, 0, 1600427482.8542180061, 0
1600427482.8652179241, 0, 1600427482.885217905, 0, 1600427482.885217905, 0
1600427482.8962180614, 0, 1600427482.9162180424, 0, 1600427482.9162180424, 0
1600427482.9272179604, 0, 1600427482.9472179413, 0, 1600427482.9472179413, 0
1600427482.9582180977, 0, 1600427482.9782180786, 0, 1600427482.9782180786, 0
1600427482.9902179241, 0, 1600427483.0092179775, 0, 1600427483.0092179775, 0
1600427483.0212180614, 0, 1600427483.0402181149, 0, 1600427483.0402181149, 0
1600427483.0522179604, 0, 1600427483.0712180138, 0, 1600427483.0712180138, 0
1600427483.0832180977, 0, 1600427483.1022179127, 0, 1600427483.1022179127, 0
1600427483.1142179966, 0, 1600427483.13321805, 0, 1600427483.13321805, 0
1600427483.1452178955, 0, 1600427483.1642179489, 0, 1600427483.1642179489, 0
1600427483.1762180328, 0, 1600427483.1952180862, 0, 1600427483.1952180862, 0
1600427483.2072179317, 0, 1600427483.2262179852, 0, 1600427483.2262179852, 0
1600427483.2382180691, 0, 1600427483.2572181225, 0, 1600427483.2572181225, 0
1600427483.269217968, 0, 1600427483.2882180214, 0, 1600427483.2882180214, 0
1600427483.3002181053, 0, 1600427483.3192179203, 0, 1600427483.3192179203, 0
1600427483.3312180042, 0, 1600427483.3502180576, 0, 1600427483.3502180576, 0
1600427483.3622179031, 0, 1600427483.3812179565, 0, 1600427483.3812179565, 0
1600427483.3932180405, 0, 1600427483.4122180939, 0, 1600427483.4122180939, 0
1600427483.4242179394, 0, 1600427483.4432179928, 0, 1600427483.4432179928, 0
1600427483.4552180767, 0, 1600427483.4742178917, 0, 1600427483.4742178917, 0
1600427483.4862179756, 0, 1600427483.505218029, 0, 1600427483.505218029, 0
1600427483.5172181129, 0, 1600427483.5362179279, 0, 1600427483.5362179279, 0
1600427483.5482180119, 0, 1600427483.5672180653, 0, 1600427483.5672180653, 0
1600427483.5792179108, 0, 1600427483.5982179642, 0, 1600427483.5982179642, 0
1600427483.6102180481, 0, 1600427483.6292181015, 0, 1600427483.6292181015, 0
1600427483.641217947, 0, 1600427483.6602180004, 0, 1600427483.6602180004, 0
1600427483.6722180843, 0, 1600427483.6912178993, 0, 1600427483.6912178993, 0
1600427483.7032179832, 0, 1600427483.7222180367, 0, 1600427483.7222180367, 0
1600427483.7342181206, 0, 1600427483.7532179356, 0, 1600427483.7532179356, 0
1600427483.7652180195, 0, 1600427483.7842180729, 0, 1600427483.7842180729, 0
1600427483.7962179184, 0, 1600427483.8152179718, 0, 1600427483.8152179718, 0
1600427483.8272180557, 0, 1600427483.8462181091, 0, 1600427483.8462181091, 0
1600427483.8582179546, 0, 1600427483.877218008, 0, 1600427483.877218008, 0
1600427483.889218092, 0, 1600427483.9092180729, 0, 1600427483.9092180729, 0
1600427483.9202179909, 0, 1600427483.9402179718, 0, 1600427483.9402179718, 0
1600427483.9512181282, 0, 1600427483.9712181091, 0, 1600427483.9712181091, 0
1600427483.9822180271, 0, 1600427484.002218008, 0, 1600427484.002218008, 0
1600427484.013217926, 0, 1600427484.033217907, 0, 1600427484.033217907, 0
1600427484.0442180634, 0, 1600427484.0642180443, 0, 1600427484.0642180443, 0
1600427484.1092181206, 0, 1600427484.1282179356, 0, 1600427484.1282179356, 0
1600427484.1402180195, 0, 1600427484.1592180729, 0, 1600427484.1592180729, 0
1600427484.1712179184, 0, 1600427484.1902179718, 0, 1600427484.1902179718, 0
1600427484.2022180557, 0, 1600427484.2212181091, 0, 1600427484.2212181091, 0
1600427484.2332179546, 0, 1600427484.252218008, 0, 1600427484.252218008, 0
1600427484.264218092, 0, 1600427484.283217907, 0, 1600427484.283217907, 0
1600427484.2952179909, 0, 1600427484.3142180443, 0, 1600427484.3142180443, 0
1600427484.3262181282, 0, 1600427484.3452179432, 0, 1600427484.3452179432, 0
1600427484.3572180271, 0, 1600427484.3762180805, 0, 1600427484.3762180805, 0
1600427484.388217926, 0, 1600427484.4072179794, 0, 1600427484.4072179794, 0
1600427484.4192180634, 0, 1600427484.4382181168, 0, 1600427484.4382181168, 0
1600427484.4502179623, 0, 1600427484.4692180157, 0, 1600427484.4692180157, 0
1600427484.4812180996, 0, 1600427484.5002179146, 0, 1600427484.5002179146, 0
1600427484.5122179985, 0, 1600427484.5312180519, 0, 1600427484.5312180519, 0
1600427484.5442180634, 0, 1600427484.5642180443, 0, 1600427484.5642180443, 0
1600427484.5762181282, 0, 1600427484.5952179432, 0, 1600427484.5952179432, 0
1600427484.6072180271, 0, 1600427484.6262180805, 0, 1600427484.6262180805, 0
1600427484.638217926, 0, 1600427484.6572179794, 0, 1600427484.6572179794, 0
1600427484.6692180634, 0, 1600427484.6882181168, 0, 1600427484.6882181168, 0
1600427484.7002179623, 0, 1600427484.7192180157, 0, 1600427484.7192180157, 0
1600427484.7312180996, 0, 1600427484.7502179146, 0, 1600427484.7502179146, 0
1600427484.7622179985, 0, 1600427484.7812180519, 0, 1600427484.7812180519, 0
1600427484.7932178974, 0, 1600427484.8122179508, 0, 1600427484.8122179508, 0
1600427484.8242180347, 0, 1600427484.8432180882, 0, 1600427484.8432180882, 0
1600427484.8552179337, 0, 1600427484.8742179871, 0, 1600427484.8742179871, 0
1600427484.886218071, 0, 1600427484.9052181244, 0, 1600427484.9052181244, 0
1600427484.9172179699, 0, 1600427484.9362180233, 0, 1600427484.9362180233, 0
1600427484.9482181072, 0, 1600427484.9672179222, 0, 1600427484.9672179222, 0
1600427484.9792180061, 0, 1600427484.9982180595, 0, 1600427484.9982180595, 0
1600427485.010217905, 0, 1600427485.0292179585, 0, 1600427485.0292179585, 0
1600427485.0412180424, 0, 1600427485.0602180958, 0, 1600427485.0602180958, 0
1600427485.0722179413, 0, 1600427485.0912179947, 0, 1600427485.0912179947, 0
1600427485.1032180786, 0, 1600427485.1222178936, 0, 1600427485.1222178936, 0
1600427485.1342179775, 0, 1600427485.1532180309, 0, 1600427485.1532180309, 0
1600427485.1652181149, 0, 1600427485.1842179298, 0, 1600427485.1842179298, 0
1600427485.1962180138, 0, 1600427485.2152180672, 0, 1600427485.2152180672, 0
1600427485.2272179127, 0, 1600427485.2462179661, 0, 1600427485.2462179661, 0
1600427485.25821805, 0, 1600427485.2772181034, 0, 1600427485.2772181034, 0
1600427485.2892179489, 0, 1600427485.3082180023, 0, 1600427485.3082180023, 0
1600427485.3202180862, 0, 1600427485.3392179012, 0, 1600427485.3392179012, 0
1600427485.3512179852, 0, 1600427485.3702180386, 0, 1600427485.3702180386, 150
1600427485.3822181225, 0.33780565857887268066, 1600427485.4012179375, -0.33780565857887268066, 1600427485.4012179375, 150
1600427485.4132180214, 1.1485393047332763672, 1600427485.4322180748, -1.1485393047332763672, 1600427485.4322180748, 150
1600427485.4442179203, 2.0268340110778808594, 1600427485.4632179737, -2.0268340110778808594, 1600427485.4632179737, 150
1600427485.4752180576, 2.9726898670196533203, 1600427485.4952180386, -2.9726898670196533203, 1600427485.4952180386, 150
1600427485.5062179565, 3.9185457229614257813, 1600427485.5262179375, -3.9185457229614257813, 1600427485.5262179375, 150
1600427485.5372180939, 4.9319624900817871094, 1600427485.5572180748, -4.9319624900817871094, 1600427485.5572180748, 150
1600427485.5682179928, 5.8778185844421386719, 1600427485.5882179737, -5.8778185844421386719, 1600427485.5882179737, 150
1600427485.5992178917, 6.8912353515625, 1600427485.619218111, -6.8912353515625, 1600427485.619218111, 150
1600427485.630218029, 7.8370914459228515625, 1600427485.6502180099, -7.8370914459228515625, 1600427485.6502180099, 150
1600427485.6622180939, 8.782947540283203125, 1600427485.6812179089, -8.782947540283203125, 1600427485.6812179089, 150
1600427485.6932179928, 9.3909969329833984375, 1600427485.7122180462, -9.3909969329833984375, 1600427485.7122180462, 150
1600427485.7242178917, 9.526119232177734375, 1600427485.7432179451, -9.526119232177734375, 1600427485.7432179451, 150
1600427485.755218029, 9.6612415313720703125, 1600427485.7742180824, -9.6612415313720703125, 1600427485.7742180824, 150
1600427485.7862179279, 9.6612415313720703125, 1600427485.8052179813, -9.6612415313720703125, 1600427485.8052179813, 150
1600427485.8172180653, 9.7288026809692382813, 1600427485.8362181187, -9.7288026809692382813, 1600427485.8362181187, 150
1600427485.8482179642, 9.6612415313720703125, 1600427485.8672180176, -9.6612415313720703125, 1600427485.8672180176, 150
1600427485.8792181015, 9.6971340179443359375, 1600427485.8982179165, -9.6971340179443359375, 1600427485.8982179165, 150
1600427485.9102180004, 9.6295728683471679688, 1600427485.9292180538, -9.6295728683471679688, 1600427485.9292180538, 150
1600427485.9442179203, 9.6693143844604492188, 1600427485.9632179737, -9.6693143844604492188, 1600427485.9632179737, 150
1600427485.9752180576, 9.7368755340576171875, 1600427485.994218111, -9.7368755340576171875, 1600427485.994218111, 150
1600427486.0062179565, 9.7368755340576171875, 1600427486.0252180099, -9.7368755340576171875, 1600427486.0252180099, 150
1600427486.0372180939, 9.8044366836547851563, 1600427486.0562179089, -9.8044366836547851563, 1600427486.0562179089, 150
1600427486.0682179928, 9.7368755340576171875, 1600427486.0872180462, -9.7368755340576171875, 1600427486.0872180462, 150
1600427486.0992178917, 9.8044366836547851563, 1600427486.119218111, -9.8044366836547851563, 1600427486.119218111, 150
1600427486.1642179489, 9.7400426864624023438, 1600427486.1832180023, -9.7400426864624023438, 1600427486.1832180023, 150
1600427486.1952180862, 9.7104845046997070313, 1600427486.2142179012, -9.7104845046997070313, 1600427486.2142179012, 150
1600427486.2262179852, 9.6745929718017578125, 1600427486.2452180386, -9.6745929718017578125, 1600427486.2452180386, 150
1600427486.2572181225, 9.7421541213989257813, 1600427486.2762179375, -9.7421541213989257813, 1600427486.2762179375, 150
1600427486.2882180214, 9.702411651611328125, 1600427486.3072180748, -9.702411651611328125, 1600427486.3072180748, 150
1600427486.3192179203, 9.6348505020141601563, 1600427486.3382179737, -9.6348505020141601563, 1600427486.3382179737, 150
1600427486.3502180576, 9.702411651611328125, 1600427486.369218111, -9.702411651611328125, 1600427486.369218111, 150
1600427486.3812179565, 9.6348505020141601563, 1600427486.4002180099, -9.6348505020141601563, 1600427486.4002180099, 150
1600427486.4122180939, 9.702411651611328125, 1600427486.4312179089, -9.702411651611328125, 1600427486.4312179089, 150
1600427486.4432179928, 9.6348505020141601563, 1600427486.4622180462, -9.6348505020141601563, 1600427486.4622180462, 150
1600427486.4742178917, 9.699245452880859375, 1600427486.4932179451, -9.699245452880859375, 1600427486.4932179451, 150
1600427486.505218029, 9.7288026809692382813, 1600427486.5242180824, -9.7288026809692382813, 1600427486.5242180824, 150
1600427486.5362179279, 9.7288026809692382813, 1600427486.5552179813, -9.7288026809692382813, 1600427486.5552179813, 150
1600427486.5672180653, 9.6612415313720703125, 1600427486.5862181187, -9.6612415313720703125, 1600427486.5862181187, 150
1600427486.5982179642, 9.7288026809692382813, 1600427486.6172180176, -9.7288026809692382813, 1600427486.6172180176, 150
1600427486.6292181015, 9.7288026809692382813, 1600427486.6482179165, -9.7288026809692382813, 1600427486.6482179165, 150
1600427486.6602180004, 9.7288026809692382813, 1600427486.6792180538, -9.7288026809692382813, 1600427486.6792180538, 150
1600427486.6912178993, 9.7288026809692382813, 1600427486.7102179527, -9.7288026809692382813, 1600427486.7102179527, 150
1600427486.7222180367, 9.7288026809692382813, 1600427486.7412180901, -9.7288026809692382813, 1600427486.7412180901, 150
1600427486.7532179356, 9.7288026809692382813, 1600427486.772217989, -9.7288026809692382813, 1600427486.772217989, 150
1600427486.7842180729, 9.7288026809692382813, 1600427486.8032181263, -9.7288026809692382813, 1600427486.8032181263, 150
1600427486.8152179718, 9.7288026809692382813, 1600427486.8342180252, -9.7288026809692382813, 1600427486.8342180252, 150
1600427486.8462181091, 9.79636383056640625, 1600427486.8652179241, -9.79636383056640625, 1600427486.8652179241, 150
1600427486.877218008, 9.79636383056640625, 1600427486.8962180614, -9.79636383056640625, 1600427486.8962180614, 150
1600427486.908217907, 9.79636383056640625, 1600427486.9272179604, -9.79636383056640625, 1600427486.9272179604, 150
1600427486.9392180443, 9.79636383056640625, 1600427486.9582180977, -9.79636383056640625, 1600427486.9582180977, 150
1600427486.9702179432, 9.79636383056640625, 1600427486.9902179241, -9.79636383056640625, 1600427486.9902179241, 150
1600427487.0012180805, 9.79636383056640625, 1600427487.0212180614, -9.79636383056640625, 1600427487.0212180614, 150
1600427487.0322179794, 9.79636383056640625, 1600427487.0522179604, -9.79636383056640625, 1600427487.0522179604, 150
1600427487.0652179718, 9.8025064468383789063, 1600427487.0842180252, -9.8025064468383789063, 1600427487.0842180252, 150
1600427487.0962181091, 9.8025064468383789063, 1600427487.1152179241, -9.8025064468383789063, 1600427487.1152179241, 150
1600427487.1260240078, 9.8025064468383789063, 1600427487.1450240612, -9.8025064468383789063, 1600427487.1450240612, 150
1600427487.1570239067, 9.8025064468383789063, 1600427487.1760239601, -9.8025064468383789063, 1600427487.1760239601, 150
1600427487.188024044, 9.8025064468383789063, 1600427487.207023859, -9.8025064468383789063, 1600427487.207023859, 150
1600427487.2190239429, 9.8025064468383789063, 1600427487.2380239964, -9.8025064468383789063, 1600427487.2380239964, 150
1600427487.2500240803, 9.8025064468383789063, 1600427487.2690238953, -9.8025064468383789063, 1600427487.2690238953, 150
1600427487.2810239792, 9.8025064468383789063, 1600427487.3000240326, -9.8025064468383789063, 1600427487.3000240326, 150
1600427487.3120238781, 9.8025064468383789063, 1600427487.3310239315, -9.8025064468383789063, 1600427487.3310239315, 150
1600427487.3430240154, 9.8025064468383789063, 1600427487.3620240688, -9.8025064468383789063, 1600427487.3620240688, 150
1600427487.3740239143, 9.79636383056640625, 1600427487.3930239677, -9.79636383056640625, 1600427487.3930239677, 150
1600427487.4050240517, 9.79636383056640625, 1600427487.4240238667, -9.79636383056640625, 1600427487.4240238667, 150
1600427487.4360239506, 9.79636383056640625, 1600427487.455024004, -9.79636383056640625, 1600427487.455024004, 150
1600427487.4670240879, 9.79636383056640625, 1600427487.4860239029, -9.79636383056640625, 1600427487.4860239029, 150
1600427487.4980239868, 9.79636383056640625, 1600427487.5170240402, -9.79636383056640625, 1600427487.5170240402, 150
1600427487.5290238857, 9.79636383056640625, 1600427487.5480239391, -9.79636383056640625, 1600427487.5480239391, 150
1600427487.5600240231, 9.8639249801635742188, 1600427487.5790240765, -9.8639249801635742188, 1600427487.5790240765, 150
1600427487.591023922, 9.79636383056640625, 1600427487.6100239754, -9.79636383056640625, 1600427487.6100239754, 150
1600427487.6220240593, 9.8639249801635742188, 1600427487.6410238743, -9.8639249801635742188, 1600427487.6410238743, 150
1600427487.6530239582, 9.79636383056640625, 1600427487.6720240116, -9.79636383056640625, 1600427487.6720240116, 150
1600427487.6840238571, 9.8639249801635742188, 1600427487.7040240765, -9.8639249801635742188, 1600427487.7040240765, 150
1600427487.7150239944, 9.8639249801635742188, 1600427487.7350239754, -9.8639249801635742188, 1600427487.7350239754, 150
1600427487.7460238934, 9.8639249801635742188, 1600427487.7660238743, -9.8639249801635742188, 1600427487.7660238743, 150
1600427487.7770240307, 9.8639249801635742188, 1600427487.7970240116, -9.8639249801635742188, 1600427487.7970240116, 150
1600427487.8080239296, 9.8639249801635742188, 1600427487.8280239105, -9.8639249801635742188, 1600427487.8280239105, 150
1600427487.8390240669, 9.8639249801635742188, 1600427487.8590240479, -9.8639249801635742188, 1600427487.8590240479, 150
1600427487.8710238934, 9.79636383056640625, 1600427487.8900239468, -9.79636383056640625, 1600427487.8900239468, 150
1600427487.9020240307, 9.8639249801635742188, 1600427487.9210240841, -9.8639249801635742188, 1600427487.9210240841, 150
1600427487.9330239296, 9.79636383056640625, 1600427487.952023983, -9.79636383056640625, 1600427487.952023983, 150
1600427487.9640240669, 9.8639249801635742188, 1600427487.9830238819, -9.8639249801635742188, 1600427487.9830238819, 150
1600427487.9950239658, 9.79636383056640625, 1600427488.0140240192, -9.79636383056640625, 1600427488.0140240192, 150
1600427488.0260238647, 9.79636383056640625, 1600427488.0450239182, -9.79636383056640625, 1600427488.0450239182, 150
1600427488.0570240021, 9.79636383056640625, 1600427488.0760240555, -9.79636383056640625, 1600427488.0760240555, 150
1600427488.088023901, 9.7646951675415039063, 1600427488.1070239544, -9.7646951675415039063, 1600427488.1070239544, 150
1600427488.1190240383, 9.7646951675415039063, 1600427488.1380238533, -9.7646951675415039063, 1600427488.1380238533, 150
1600427488.1500239372, 9.7646951675415039063, 1600427488.1690239906, -9.7646951675415039063, 1600427488.1690239906, 150
1600427488.2140240669, 9.800586700439453125, 1600427488.2330238819, -9.800586700439453125, 1600427488.2330238819, 150
1600427488.2450239658, 9.800586700439453125, 1600427488.2640240192, -9.800586700439453125, 1600427488.2640240192, 150
1600427488.2760238647, 9.800586700439453125, 1600427488.2950239182, -9.800586700439453125, 1600427488.2950239182, 150
1600427488.3070240021, 9.800586700439453125, 1600427488.3260240555, -9.800586700439453125, 1600427488.3260240555, 150
1600427488.338023901, 9.800586700439453125, 1600427488.3570239544, -9.800586700439453125, 1600427488.3570239544, 150
1600427488.3690240383, 9.7330255508422851563, 1600427488.3880238533, -9.7330255508422851563, 1600427488.3880238533, 150
1600427488.4000239372, 9.800586700439453125, 1600427488.4190239906, -9.800586700439453125, 1600427488.4190239906, 150
1600427488.4310240746, 9.7646951675415039063, 1600427488.4500238895, -9.7646951675415039063, 1600427488.4500238895, 150
1600427488.4620239735, 9.832256317138671875, 1600427488.4810240269, -9.832256317138671875, 1600427488.4810240269, 150
1600427488.4930238724, 9.7646951675415039063, 1600427488.5120239258, -9.7646951675415039063, 1600427488.5120239258, 150
1600427488.5240240097, 9.79636383056640625, 1600427488.5430240631, -9.79636383056640625, 1600427488.5430240631, 150
1600427488.5550239086, 9.7288026809692382813, 1600427488.5750238895, -9.7288026809692382813, 1600427488.5750238895, 150
1600427488.5860240459, 9.79636383056640625, 1600427488.6060240269, -9.79636383056640625, 1600427488.6060240269, 150
1600427488.6170239449, 9.7288026809692382813, 1600427488.6370239258, -9.7288026809692382813, 1600427488.6370239258, 150
1600427488.6480240822, 9.79636383056640625, 1600427488.6680240631, -9.79636383056640625, 1600427488.6680240631, 150
1600427488.6790239811, 9.79636383056640625, 1600427488.699023962, -9.79636383056640625, 1600427488.699023962, 150
1600427488.71002388, 9.79636383056640625, 1600427488.7300238609, -9.79636383056640625, 1600427488.7300238609, 150
1600427488.7420239449, 9.79636383056640625, 1600427488.7610239983, -9.79636383056640625, 1600427488.7610239983, 150
1600427488.7730240822, 9.79636383056640625, 1600427488.7920238972, -9.79636383056640625, 1600427488.7920238972, 150
1600427488.8040239811, 9.79636383056640625, 1600427488.8230240345, -9.79636383056640625, 1600427488.8230240345, 150
1600427488.83502388, 9.7288026809692382813, 1600427488.8540239334, -9.7288026809692382813, 1600427488.8540239334, 150
1600427488.8660240173, 9.79636383056640625, 1600427488.8850240707, -9.79636383056640625, 1600427488.8850240707, 150
1600427488.8970239162, 9.7288026809692382813, 1600427488.9160239697, -9.7288026809692382813, 1600427488.9160239697, 150
1600427488.9280240536, 9.79636383056640625, 1600427488.9470238686, -9.79636383056640625, 1600427488.9470238686, 150
1600427488.9590239525, 9.699245452880859375, 1600427488.9780240059, -9.699245452880859375, 1600427488.9780240059, 150
1600427488.9900240898, 9.7668066024780273438, 1600427489.0090239048, -9.7668066024780273438, 1600427489.0090239048, 150
1600427489.0210239887, 9.7668066024780273438, 1600427489.0400240421, -9.7668066024780273438, 1600427489.0400240421, 150
1600427489.0520238876, 9.7668066024780273438, 1600427489.071023941, -9.7668066024780273438, 1600427489.071023941, 150
1600427489.083024025, 9.7668066024780273438, 1600427489.1020240784, -9.7668066024780273438, 1600427489.1020240784, 150
1600427489.1140239239, 9.7668066024780273438, 1600427489.1330239773, -9.7668066024780273438, 1600427489.1330239773, 150
1600427489.1450240612, 9.8343677520751953125, 1600427489.1640238762, -9.8343677520751953125, 1600427489.1640238762, 150
1600427489.1760239601, 9.7668066024780273438, 1600427489.1950240135, -9.7668066024780273438, 1600427489.1950240135, 150
1600427489.207023859, 9.8343677520751953125, 1600427489.2260239124, -9.8343677520751953125, 1600427489.2260239124, 150
1600427489.2380239964, 9.7668066024780273438, 1600427489.2570240498, -9.7668066024780273438, 1600427489.2570240498, 150
1600427489.2690238953, 9.8639249801635742188, 1600427489.2880239487, -9.8639249801635742188, 1600427489.2880239487, 150
1600427489.3000240326, 9.79636383056640625, 1600427489.319024086, -9.79636383056640625, 1600427489.319024086, 150
1600427489.3310239315, 9.79636383056640625, 1600427489.3500239849, -9.79636383056640625, 1600427489.3500239849, 150
1600427489.3620240688, 9.79636383056640625, 1600427489.3810238838, -9.79636383056640625, 1600427489.3810238838, 150
1600427489.3930239677, 9.7288026809692382813, 1600427489.4120240211, -9.7288026809692382813, 1600427489.4120240211, 150
1600427489.4240238667, 9.79636383056640625, 1600427489.4430239201, -9.79636383056640625, 1600427489.4430239201, 150
1600427489.455024004, 9.7288026809692382813, 1600427489.4740240574, -9.7288026809692382813, 1600427489.4740240574, 150
1600427489.4860239029, 9.79636383056640625, 1600427489.5050239563, -9.79636383056640625, 1600427489.5050239563, 150
1600427489.5170240402, 9.7288026809692382813, 1600427489.5360238552, -9.7288026809692382813, 1600427489.5360238552, 150
1600427489.5480239391, 9.79636383056640625, 1600427489.5670239925, -9.79636383056640625, 1600427489.5670239925, 150
1600427489.5810239315, 9.7646951675415039063, 1600427489.6000239849, -9.7646951675415039063, 1600427489.6000239849, 150
1600427489.6125249863, 9.800586700439453125, 1600427489.6315250397, -9.800586700439453125, 1600427489.6315250397, 150
1600427489.6435248852, 9.8343677520751953125, 1600427489.6625249386, -9.8343677520751953125, 1600427489.6625249386, 150
1600427489.6745250225, 9.8048095703125, 1600427489.6935248375, -9.8048095703125, 1600427489.6935248375, 150
1600427489.7055249214, 9.8048095703125, 1600427489.7245249748, -9.8048095703125, 1600427489.7245249748, 150
1600427489.7365248203, 9.7372484207153320313, 1600427489.7555248737, -9.7372484207153320313, 1600427489.7555248737, 150
1600427489.7675249577, 9.8048095703125, 1600427489.7865250111, -9.8048095703125, 1600427489.7865250111, 150
1600427489.7985248566, 9.7372484207153320313, 1600427489.81752491, -9.7372484207153320313, 1600427489.81752491, 150
1600427489.8295249939, 9.8048095703125, 1600427489.8485248089, -9.8048095703125, 1600427489.8485248089, 150
1600427489.8605248928, 9.7372484207153320313, 1600427489.8795249462, -9.7372484207153320313, 1600427489.8795249462, 150
1600427489.8915250301, 9.768917083740234375, 1600427489.9105248451, -9.768917083740234375, 1600427489.9105248451, 150
1600427489.922524929, 9.7330255508422851563, 1600427489.9415249825, -9.7330255508422851563, 1600427489.9415249825, 150
1600427489.953524828, 9.699245452880859375, 1600427489.9725248814, -9.699245452880859375, 1600427489.9725248814, 150
1600427489.9845249653, 9.7288026809692382813, 1600427490.0035250187, -9.7288026809692382813, 1600427490.0035250187, 150
1600427490.0155248642, 9.7288026809692382813, 1600427490.0345249176, -9.7288026809692382813, 1600427490.0345249176, 150
1600427490.0465250015, 9.79636383056640625, 1600427490.0655248165, -9.79636383056640625, 1600427490.0655248165, 150
1600427490.0775249004, 9.7288026809692382813, 1600427490.0965249538, -9.7288026809692382813, 1600427490.0965249538, 150
1600427490.1085250378, 9.79636383056640625, 1600427490.1275248528, -9.79636383056640625, 1600427490.1275248528, 150
1600427490.1395249367, 9.7288026809692382813, 1600427490.1585249901, -9.7288026809692382813, 1600427490.1585249901, 150
1600427490.1705248356, 9.79636383056640625, 1600427490.189524889, -9.79636383056640625, 1600427490.189524889, 150
1600427490.2015249729, 9.79636383056640625, 1600427490.2205250263, -9.79636383056640625, 1600427490.2205250263, 150
1600427490.2655248642, 9.832256317138671875, 1600427490.2855248451, -9.832256317138671875, 1600427490.2855248451, 150
1600427490.2965250015, 9.7646951675415039063, 1600427490.3165249825, -9.7646951675415039063, 1600427490.3165249825, 150
1600427490.328524828, 9.832256317138671875, 1600427490.3475248814, -9.832256317138671875, 1600427490.3475248814, 150
1600427490.3595249653, 9.832256317138671875, 1600427490.3785250187, -9.832256317138671875, 1600427490.3785250187, 150
1600427490.3905248642, 9.7646951675415039063, 1600427490.4095249176, -9.7646951675415039063, 1600427490.4095249176, 150
1600427490.4215250015, 9.832256317138671875, 1600427490.4405248165, -9.832256317138671875, 1600427490.4405248165, 150
1600427490.4525249004, 9.7646951675415039063, 1600427490.4715249538, -9.7646951675415039063, 1600427490.4715249538, 150
1600427490.4835250378, 9.832256317138671875, 1600427490.5025248528, -9.832256317138671875, 1600427490.5025248528, 150
1600427490.5145249367, 9.7646951675415039063, 1600427490.5335249901, -9.7646951675415039063, 1600427490.5335249901, 150
1600427490.5455248356, 9.7330255508422851563, 1600427490.564524889, -9.7330255508422851563, 1600427490.564524889, 150
1600427490.5765249729, 9.6971340179443359375, 1600427490.5955250263, -9.6971340179443359375, 1600427490.5955250263, 150
1600427490.6075248718, 9.6971340179443359375, 1600427490.6265249252, -9.6971340179443359375, 1600427490.6265249252, 150
1600427490.6385250092, 9.6971340179443359375, 1600427490.6575248241, -9.6971340179443359375, 1600427490.6575248241, 150
1600427490.6695249081, 9.6971340179443359375, 1600427490.6885249615, -9.6971340179443359375, 1600427490.6885249615, 150
1600427490.700524807, 9.7646951675415039063, 1600427490.7195248604, -9.7646951675415039063, 1600427490.7195248604, 150
1600427490.7315249443, 9.6971340179443359375, 1600427490.7505249977, -9.6971340179443359375, 1600427490.7505249977, 150
1600427490.7625248432, 9.7646951675415039063, 1600427490.7815248966, -9.7646951675415039063, 1600427490.7815248966, 150
1600427490.7935249805, 9.7646951675415039063, 1600427490.812525034, -9.7646951675415039063, 1600427490.812525034, 150
1600427490.8245248795, 9.7646951675415039063, 1600427490.8435249329, -9.7646951675415039063, 1600427490.8435249329, 150
1600427490.8555250168, 9.79636383056640625, 1600427490.8745248318, -9.79636383056640625, 1600427490.8745248318, 150
1600427490.8865249157, 9.79636383056640625, 1600427490.9055249691, -9.79636383056640625, 1600427490.9055249691, 150
1600427490.9175248146, 9.8639249801635742188, 1600427490.936524868, -9.8639249801635742188, 1600427490.936524868, 150
1600427490.9525249004, 9.8361063003540039063, 1600427490.9715249538, -9.8361063003540039063, 1600427490.9715249538, 150
1600427490.9835250378, 9.903667449951171875, 1600427491.0025248528, -9.903667449951171875, 1600427491.0025248528, 150
1600427491.0145249367, 9.8361063003540039063, 1600427491.0335249901, -9.8361063003540039063, 1600427491.0335249901, 150
1600427491.0455248356, 9.903667449951171875, 1600427491.064524889, -9.903667449951171875, 1600427491.064524889, 150
1600427491.0765249729, 9.8361063003540039063, 1600427491.0955250263, -9.8361063003540039063, 1600427491.0955250263, 150
1600427491.1075248718, 9.8361063003540039063, 1600427491.1265249252, -9.8361063003540039063, 1600427491.1265249252, 150
1600427491.1385250092, 9.903667449951171875, 1600427491.1575248241, -9.903667449951171875, 1600427491.1575248241, 150
1600427491.1695249081, 9.8065481185913085938, 1600427491.1885249615, -9.8065481185913085938, 1600427491.1885249615, 150
1600427491.200524807, 9.8741092681884765625, 1600427491.2195248604, -9.8741092681884765625, 1600427491.2195248604, 150
1600427491.2315249443, 9.8065481185913085938, 1600427491.2505249977, -9.8065481185913085938, 1600427491.2505249977, 150
1600427491.2625248432, 9.8343677520751953125, 1600427491.2815248966, -9.8343677520751953125, 1600427491.2815248966, 150
1600427491.2935249805, 9.7668066024780273438, 1600427491.312525034, -9.7668066024780273438, 1600427491.312525034, 150
1600427491.3245248795, 9.8343677520751953125, 1600427491.3435249329, -9.8343677520751953125, 1600427491.3435249329, 150
1600427491.3555250168, 9.8343677520751953125, 1600427491.3745248318, -9.8343677520751953125, 1600427491.3745248318, 150
1600427491.3865249157, 9.8343677520751953125, 1600427491.4055249691, -9.8343677520751953125, 1600427491.4055249691, 150
1600427491.4175248146, 9.8343677520751953125, 1600427491.436524868, -9.8343677520751953125, 1600427491.436524868, 150
1600427491.4485249519, 9.7668066024780273438, 1600427491.4675250053, -9.7668066024780273438, 1600427491.4675250053, 150
1600427491.4795248508, 9.8639249801635742188, 1600427491.4985249043, -9.8639249801635742188, 1600427491.4985249043, 150
1600427491.5105249882, 9.8639249801635742188, 1600427491.5295248032, -9.8639249801635742188, 1600427491.5295248032, 150
1600427491.5415248871, 9.8639249801635742188, 1600427491.5605249405, -9.8639249801635742188, 1600427491.5605249405, 150
1600427491.5725250244, 9.8639249801635742188, 1600427491.5915248394, -9.8639249801635742188, 1600427491.5915248394, 150
1600427491.6035249233, 9.8639249801635742188, 1600427491.6225249767, -9.8639249801635742188, 1600427491.6225249767, 150
1600427491.6345248222, 9.8639249801635742188, 1600427491.6535248756, -9.8639249801635742188, 1600427491.6535248756, 150
1600427491.6655249596, 9.79636383056640625, 1600427491.684525013, -9.79636383056640625, 1600427491.684525013, 150
1600427491.6965248585, 9.8639249801635742188, 1600427491.7155249119, -9.8639249801635742188, 1600427491.7155249119, 150
1600427491.7275249958, 9.8639249801635742188, 1600427491.7465248108, -9.8639249801635742188, 1600427491.7465248108, 150
1600427491.7585248947, 9.8639249801635742188, 1600427491.7775249481, -9.8639249801635742188, 1600427491.7775249481, 150
1600427491.789525032, 9.8639249801635742188, 1600427491.808524847, -9.8639249801635742188, 1600427491.808524847, 150
1600427491.820524931, 9.79636383056640625, 1600427491.8395249844, -9.79636383056640625, 1600427491.8395249844, 150
1600427491.8515248299, 9.8639249801635742188, 1600427491.8705248833, -9.8639249801635742188, 1600427491.8705248833, 150
1600427491.8825249672, 9.79636383056640625, 1600427491.9015250206, -9.79636383056640625, 1600427491.9015250206, 150
1600427491.9135248661, 9.8639249801635742188, 1600427491.9325249195, -9.8639249801635742188, 1600427491.9325249195, 150
1600427491.9445250034, 9.8639249801635742188, 1600427491.9645249844, -9.8639249801635742188, 1600427491.9645249844, 150
1600427491.9755249023, 9.8639249801635742188, 1600427491.9955248833, -9.8639249801635742188, 1600427491.9955248833, 150
1600427492.0065250397, 9.8639249801635742188, 1600427492.0265250206, -9.8639249801635742188, 1600427492.0265250206, 150
1600427492.0375249386, 9.79636383056640625, 1600427492.0575249195, -9.79636383056640625, 1600427492.0575249195, 150
1600427492.0685248375, 9.8639249801635742188, 1600427492.0885248184, -9.8639249801635742188, 1600427492.0885248184, 150
1600427492.1015248299, 9.8025064468383789063, 1600427492.1205248833, -9.8025064468383789063, 1600427492.1205248833, 150
1600427492.1314709187, 9.870067596435546875, 1600427492.1504709721, -9.870067596435546875, 1600427492.1504709721, 150
1600427492.162471056, 9.870067596435546875, 1600427492.1814711094, -9.870067596435546875, 1600427492.1814711094, 150
1600427492.1934709549, 9.870067596435546875, 1600427492.2124710083, -9.870067596435546875, 1600427492.2124710083, 150
1600427492.2244710922, 9.870067596435546875, 1600427492.2434709072, -9.870067596435546875, 1600427492.2434709072, 150
1600427492.2554709911, 9.8025064468383789063, 1600427492.2744710445, -9.8025064468383789063, 1600427492.2744710445, 150
1600427492.3194711208, 9.838397979736328125, 1600427492.3384709358, -9.838397979736328125, 1600427492.3384709358, 150
1600427492.3504710197, 9.7708368301391601563, 1600427492.3704710007, -9.7708368301391601563, 1600427492.3704710007, 150
1600427492.3814709187, 9.838397979736328125, 1600427492.401471138, -9.838397979736328125, 1600427492.401471138, 150
1600427492.412471056, 9.7708368301391601563, 1600427492.4324710369, -9.7708368301391601563, 1600427492.4324710369, 150
1600427492.4434709549, 9.832256317138671875, 1600427492.4634709358, -9.832256317138671875, 1600427492.4634709358, 150
1600427492.4744710922, 9.7646951675415039063, 1600427492.4944710732, -9.7646951675415039063, 1600427492.4944710732, 150
1600427492.5054709911, 9.7646951675415039063, 1600427492.5254709721, -9.7646951675415039063, 1600427492.5254709721, 150
1600427492.537471056, 9.7646951675415039063, 1600427492.5564711094, -9.7646951675415039063, 1600427492.5564711094, 150
1600427492.5684709549, 9.7646951675415039063, 1600427492.5874710083, -9.7646951675415039063, 1600427492.5874710083, 0
1600427492.5994710922, 9.3593282699584960938, 1600427492.6184709072, -9.3593282699584960938, 1600427492.6184709072, 0
1600427492.6304709911, 8.51270294189453125, 1600427492.6494710445, -8.51270294189453125, 1600427492.6494710445, 0
1600427492.6614711285, 7.5668468475341796875, 1600427492.6804709435, -7.5668468475341796875, 1600427492.6804709435, 0
1600427492.6924710274, 6.5534296035766601563, 1600427492.7114710808, -6.5534296035766601563, 1600427492.7114710808, 0
1600427492.7234709263, 5.6075739860534667969, 1600427492.7424709797, -5.6075739860534667969, 1600427492.7424709797, 0
1600427492.7544710636, 4.5941572189331054688, 1600427492.773471117, -4.5941572189331054688, 1600427492.773471117, 0
1600427492.7854709625, 3.6483011245727539063, 1600427492.8044710159, -3.6483011245727539063, 1600427492.8044710159, 0
1600427492.8164710999, 2.6348841190338134766, 1600427492.8354709148, -2.6348841190338134766, 1600427492.8354709148, 0
1600427492.8474709988, 1.6890282630920410156, 1600427492.8664710522, -1.6890282630920410156, 1600427492.8664710522, 0
1600427492.8784711361, 0.67561131715774536133, 1600427492.8974709511, -0.67561131715774536133, 1600427492.8974709511, 0
1600427492.909471035, 0.1351222693920135498, 1600427492.9284710884, -0.1351222693920135498, 1600427492.9284710884, 0
1600427492.9404709339, -9.7699628284596143693e-16, 1600427492.9594709873, 9.7699628284596143693e-16, 1600427492.9594709873, 0
1600427492.9714710712, -9.7699628284596143693e-16, 1600427492.9904711246, 9.7699628284596143693e-16, 1600427492.9904711246, 0
1600427493.0024709702, -9.7699628284596143693e-16, 1600427493.0214710236, 9.7699628284596143693e-16, 1600427493.0214710236, 0
1600427493.0334711075, -9.7699628284596143693e-16, 1600427493.0524709225, 9.7699628284596143693e-16, 1600427493.0524709225, 0
1600427493.0644710064, -9.7699628284596143693e-16, 1600427493.0834710598, 9.7699628284596143693e-16, 1600427493.0834710598, 0
1600427493.0954709053, -9.7699628284596143693e-16, 1600427493.1144709587, 9.7699628284596143693e-16, 1600427493.1144709587, 0
1600427493.1264710426, -9.7699628284596143693e-16, 1600427493.145471096, 9.7699628284596143693e-16, 1600427493.145471096, 0
1600427493.1574709415, -9.7699628284596143693e-16, 1600427493.1764709949, 9.7699628284596143693e-16, 1600427493.1764709949, 0
1600427493.1884710789, -9.7699628284596143693e-16, 1600427493.2074711323, 9.7699628284596143693e-16, 1600427493.2074711323, 0
1600427493.2194709778, -9.7699628284596143693e-16, 1600427493.2384710312, 9.7699628284596143693e-16, 1600427493.2384710312, 0
1600427493.2504711151, -9.7699628284596143693e-16, 1600427493.2694709301, 9.7699628284596143693e-16, 1600427493.2694709301, 0
1600427493.281471014, -9.7699628284596143693e-16, 1600427493.3004710674, 9.7699628284596143693e-16, 1600427493.3004710674, 0
1600427493.3124709129, -9.7699628284596143693e-16, 1600427493.3314709663, 9.7699628284596143693e-16, 1600427493.3314709663, 0
1600427493.3434710503, -9.7699628284596143693e-16, 1600427493.3624711037, 9.7699628284596143693e-16, 1600427493.3624711037, 0
1600427493.3744709492, -9.7699628284596143693e-16, 1600427493.3934710026, 9.7699628284596143693e-16, 1600427493.3934710026, 0
1600427493.4054710865, -9.7699628284596143693e-16, 1600427493.4244709015, 9.7699628284596143693e-16, 1600427493.4244709015, 0
1600427493.4364709854, -9.7699628284596143693e-16, 1600427493.4554710388, 9.7699628284596143693e-16, 1600427493.4554710388, 0
1600427493.4674711227, -9.7699628284596143693e-16, 1600427493.4864709377, 9.7699628284596143693e-16, 1600427493.4864709377, 0
1600427493.4984710217, -9.7699628284596143693e-16, 1600427493.5174710751, 9.7699628284596143693e-16, 1600427493.5174710751, 0
1600427493.5294709206, -9.7699628284596143693e-16, 1600427493.5494709015, 9.7699628284596143693e-16, 1600427493.5494709015, 0
1600427493.5604710579, -9.7699628284596143693e-16, 1600427493.5804710388, 9.7699628284596143693e-16, 1600427493.5804710388, 0
1600427493.5914709568, -9.7699628284596143693e-16, 1600427493.6114709377, 9.7699628284596143693e-16, 1600427493.6114709377, 0
1600427493.6224710941, -9.7699628284596143693e-16, 1600427493.6424710751, 9.7699628284596143693e-16, 1600427493.6424710751, 0
1600427493.653470993, -9.7699628284596143693e-16, 1600427493.673470974, 9.7699628284596143693e-16, 1600427493.673470974, 0
1600427493.6844711304, -9.7699628284596143693e-16, 1600427493.7044711113, 9.7699628284596143693e-16, 1600427493.7044711113, 0
1600427493.7154710293, -9.7699628284596143693e-16, 1600427493.7354710102, 9.7699628284596143693e-16, 1600427493.7354710102, 0
1600427493.7474710941, -9.7699628284596143693e-16, 1600427493.7664709091, 9.7699628284596143693e-16, 1600427493.7664709091, 0
1600427493.778470993, -9.7699628284596143693e-16, 1600427493.7974710464, 9.7699628284596143693e-16, 1600427493.7974710464, 0
1600427493.8094711304, -9.7699628284596143693e-16, 1600427493.8284709454, 9.7699628284596143693e-16, 1600427493.8284709454, 0
1600427493.8404710293, -9.7699628284596143693e-16, 1600427493.8594710827, 9.7699628284596143693e-16, 1600427493.8594710827, 0
1600427493.8714709282, -9.7699628284596143693e-16, 1600427493.8904709816, 9.7699628284596143693e-16, 1600427493.8904709816, 0
1600427493.9024710655, -9.7699628284596143693e-16, 1600427493.9214711189, 9.7699628284596143693e-16, 1600427493.9214711189, 0
1600427493.9334709644, -9.7699628284596143693e-16, 1600427493.9524710178, 9.7699628284596143693e-16, 1600427493.9524710178, 0
1600427493.9644711018, -9.7699628284596143693e-16, 1600427493.9834709167, 9.7699628284596143693e-16, 1600427493.9834709167, 0
1600427493.9954710007, -9.7699628284596143693e-16, 1600427494.0144710541, 9.7699628284596143693e-16, 1600427494.0144710541, 0
1600427494.026471138, -9.7699628284596143693e-16, 1600427494.045470953, 9.7699628284596143693e-16, 1600427494.045470953, 0
1600427494.0574710369, -9.7699628284596143693e-16, 1600427494.0764710903, 9.7699628284596143693e-16, 1600427494.0764710903, 0
1600427494.0884709358, -9.7699628284596143693e-16, 1600427494.1074709892, 9.7699628284596143693e-16, 1600427494.1074709892, 0
1600427494.1194710732, -9.7699628284596143693e-16, 1600427494.1384711266, 9.7699628284596143693e-16, 1600427494.1384711266, 0
1600427494.1504709721, -9.7699628284596143693e-16, 1600427494.1694710255, 9.7699628284596143693e-16, 1600427494.1694710255, 0
1600427494.1814711094, -9.7699628284596143693e-16, 1600427494.2004709244, 9.7699628284596143693e-16, 1600427494.2004709244, 0
1600427494.2124710083, -9.7699628284596143693e-16, 1600427494.2314710617, 9.7699628284596143693e-16, 1600427494.2314710617, 0
1600427494.2434709072, -9.7699628284596143693e-16, 1600427494.2624709606, 9.7699628284596143693e-16, 1600427494.2624709606, 0
1600427494.2744710445, -9.7699628284596143693e-16, 1600427494.2934710979, 9.7699628284596143693e-16, 1600427494.2934710979, 0
1600427494.3054709435, -9.7699628284596143693e-16, 1600427494.3244709969, 9.7699628284596143693e-16, 1600427494.3244709969, 0
1600427494.3694710732, -9.7699628284596143693e-16, 1600427494.3884711266, 9.7699628284596143693e-16, 1600427494.3884711266, 0
1600427494.4004709721, -9.7699628284596143693e-16, 1600427494.420470953, 9.7699628284596143693e-16, 1600427494.420470953, 0
1600427494.4314711094, -9.7699628284596143693e-16, 1600427494.4514710903, 9.7699628284596143693e-16, 1600427494.4514710903, 0
1600427494.4624710083, -9.7699628284596143693e-16, 1600427494.4824709892, 9.7699628284596143693e-16, 1600427494.4824709892, 0
1600427494.4934709072, -9.7699628284596143693e-16, 1600427494.5134711266, 9.7699628284596143693e-16, 1600427494.5134711266, 0
1600427494.5244710445, -9.7699628284596143693e-16, 1600427494.5444710255, 9.7699628284596143693e-16, 1600427494.5444710255, 0
1600427494.5554709435, -9.7699628284596143693e-16, 1600427494.5754709244, 9.7699628284596143693e-16, 1600427494.5754709244, 0
1600427494.5864710808, -9.7699628284596143693e-16, 1600427494.6064710617, 9.7699628284596143693e-16, 1600427494.6064710617, 0
1600427494.6194710732, -9.7699628284596143693e-16, 1600427494.6384711266, 9.7699628284596143693e-16, 1600427494.6384711266, 0
1600427494.6502418518, -9.7699628284596143693e-16, 1600427494.6692419052, 9.7699628284596143693e-16, 1600427494.6692419052, 0
1600427494.6812419891, -9.7699628284596143693e-16, 1600427494.7002420425, 9.7699628284596143693e-16, 1600427494.7002420425, 0
1600427494.712241888, -9.7699628284596143693e-16, 1600427494.7312419415, 9.7699628284596143693e-16, 1600427494.7312419415, 0
1600427494.7432420254, -9.7699628284596143693e-16, 1600427494.7622418404, 9.7699628284596143693e-16, 1600427494.7622418404, 0
1600427494.7742419243, -9.7699628284596143693e-16, 1600427494.7932419777, 9.7699628284596143693e-16, 1600427494.7932419777, 0
1600427494.8052420616, -9.7699628284596143693e-16, 1600427494.8242418766, 9.7699628284596143693e-16, 1600427494.8242418766, 0
1600427494.8362419605, -9.7699628284596143693e-16, 1600427494.8552420139, 9.7699628284596143693e-16, 1600427494.8552420139, 0
1600427494.8672418594, -9.7699628284596143693e-16, 1600427494.8862419128, 9.7699628284596143693e-16, 1600427494.8862419128, 0
1600427494.8982419968, -9.7699628284596143693e-16, 1600427494.9172420502, 9.7699628284596143693e-16, 1600427494.9172420502, 0
1600427494.9292418957, -9.7699628284596143693e-16, 1600427494.9482419491, 9.7699628284596143693e-16, 1600427494.9482419491, 0
1600427494.960242033, -9.7699628284596143693e-16, 1600427494.979241848, 9.7699628284596143693e-16, 1600427494.979241848, 0
1600427494.9912419319, -9.7699628284596143693e-16, 1600427495.0102419853, 9.7699628284596143693e-16, 1600427495.0102419853, 0
1600427495.0222420692, -9.7699628284596143693e-16, 1600427495.0412418842, 9.7699628284596143693e-16, 1600427495.0412418842, 0
1600427495.0532419682, -9.7699628284596143693e-16, 1600427495.0722420216, 9.7699628284596143693e-16, 1600427495.0722420216, 0
1600427495.0842418671, -9.7699628284596143693e-16, 1600427495.1032419205, 9.7699628284596143693e-16, 1600427495.1032419205, 0
1600427495.1152420044, -9.7699628284596143693e-16, 1600427495.1352419853, 9.7699628284596143693e-16, 1600427495.1352419853, 0
1600427495.1462419033, -9.7699628284596143693e-16, 1600427495.1662418842, 9.7699628284596143693e-16, 1600427495.1662418842, 0
1600427495.1772420406, -9.7699628284596143693e-16, 1600427495.1972420216, 9.7699628284596143693e-16, 1600427495.1972420216, 0
1600427495.2082419395, -9.7699628284596143693e-16, 1600427495.2282419205, 9.7699628284596143693e-16, 1600427495.2282419205, 0
1600427495.2392418385, -9.7699628284596143693e-16, 1600427495.2592420578, 9.7699628284596143693e-16, 1600427495.2592420578, 0
1600427495.2702419758, -9.7699628284596143693e-16, 1600427495.2902419567, 9.7699628284596143693e-16, 1600427495.2902419567, 0
1600427495.3012418747, -9.7699628284596143693e-16, 1600427495.3212418556, 9.7699628284596143693e-16, 1600427495.3212418556, 0
1600427495.3332419395, -9.7699628284596143693e-16, 1600427495.352241993, 9.7699628284596143693e-16, 1600427495.352241993, 0
1600427495.3642418385, -9.7699628284596143693e-16, 1600427495.3832418919, 9.7699628284596143693e-16, 1600427495.3832418919, 0
1600427495.3952419758, -9.7699628284596143693e-16, 1600427495.4142420292, 9.7699628284596143693e-16, 1600427495.4142420292, 0
1600427495.4262418747, -9.7699628284596143693e-16, 1600427495.4452419281, 9.7699628284596143693e-16, 1600427495.4452419281, 0
1600427495.457242012, -9.7699628284596143693e-16, 1600427495.4762420654, 9.7699628284596143693e-16, 1600427495.4762420654, 0
1600427495.4882419109, -9.7699628284596143693e-16, 1600427495.5072419643, 9.7699628284596143693e-16, 1600427495.5072419643, 0
1600427495.5192420483, -9.7699628284596143693e-16, 1600427495.5382418633, 9.7699628284596143693e-16, 1600427495.5382418633, 0
1600427495.5502419472, -9.7699628284596143693e-16, 1600427495.5692420006, 9.7699628284596143693e-16, 1600427495.5692420006, 0
1600427495.5812418461, -9.7699628284596143693e-16, 1600427495.6002418995, 9.7699628284596143693e-16, 1600427495.6002418995, 0
1600427495.6122419834, -9.7699628284596143693e-16, 1600427495.6312420368, 9.7699628284596143693e-16, 1600427495.6312420368, 0
1600427495.6432418823, -9.7699628284596143693e-16, 1600427495.6622419357, 9.7699628284596143693e-16, 1600427495.6622419357, 0
1600427495.6742420197, -9.7699628284596143693e-16, 1600427495.6932418346, 9.7699628284596143693e-16, 1600427495.6932418346, 0
1600427495.7052419186, -9.7699628284596143693e-16, 1600427495.724241972, 9.7699628284596143693e-16, 1600427495.724241972, 0
1600427495.7362420559, -9.7699628284596143693e-16, 1600427495.7552418709, 9.7699628284596143693e-16, 1600427495.7552418709, 0
1600427495.7672419548, -9.7699628284596143693e-16, 1600427495.7862420082, 9.7699628284596143693e-16, 1600427495.7862420082, 0
1600427495.7982418537, -9.7699628284596143693e-16, 1600427495.8172419071, 9.7699628284596143693e-16, 1600427495.8172419071, 0
1600427495.829241991, -9.7699628284596143693e-16, 1600427495.8482420444, 9.7699628284596143693e-16, 1600427495.8482420444, 0
1600427495.86024189, -9.7699628284596143693e-16, 1600427495.8792419434, 9.7699628284596143693e-16, 1600427495.8792419434, 0
1600427495.8912420273, -9.7699628284596143693e-16, 1600427495.9102418423, 9.7699628284596143693e-16, 1600427495.9102418423, 0
1600427495.9222419262, -9.7699628284596143693e-16, 1600427495.9412419796, 9.7699628284596143693e-16, 1600427495.9412419796, 0
1600427495.957242012, -9.7699628284596143693e-16, 1600427495.9762420654, 9.7699628284596143693e-16, 1600427495.9762420654, 0
1600427495.9882419109, -9.7699628284596143693e-16, 1600427496.0072419643, 9.7699628284596143693e-16, 1600427496.0072419643, 0
1600427496.0192420483, -9.7699628284596143693e-16, 1600427496.0382418633, 9.7699628284596143693e-16, 1600427496.0382418633, 0
1600427496.0502419472, -9.7699628284596143693e-16, 1600427496.0692420006, 9.7699628284596143693e-16, 1600427496.0692420006, 0
1600427496.0812418461, -9.7699628284596143693e-16, 1600427496.1002418995, 9.7699628284596143693e-16, 1600427496.1002418995, 0
1600427496.1122419834, -9.7699628284596143693e-16, 1600427496.1312420368, 9.7699628284596143693e-16, 1600427496.1312420368, 0
1600427496.1432418823, -9.7699628284596143693e-16, 1600427496.1622419357, 9.7699628284596143693e-16, 1600427496.1622419357, 0
1600427496.1742420197, -9.7699628284596143693e-16, 1600427496.1932418346, 9.7699628284596143693e-16, 1600427496.1932418346, 0
1600427496.2052419186, -9.7699628284596143693e-16, 1600427496.224241972, 9.7699628284596143693e-16, 1600427496.224241972, 0
1600427496.2362420559, -9.7699628284596143693e-16, 1600427496.2552418709, 9.7699628284596143693e-16, 1600427496.2552418709, 0
1600427496.2672419548, -9.7699628284596143693e-16, 1600427496.2862420082, 9.7699628284596143693e-16, 1600427496.2862420082, 0
1600427496.2982418537, -9.7699628284596143693e-16, 1600427496.3172419071, 9.7699628284596143693e-16, 1600427496.3172419071, 0
1600427496.329241991, -9.7699628284596143693e-16, 1600427496.3482420444, 9.7699628284596143693e-16, 1600427496.3482420444, 0
1600427496.36024189, -9.7699628284596143693e-16, 1600427496.3792419434, 9.7699628284596143693e-16, 1600427496.3792419434, 0
1600427496.4242420197, -9.7699628284596143693e-16, 1600427496.4432418346, 9.7699628284596143693e-16, 1600427496.4432418346, 0
1600427496.4552419186, -9.7699628284596143693e-16, 1600427496.474241972, 9.7699628284596143693e-16, 1600427496.474241972, 0
1600427496.4862420559, -9.7699628284596143693e-16, 1600427496.5052418709, 9.7699628284596143693e-16, 1600427496.5052418709, 0
1600427496.5172419548, -9.7699628284596143693e-16, 1600427496.5362420082, 9.7699628284596143693e-16, 1600427496.5362420082, 0
1600427496.5482418537, -9.7699628284596143693e-16, 1600427496.5672419071, 9.7699628284596143693e-16, 1600427496.5672419071, 0
1600427496.579241991, -9.7699628284596143693e-16, 1600427496.5982420444, 9.7699628284596143693e-16, 1600427496.5982420444, 0
1600427496.61024189, -9.7699628284596143693e-16, 1600427496.6302418709, 9.7699628284596143693e-16, 1600427496.6302418709, 0
1600427496.6412420273, -9.7699628284596143693e-16, 1600427496.6612420082, 9.7699628284596143693e-16, 1600427496.6612420082, 0
1600427496.6722419262, -9.7699628284596143693e-16, 1600427496.6922419071, 9.7699628284596143693e-16, 1600427496.6922419071, 0
1600427496.7032420635, -9.7699628284596143693e-16, , , , 
