# /joint_state/header/stamp, /joint_state/velocity/0, /pid_left_state/header/stamp, /pid_left_state/error, /pid_left_state/header/stamp, /pid_left_state/output
1600425773.9392559528, -2.8865797581462885983e-16, 1600425773.9582560062, 2.8865797581462885983e-16, 1600425773.9582560062, 0
1600425773.9702560902, -2.8865797581462885983e-16, 1600425773.9892559052, 2.8865797581462885983e-16, 1600425773.9892559052, 0
1600425774.0012559891, -2.8865797581462885983e-16, 1600425774.0202560425, 2.8865797581462885983e-16, 1600425774.0202560425, 0
1600425774.032255888, -2.8865797581462885983e-16, 1600425774.0512559414, 2.8865797581462885983e-16, 1600425774.0512559414, 0
1600425774.0632560253, -2.8865797581462885983e-16, 1600425774.0822560787, 2.8865797581462885983e-16, 1600425774.0822560787, 0
1600425774.0942559242, -2.8865797581462885983e-16, 1600425774.1132559776, 2.8865797581462885983e-16, 1600425774.1132559776, 0
1600425774.1252560616, -2.8865797581462885983e-16, 1600425774.1442558765, 2.8865797581462885983e-16, 1600425774.1442558765, 0
1600425774.1562559605, -2.8865797581462885983e-16, 1600425774.1752560139, 2.8865797581462885983e-16, 1600425774.1752560139, 0
1600425774.1872560978, -2.8865797581462885983e-16, 1600425774.2062559128, 2.8865797581462885983e-16, 1600425774.2062559128, 0
1600425774.2182559967, -2.8865797581462885983e-16, 1600425774.2372560501, 2.8865797581462885983e-16, 1600425774.2372560501, 0
1600425774.2492558956, -2.8865797581462885983e-16, 1600425774.268255949, 2.8865797581462885983e-16, 1600425774.268255949, 0
1600425774.2802560329, -2.8865797581462885983e-16, 1600425774.2992560863, 2.8865797581462885983e-16, 1600425774.2992560863, 0
1600425774.3112559319, -2.8865797581462885983e-16, 1600425774.3302559853, 2.8865797581462885983e-16, 1600425774.3302559853, 0
1600425774.3422560692, -2.8865797581462885983e-16, 1600425774.3612558842, 2.8865797581462885983e-16, 1600425774.3612558842, 0
1600425774.3732559681, -2.8865797581462885983e-16, 1600425774.3922560215, 2.8865797581462885983e-16, 1600425774.3922560215, 0
1600425774.4042561054, -2.8865797581462885983e-16, 1600425774.4242560863, 2.8865797581462885983e-16, 1600425774.4242560863, 0
1600425774.4352560043, -2.8865797581462885983e-16, 1600425774.4552559853, 2.8865797581462885983e-16, 1600425774.4552559853, 0
1600425774.4662559032, -2.8865797581462885983e-16, 1600425774.4862558842, 2.8865797581462885983e-16, 1600425774.4862558842, 0
1600425774.4992558956, -2.8865797581462885983e-16, 1600425774.518255949, 2.8865797581462885983e-16, 1600425774.518255949, 0
1600425774.529684782, -2.8865797581462885983e-16, 1600425774.5486848354, 2.8865797581462885983e-16, 1600425774.5486848354, 0
1600425774.5606849194, -2.8865797581462885983e-16, 1600425774.5796849728, 2.8865797581462885983e-16, 1600425774.5796849728, 0
1600425774.5916848183, -2.8865797581462885983e-16, 1600425774.6106848717, 2.8865797581462885983e-16, 1600425774.6106848717, 0
1600425774.6226849556, -2.8865797581462885983e-16, 1600425774.6416847706, 2.8865797581462885983e-16, 1600425774.6416847706, 0
1600425774.6536848545, -2.8865797581462885983e-16, 1600425774.6726849079, 2.8865797581462885983e-16, 1600425774.6726849079, 0
1600425774.6846849918, -2.8865797581462885983e-16, 1600425774.7036848068, 2.8865797581462885983e-16, 1600425774.7036848068, 0
1600425774.7156848907, -2.8865797581462885983e-16, 1600425774.7346849442, 2.8865797581462885983e-16, 1600425774.7346849442, 0
1600425774.7466847897, -2.8865797581462885983e-16, 1600425774.7656848431, 2.8865797581462885983e-16, 1600425774.7656848431, 0
1600425774.777684927, -2.8865797581462885983e-16, 1600425774.7966849804, 2.8865797581462885983e-16, 1600425774.7966849804, 0
1600425774.8086848259, -2.8865797581462885983e-16, 1600425774.8276848793, 2.8865797581462885983e-16, 1600425774.8276848793, 0
1600425774.8396849632, -2.8865797581462885983e-16, 1600425774.8586847782, 2.8865797581462885983e-16, 1600425774.8586847782, 0
1600425774.8706848621, -2.8865797581462885983e-16, 1600425774.8896849155, 2.8865797581462885983e-16, 1600425774.8896849155, 0
1600425774.9016849995, -2.8865797581462885983e-16, 1600425774.9206848145, 2.8865797581462885983e-16, 1600425774.9206848145, 0
1600425774.9326848984, -2.8865797581462885983e-16, 1600425774.9516849518, 2.8865797581462885983e-16, 1600425774.9516849518, 0
1600425774.9636847973, -2.8865797581462885983e-16, 1600425774.9826848507, 2.8865797581462885983e-16, 1600425774.9826848507, 0
1600425774.9946849346, -2.8865797581462885983e-16, 1600425775.013684988, 2.8865797581462885983e-16, 1600425775.013684988, 0
1600425775.0256848335, -2.8865797581462885983e-16, 1600425775.0446848869, 2.8865797581462885983e-16, 1600425775.0446848869, 0
1600425775.0566849709, -2.8865797581462885983e-16, 1600425775.0756847858, 2.8865797581462885983e-16, 1600425775.0756847858, 0
1600425775.0876848698, -2.8865797581462885983e-16, 1600425775.1066849232, 2.8865797581462885983e-16, 1600425775.1066849232, 0
1600425775.1186847687, -2.8865797581462885983e-16, 1600425775.138684988, 2.8865797581462885983e-16, 1600425775.138684988, 0
1600425775.149684906, -2.8865797581462885983e-16, 1600425775.1696848869, 2.8865797581462885983e-16, 1600425775.1696848869, 0
1600425775.1806848049, -2.8865797581462885983e-16, 1600425775.2006847858, 2.8865797581462885983e-16, 1600425775.2006847858, 0
1600425775.2116849422, -2.8865797581462885983e-16, 1600425775.2316849232, 2.8865797581462885983e-16, 1600425775.2316849232, 0
1600425775.2426848412, -2.8865797581462885983e-16, 1600425775.2626848221, 2.8865797581462885983e-16, 1600425775.2626848221, 0
1600425775.2736849785, -2.8865797581462885983e-16, 1600425775.2936849594, 2.8865797581462885983e-16, 1600425775.2936849594, 0
1600425775.3046848774, -2.8865797581462885983e-16, 1600425775.3246848583, 2.8865797581462885983e-16, 1600425775.3246848583, 0
1600425775.3366849422, -2.8865797581462885983e-16, 1600425775.3556849957, 2.8865797581462885983e-16, 1600425775.3556849957, 0
1600425775.3676848412, -2.8865797581462885983e-16, 1600425775.3866848946, 2.8865797581462885983e-16, 1600425775.3866848946, 0
1600425775.3986849785, -2.8865797581462885983e-16, 1600425775.4176847935, 2.8865797581462885983e-16, 1600425775.4176847935, 0
1600425775.4296848774, -2.8865797581462885983e-16, 1600425775.4486849308, 2.8865797581462885983e-16, 1600425775.4486849308, 0
1600425775.4606847763, -2.8865797581462885983e-16, 1600425775.4796848297, 2.8865797581462885983e-16, 1600425775.4796848297, 0
1600425775.4916849136, -2.8865797581462885983e-16, 1600425775.510684967, 2.8865797581462885983e-16, 1600425775.510684967, 0
1600425775.5226848125, -2.8865797581462885983e-16, 1600425775.541684866, 2.8865797581462885983e-16, 1600425775.541684866, 0
1600425775.5866849422, -2.8865797581462885983e-16, 1600425775.6056849957, 2.8865797581462885983e-16, 1600425775.6056849957, 0
1600425775.6176848412, -2.8865797581462885983e-16, 1600425775.6366848946, 2.8865797581462885983e-16, 1600425775.6366848946, 0
1600425775.6486849785, -2.8865797581462885983e-16, 1600425775.6676847935, 2.8865797581462885983e-16, 1600425775.6676847935, 0
1600425775.6796848774, -2.8865797581462885983e-16, 1600425775.6986849308, 2.8865797581462885983e-16, 1600425775.6986849308, 0
1600425775.7106847763, -2.8865797581462885983e-16, 1600425775.7296848297, 2.8865797581462885983e-16, 1600425775.7296848297, 0
1600425775.7416849136, -2.8865797581462885983e-16, 1600425775.760684967, 2.8865797581462885983e-16, 1600425775.760684967, 0
1600425775.7726848125, -2.8865797581462885983e-16, 1600425775.791684866, 2.8865797581462885983e-16, 1600425775.791684866, 0
1600425775.8036849499, -2.8865797581462885983e-16, 1600425775.8226847649, 2.8865797581462885983e-16, 1600425775.8226847649, 0
1600425775.8346848488, -2.8865797581462885983e-16, 1600425775.8536849022, 2.8865797581462885983e-16, 1600425775.8536849022, 0
1600425775.8656849861, -2.8865797581462885983e-16, 1600425775.8846848011, 2.8865797581462885983e-16, 1600425775.8846848011, 0
1600425775.896684885, -2.8865797581462885983e-16, 1600425775.9156849384, 2.8865797581462885983e-16, 1600425775.9156849384, 0
1600425775.9276847839, -2.8865797581462885983e-16, 1600425775.9466848373, 2.8865797581462885983e-16, 1600425775.9466848373, 0
1600425775.9586849213, -2.8865797581462885983e-16, 1600425775.9776849747, 2.8865797581462885983e-16, 1600425775.9776849747, 0
1600425775.9896848202, -2.8865797581462885983e-16, 1600425776.0096848011, 2.8865797581462885983e-16, 1600425776.0096848011, 0
1600425776.0206849575, -2.8865797581462885983e-16, 1600425776.0406849384, 2.8865797581462885983e-16, 1600425776.0406849384, 0
1600425776.0516848564, -2.8865797581462885983e-16, 1600425776.0716848373, 2.8865797581462885983e-16, 1600425776.0716848373, 0
1600425776.0826849937, -2.8865797581462885983e-16, 1600425776.1026849747, 2.8865797581462885983e-16, 1600425776.1026849747, 0
1600425776.1136848927, -2.8865797581462885983e-16, 1600425776.1336848736, 2.8865797581462885983e-16, 1600425776.1336848736, 0
1600425776.1446847916, -2.8865797581462885983e-16, 1600425776.1646847725, 2.8865797581462885983e-16, 1600425776.1646847725, 0
1600425776.1756849289, -2.8865797581462885983e-16, 1600425776.1956849098, 2.8865797581462885983e-16, 1600425776.1956849098, 0
1600425776.2076849937, -2.8865797581462885983e-16, 1600425776.2266848087, 2.8865797581462885983e-16, 1600425776.2266848087, 0
1600425776.2386848927, -2.8865797581462885983e-16, 1600425776.2576849461, 2.8865797581462885983e-16, 1600425776.2576849461, 0
1600425776.2696847916, -2.8865797581462885983e-16, 1600425776.288684845, 2.8865797581462885983e-16, 1600425776.288684845, 0
1600425776.3006849289, -2.8865797581462885983e-16, 1600425776.3196849823, 2.8865797581462885983e-16, 1600425776.3196849823, 0
1600425776.3316848278, -2.8865797581462885983e-16, 1600425776.3506848812, 2.8865797581462885983e-16, 1600425776.3506848812, 0
1600425776.3626849651, -2.8865797581462885983e-16, 1600425776.3816847801, 2.8865797581462885983e-16, 1600425776.3816847801, 0
1600425776.393684864, -2.8865797581462885983e-16, 1600425776.4126849174, 2.8865797581462885983e-16, 1600425776.4126849174, 0
1600425776.4246850014, -2.8865797581462885983e-16, 1600425776.4436848164, 2.8865797581462885983e-16, 1600425776.4436848164, 0
1600425776.4556849003, -2.8865797581462885983e-16, 1600425776.4746849537, 2.8865797581462885983e-16, 1600425776.4746849537, 0
1600425776.4866847992, -2.8865797581462885983e-16, 1600425776.5056848526, 2.8865797581462885983e-16, 1600425776.5056848526, 0
1600425776.5176849365, -2.8865797581462885983e-16, 1600425776.5366849899, 2.8865797581462885983e-16, 1600425776.5366849899, 0
1600425776.5486848354, -2.8865797581462885983e-16, 1600425776.5676848888, 2.8865797581462885983e-16, 1600425776.5676848888, 0
1600425776.5796849728, -2.8865797581462885983e-16, 1600425776.5986847878, 2.8865797581462885983e-16, 1600425776.5986847878, 0
1600425776.6106848717, -2.8865797581462885983e-16, 1600425776.6296849251, 2.8865797581462885983e-16, 1600425776.6296849251, 0
1600425776.6416847706, -2.8865797581462885983e-16, 1600425776.660684824, 2.8865797581462885983e-16, 1600425776.660684824, 0
1600425776.6726849079, -2.8865797581462885983e-16, 1600425776.6916849613, 2.8865797581462885983e-16, 1600425776.6916849613, 0
1600425776.7036848068, -2.8865797581462885983e-16, 1600425776.7226848602, 2.8865797581462885983e-16, 1600425776.7226848602, 0
1600425776.7346849442, -2.8865797581462885983e-16, 1600425776.7536849976, 2.8865797581462885983e-16, 1600425776.7536849976, 0
1600425776.7656848431, -2.8865797581462885983e-16, 1600425776.7846848965, 2.8865797581462885983e-16, 1600425776.7846848965, 0
1600425776.7966849804, -2.8865797581462885983e-16, 1600425776.8156847954, 2.8865797581462885983e-16, 1600425776.8156847954, 0
1600425776.8276848793, -2.8865797581462885983e-16, 1600425776.8466849327, 2.8865797581462885983e-16, 1600425776.8466849327, 0
1600425776.8586847782, -2.8865797581462885983e-16, 1600425776.8776848316, 2.8865797581462885983e-16, 1600425776.8776848316, 0
1600425776.8896849155, -2.8865797581462885983e-16, 1600425776.9086849689, 2.8865797581462885983e-16, 1600425776.9086849689, 0
1600425776.9206848145, -2.8865797581462885983e-16, 1600425776.9396848679, 2.8865797581462885983e-16, 1600425776.9396848679, 0
1600425776.9516849518, -2.8865797581462885983e-16, 1600425776.9706847668, 2.8865797581462885983e-16, 1600425776.9706847668, 0
1600425776.9826848507, -2.8865797581462885983e-16, 1600425777.0016849041, 2.8865797581462885983e-16, 1600425777.0016849041, 0
1600425777.0156848431, -2.8865797581462885983e-16, 1600425777.0346848965, 2.8865797581462885983e-16, 1600425777.0346848965, 0
1600425777.0466849804, -2.8865797581462885983e-16, 1600425777.0656847954, 2.8865797581462885983e-16, 1600425777.0656847954, 0
1600425777.0805840492, -2.8865797581462885983e-16, 1600425777.0995841026, 2.8865797581462885983e-16, 1600425777.0995841026, 0
1600425777.1115839481, -2.8865797581462885983e-16, 1600425777.1305840015, 2.8865797581462885983e-16, 1600425777.1305840015, 0
1600425777.1425840855, -2.8865797581462885983e-16, 1600425777.1615841389, 2.8865797581462885983e-16, 1600425777.1615841389, 0
1600425777.1735839844, -2.8865797581462885983e-16, 1600425777.1925840378, 2.8865797581462885983e-16, 1600425777.1925840378, 0
1600425777.2045841217, -2.8865797581462885983e-16, 1600425777.2235841751, 2.8865797581462885983e-16, 1600425777.2235841751, 0
1600425777.2355840206, -2.8865797581462885983e-16, 1600425777.254584074, 2.8865797581462885983e-16, 1600425777.254584074, 0
1600425777.2665841579, -2.8865797581462885983e-16, 1600425777.2855839729, 2.8865797581462885983e-16, 1600425777.2855839729, 0
1600425777.2975840569, -2.8865797581462885983e-16, 1600425777.3165841103, 2.8865797581462885983e-16, 1600425777.3165841103, 0
1600425777.3285839558, -2.8865797581462885983e-16, 1600425777.3485841751, 2.8865797581462885983e-16, 1600425777.3485841751, 0
1600425777.3595840931, -2.8865797581462885983e-16, 1600425777.379584074, 2.8865797581462885983e-16, 1600425777.379584074, 0
1600425777.390583992, -2.8865797581462885983e-16, 1600425777.4105839729, 2.8865797581462885983e-16, 1600425777.4105839729, 0
1600425777.4215841293, -2.8865797581462885983e-16, 1600425777.4415841103, 2.8865797581462885983e-16, 1600425777.4415841103, 0
1600425777.4525840282, -2.8865797581462885983e-16, 1600425777.4725840092, 2.8865797581462885983e-16, 1600425777.4725840092, 0
1600425777.4835841656, -2.8865797581462885983e-16, 1600425777.5035841465, 2.8865797581462885983e-16, 1600425777.5035841465, 0
1600425777.5145840645, -2.8865797581462885983e-16, 1600425777.5345840454, 2.8865797581462885983e-16, 1600425777.5345840454, 0
1600425777.5465841293, -2.8865797581462885983e-16, 1600425777.5655841827, 2.8865797581462885983e-16, 1600425777.5655841827, 0
1600425777.5775840282, -2.8865797581462885983e-16, 1600425777.5965840816, 2.8865797581462885983e-16, 1600425777.5965840816, 0
1600425777.6415841579, -2.8865797581462885983e-16, 1600425777.6605839729, 2.8865797581462885983e-16, 1600425777.6605839729, 0
1600425777.6725840569, -2.8865797581462885983e-16, 1600425777.6915841103, 2.8865797581462885983e-16, 1600425777.6915841103, 0
1600425777.7035839558, -2.8865797581462885983e-16, 1600425777.7225840092, 2.8865797581462885983e-16, 1600425777.7225840092, 0
1600425777.7345840931, -2.8865797581462885983e-16, 1600425777.7535841465, 2.8865797581462885983e-16, 1600425777.7535841465, 0
1600425777.765583992, -2.8865797581462885983e-16, 1600425777.7845840454, 2.8865797581462885983e-16, 1600425777.7845840454, 0
1600425777.7965841293, -2.8865797581462885983e-16, 1600425777.8155841827, 2.8865797581462885983e-16, 1600425777.8155841827, 0
1600425777.8275840282, -2.8865797581462885983e-16, 1600425777.8465840816, 2.8865797581462885983e-16, 1600425777.8465840816, 0
1600425777.8585841656, -2.8865797581462885983e-16, 1600425777.8775839806, 2.8865797581462885983e-16, 1600425777.8775839806, 0
1600425777.8895840645, -2.8865797581462885983e-16, 1600425777.9085841179, 2.8865797581462885983e-16, 1600425777.9085841179, 0
1600425777.9205839634, -2.8865797581462885983e-16, 1600425777.9395840168, 2.8865797581462885983e-16, 1600425777.9395840168, 0
1600425777.9515841007, -2.8865797581462885983e-16, 1600425777.9705841541, 2.8865797581462885983e-16, 1600425777.9705841541, 0
1600425777.9825839996, -2.8865797581462885983e-16, 1600425778.001584053, 2.8865797581462885983e-16, 1600425778.001584053, 0
1600425778.013584137, -2.8865797581462885983e-16, 1600425778.032583952, 2.8865797581462885983e-16, 1600425778.032583952, 0
1600425778.0445840359, -2.8865797581462885983e-16, 1600425778.0635840893, 2.8865797581462885983e-16, 1600425778.0635840893, 0
1600425778.0755841732, -2.8865797581462885983e-16, 1600425778.0945839882, 2.8865797581462885983e-16, 1600425778.0945839882, 0
1600425778.1065840721, -2.8865797581462885983e-16, 1600425778.1255841255, 2.8865797581462885983e-16, 1600425778.1255841255, 0
1600425778.137583971, -2.8865797581462885983e-16, 1600425778.1565840244, 2.8865797581462885983e-16, 1600425778.1565840244, 0
1600425778.1685841084, -2.8865797581462885983e-16, 1600425778.1875841618, 2.8865797581462885983e-16, 1600425778.1875841618, 0
1600425778.1995840073, -2.8865797581462885983e-16, 1600425778.2195839882, 2.8865797581462885983e-16, 1600425778.2195839882, 0
1600425778.2305841446, -2.8865797581462885983e-16, 1600425778.2505841255, 2.8865797581462885983e-16, 1600425778.2505841255, 0
1600425778.2615840435, -2.8865797581462885983e-16, 1600425778.2815840244, 2.8865797581462885983e-16, 1600425778.2815840244, 0
1600425778.2925841808, -2.8865797581462885983e-16, 1600425778.3125841618, 2.8865797581462885983e-16, 1600425778.3125841618, 0
1600425778.3235840797, -2.8865797581462885983e-16, 1600425778.3435840607, 2.8865797581462885983e-16, 1600425778.3435840607, 0
1600425778.3545839787, -2.8865797581462885983e-16, 1600425778.3745839596, 2.8865797581462885983e-16, 1600425778.3745839596, 0
1600425778.385584116, -2.8865797581462885983e-16, 1600425778.4055840969, 2.8865797581462885983e-16, 1600425778.4055840969, 0
1600425778.4175841808, -2.8865797581462885983e-16, 1600425778.4365839958, 2.8865797581462885983e-16, 1600425778.4365839958, 0
1600425778.4485840797, -2.8865797581462885983e-16, 1600425778.4675841331, 2.8865797581462885983e-16, 1600425778.4675841331, 0
1600425778.4795839787, -2.8865797581462885983e-16, 1600425778.4985840321, 2.8865797581462885983e-16, 1600425778.4985840321, 0
1600425778.510584116, -2.8865797581462885983e-16, 1600425778.5295841694, 2.8865797581462885983e-16, 1600425778.5295841694, 150
1600425778.5415840149, 0.41887903213500976563, 1600425778.5605840683, -0.41887903213500976563, 1600425778.5605840683, 150
1600425778.5725841522, 1.1388273239135742188, 1600425778.5915839672, -1.1388273239135742188, 1600425778.5915839672, 150
1600425778.6035840511, 2.0171220302581787109, 1600425778.6225841045, -2.0171220302581787109, 1600425778.6225841045, 150
1600425778.63458395, 2.9629778861999511719, 1600425778.6535840034, -2.9629778861999511719, 1600425778.6535840034, 150
1600425778.6655840874, 3.9763948917388916016, 1600425778.6845841408, -3.9763948917388916016, 1600425778.6845841408, 150
1600425778.6965839863, 4.9222507476806640625, 1600425778.7155840397, -4.9222507476806640625, 1600425778.7155840397, 150
1600425778.7275841236, 5.8681063652038574219, 1600425778.746584177, -5.8681063652038574219, 1600425778.746584177, 150
1600425778.7585840225, 6.8815236091613769531, 1600425778.7775840759, -6.8815236091613769531, 1600425778.7775840759, 150
1600425778.7895841599, 7.8273792266845703125, 1600425778.8085839748, -7.8273792266845703125, 1600425778.8085839748, 150
1600425778.8205840588, 8.8407964706420898438, 1600425778.8395841122, -8.8407964706420898438, 1600425778.8395841122, 150
1600425778.8515839577, 9.3677730560302734375, 1600425778.8705840111, -9.3677730560302734375, 1600425778.8705840111, 150
1600425778.882584095, 9.5936803817749023438, 1600425778.9015841484, -9.5936803817749023438, 1600425778.9015841484, 150
1600425778.9135839939, 9.7288026809692382813, 1600425778.9325840473, -9.7288026809692382813, 1600425778.9325840473, 150
1600425778.9445841312, 9.7288026809692382813, 1600425778.9635839462, -9.7288026809692382813, 1600425778.9635839462, 150
1600425778.9755840302, 9.6612415313720703125, 1600425778.9945840836, -9.6612415313720703125, 1600425778.9945840836, 150
1600425779.0065841675, 9.6612415313720703125, 1600425779.0255839825, -9.6612415313720703125, 1600425779.0255839825, 150
1600425779.0375840664, 9.6612415313720703125, 1600425779.0565841198, -9.6612415313720703125, 1600425779.0565841198, 150
1600425779.0685839653, 9.6612415313720703125, 1600425779.0875840187, -9.6612415313720703125, 1600425779.0875840187, 150
1600425779.0995841026, 9.6612415313720703125, 1600425779.118584156, -9.6612415313720703125, 1600425779.118584156, 150
1600425779.1305840015, 9.6612415313720703125, 1600425779.1495840549, -9.6612415313720703125, 1600425779.1495840549, 150
1600425779.1615841389, 9.6612415313720703125, 1600425779.1805839539, -9.6612415313720703125, 1600425779.1805839539, 150
1600425779.1925840378, 9.7288026809692382813, 1600425779.2115840912, -9.7288026809692382813, 1600425779.2115840912, 150
1600425779.2235841751, 9.6612415313720703125, 1600425779.2425839901, -9.6612415313720703125, 1600425779.2425839901, 150
1600425779.254584074, 9.6612415313720703125, 1600425779.2735841274, -9.6612415313720703125, 1600425779.2735841274, 150
1600425779.2855839729, 9.6612415313720703125, 1600425779.3045840263, -9.6612415313720703125, 1600425779.3045840263, 150
1600425779.3165841103, 9.6612415313720703125, 1600425779.3355841637, -9.6612415313720703125, 1600425779.3355841637, 150
1600425779.3475840092, 9.6612415313720703125, 1600425779.3675839901, -9.6612415313720703125, 1600425779.3675839901, 150
1600425779.3785841465, 9.5936803817749023438, 1600425779.3985841274, -9.5936803817749023438, 1600425779.3985841274, 150
1600425779.4095840454, 9.6612415313720703125, 1600425779.4295840263, -9.6612415313720703125, 1600425779.4295840263, 150
1600425779.4405841827, 9.5936803817749023438, 1600425779.4605841637, -9.5936803817749023438, 1600425779.4605841637, 150
1600425779.4715840816, 9.6612415313720703125, 1600425779.4915840626, -9.6612415313720703125, 1600425779.4915840626, 150
1600425779.5025839806, 9.5936803817749023438, 1600425779.5225839615, -9.5936803817749023438, 1600425779.5225839615, 150
1600425779.5355839729, 9.599822998046875, 1600425779.5545840263, -9.599822998046875, 1600425779.5545840263, 150
1600425779.5663409233, 9.6673841476440429688, 1600425779.5853409767, -9.6673841476440429688, 1600425779.5853409767, 150
1600425779.5973410606, 9.6673841476440429688, 1600425779.616341114, -9.6673841476440429688, 1600425779.616341114, 150
1600425779.6283409595, 9.6673841476440429688, 1600425779.647341013, -9.6673841476440429688, 1600425779.647341013, 150
1600425779.6923410892, 9.6705503463745117188, 1600425779.7113411427, -9.6705503463745117188, 1600425779.7113411427, 150
1600425779.7233409882, 9.7381114959716796875, 1600425779.7423410416, -9.7381114959716796875, 1600425779.7423410416, 150
1600425779.7543411255, 9.6705503463745117188, 1600425779.7733409405, -9.6705503463745117188, 1600425779.7733409405, 150
1600425779.7853410244, 9.7381114959716796875, 1600425779.8053410053, -9.7381114959716796875, 1600425779.8053410053, 150
1600425779.8163409233, 9.6705503463745117188, 1600425779.8363411427, -9.6705503463745117188, 1600425779.8363411427, 150
1600425779.8473410606, 9.7381114959716796875, 1600425779.8673410416, -9.7381114959716796875, 1600425779.8673410416, 150
1600425779.8783409595, 9.7319698333740234375, 1600425779.8983409405, -9.7319698333740234375, 1600425779.8983409405, 150
1600425779.9093410969, 9.7319698333740234375, 1600425779.9293410778, -9.7319698333740234375, 1600425779.9293410778, 150
1600425779.9413409233, 9.7319698333740234375, 1600425779.9603409767, -9.7319698333740234375, 1600425779.9603409767, 150
1600425779.9723410606, 9.7995309829711914063, 1600425779.991341114, -9.7995309829711914063, 1600425779.991341114, 150
1600425780.0033409595, 9.79636383056640625, 1600425780.022341013, -9.79636383056640625, 1600425780.022341013, 150
1600425780.0343410969, 9.79636383056640625, 1600425780.0533409119, -9.79636383056640625, 1600425780.0533409119, 150
1600425780.0653409958, 9.79636383056640625, 1600425780.0843410492, -9.79636383056640625, 1600425780.0843410492, 150
1600425780.0963411331, 9.79636383056640625, 1600425780.1153409481, -9.79636383056640625, 1600425780.1153409481, 150
1600425780.127341032, 9.79636383056640625, 1600425780.1463410854, -9.79636383056640625, 1600425780.1463410854, 150
1600425780.1583409309, 9.7646951675415039063, 1600425780.1773409843, -9.7646951675415039063, 1600425780.1773409843, 150
1600425780.1893410683, 9.7646951675415039063, 1600425780.2083411217, -9.7646951675415039063, 1600425780.2083411217, 150
1600425780.2203409672, 9.7646951675415039063, 1600425780.2393410206, -9.7646951675415039063, 1600425780.2393410206, 150
1600425780.2513411045, 9.7646951675415039063, 1600425780.2703409195, -9.7646951675415039063, 1600425780.2703409195, 150
1600425780.2823410034, 9.7646951675415039063, 1600425780.3013410568, -9.7646951675415039063, 1600425780.3013410568, 150
1600425780.3133411407, 9.7646951675415039063, 1600425780.3323409557, -9.7646951675415039063, 1600425780.3323409557, 150
1600425780.3443410397, 9.7646951675415039063, 1600425780.3633410931, -9.7646951675415039063, 1600425780.3633410931, 150
1600425780.3753409386, 9.7646951675415039063, 1600425780.394340992, -9.7646951675415039063, 1600425780.394340992, 150
1600425780.4063410759, 9.6971340179443359375, 1600425780.4253411293, -9.6971340179443359375, 1600425780.4253411293, 150
1600425780.4373409748, 9.6971340179443359375, 1600425780.4563410282, -9.6971340179443359375, 1600425780.4563410282, 150
1600425780.4683411121, 9.7288026809692382813, 1600425780.4873409271, -9.7288026809692382813, 1600425780.4873409271, 150
1600425780.499341011, 9.7288026809692382813, 1600425780.5183410645, -9.7288026809692382813, 1600425780.5183410645, 150
1600425780.53034091, 9.7288026809692382813, 1600425780.5493409634, -9.7288026809692382813, 1600425780.5493409634, 150
1600425780.5613410473, 9.7288026809692382813, 1600425780.5803411007, -9.7288026809692382813, 1600425780.5803411007, 150
1600425780.5923409462, 9.7288026809692382813, 1600425780.6113409996, -9.7288026809692382813, 1600425780.6113409996, 150
1600425780.6233410835, 9.7288026809692382813, 1600425780.6423411369, -9.7288026809692382813, 1600425780.6423411369, 150
1600425780.6543409824, 9.7288026809692382813, 1600425780.6733410358, -9.7288026809692382813, 1600425780.6733410358, 150
1600425780.6853411198, 9.7288026809692382813, 1600425780.7043409348, -9.7288026809692382813, 1600425780.7043409348, 150
1600425780.7163410187, 9.79636383056640625, 1600425780.7353410721, -9.79636383056640625, 1600425780.7353410721, 150
1600425780.7473409176, 9.79636383056640625, 1600425780.766340971, -9.79636383056640625, 1600425780.766340971, 150
1600425780.7783410549, 9.79636383056640625, 1600425780.7973411083, -9.79636383056640625, 1600425780.7973411083, 150
1600425780.8093409538, 9.79636383056640625, 1600425780.8283410072, -9.79636383056640625, 1600425780.8283410072, 150
1600425780.8403410912, 9.79636383056640625, 1600425780.8593409061, -9.79636383056640625, 1600425780.8593409061, 150
1600425780.8713409901, 9.79636383056640625, 1600425780.8903410435, -9.79636383056640625, 1600425780.8903410435, 150
1600425780.9023411274, 9.79636383056640625, 1600425780.9213409424, -9.79636383056640625, 1600425780.9213409424, 150
1600425780.9333410263, 9.79636383056640625, 1600425780.9533410072, -9.79636383056640625, 1600425780.9533410072, 150
1600425780.9643409252, 9.79636383056640625, 1600425780.9843409061, -9.79636383056640625, 1600425780.9843409061, 150
1600425780.9953410625, 9.79636383056640625, 1600425781.0153410435, -9.79636383056640625, 1600425781.0153410435, 150
1600425781.0263409615, 9.79636383056640625, 1600425781.0463409424, -9.79636383056640625, 1600425781.0463409424, 150
1600425781.0573410988, 9.79636383056640625, 1600425781.0773410797, -9.79636383056640625, 1600425781.0773410797, 150
1600425781.0883409977, 9.79636383056640625, 1600425781.1083409786, -9.79636383056640625, 1600425781.1083409786, 150
1600425781.1203410625, 9.8639249801635742188, 1600425781.139341116, -9.8639249801635742188, 1600425781.139341116, 150
1600425781.1513409615, 9.79636383056640625, 1600425781.1703410149, -9.79636383056640625, 1600425781.1703410149, 150
1600425781.1823410988, 9.8639249801635742188, 1600425781.2013409138, -9.8639249801635742188, 1600425781.2013409138, 150
1600425781.2133409977, 9.79636383056640625, 1600425781.2323410511, -9.79636383056640625, 1600425781.2323410511, 150
1600425781.244341135, 9.8639249801635742188, 1600425781.26334095, -9.8639249801635742188, 1600425781.26334095, 150
1600425781.2753410339, 9.79636383056640625, 1600425781.2943410873, -9.79636383056640625, 1600425781.2943410873, 150
1600425781.3063409328, 9.8639249801635742188, 1600425781.3253409863, -9.8639249801635742188, 1600425781.3253409863, 150
1600425781.3373410702, 9.7668066024780273438, 1600425781.3563411236, -9.7668066024780273438, 1600425781.3563411236, 150
1600425781.3683409691, 9.8343677520751953125, 1600425781.3873410225, -9.8343677520751953125, 1600425781.3873410225, 150
1600425781.3993411064, 9.7668066024780273438, 1600425781.4183409214, -9.7668066024780273438, 1600425781.4183409214, 150
1600425781.4303410053, 9.7668066024780273438, 1600425781.4493410587, -9.7668066024780273438, 1600425781.4493410587, 150
1600425781.4613411427, 9.7668066024780273438, 1600425781.4803409576, -9.7668066024780273438, 1600425781.4803409576, 150
1600425781.4923410416, 9.7668066024780273438, 1600425781.511341095, -9.7668066024780273438, 1600425781.511341095, 150
1600425781.5233409405, 9.7668066024780273438, 1600425781.5423409939, -9.7668066024780273438, 1600425781.5423409939, 150
1600425781.5543410778, 9.699245452880859375, 1600425781.5733411312, -9.699245452880859375, 1600425781.5733411312, 150
1600425781.5853409767, 9.699245452880859375, 1600425781.6043410301, -9.699245452880859375, 1600425781.6043410301, 150
1600425781.616341114, 9.6316843032836914063, 1600425781.635340929, -9.6316843032836914063, 1600425781.635340929, 150
1600425781.647341013, 9.6612415313720703125, 1600425781.6663410664, -9.6612415313720703125, 1600425781.6663410664, 150
1600425781.6783409119, 9.6612415313720703125, 1600425781.6973409653, -9.6612415313720703125, 1600425781.6973409653, 150
1600425781.7423410416, 9.6971340179443359375, 1600425781.761341095, -9.6971340179443359375, 1600425781.761341095, 150
1600425781.7733409405, 9.6971340179443359375, 1600425781.7923409939, -9.6971340179443359375, 1600425781.7923409939, 150
1600425781.8043410778, 9.6971340179443359375, 1600425781.8243410587, -9.6971340179443359375, 1600425781.8243410587, 150
1600425781.8353409767, 9.6971340179443359375, 1600425781.8553409576, -9.6971340179443359375, 1600425781.8553409576, 150
1600425781.866341114, 9.7646951675415039063, 1600425781.886341095, -9.7646951675415039063, 1600425781.886341095, 150
1600425781.897341013, 9.7646951675415039063, 1600425781.9173409939, -9.7646951675415039063, 1600425781.9173409939, 150
1600425781.9283409119, 9.832256317138671875, 1600425781.9483411312, -9.832256317138671875, 1600425781.9483411312, 150
1600425781.9593410492, 9.832256317138671875, 1600425781.9793410301, -9.832256317138671875, 1600425781.9793410301, 150
1600425781.991341114, 9.8998174667358398438, 1600425782.010340929, -9.8998174667358398438, 1600425782.010340929, 150
1600425782.022341013, 9.832256317138671875, 1600425782.0413410664, -9.832256317138671875, 1600425782.0413410664, 150
1600425782.0543410778, 9.8025064468383789063, 1600425782.0733411312, -9.8025064468383789063, 1600425782.0733411312, 150
1600425782.0883409977, 9.8362865447998046875, 1600425782.1083409786, -9.8362865447998046875, 1600425782.1083409786, 150
1600425782.1203410625, 9.8362865447998046875, 1600425782.139341116, -9.8362865447998046875, 1600425782.139341116, 150
1600425782.1513409615, 9.8362865447998046875, 1600425782.1703410149, -9.8362865447998046875, 1600425782.1703410149, 150
1600425782.1823410988, 9.7687253952026367188, 1600425782.2013409138, -9.7687253952026367188, 1600425782.2013409138, 150
1600425782.2133409977, 9.8362865447998046875, 1600425782.2323410511, -9.8362865447998046875, 1600425782.2323410511, 150
1600425782.244341135, 9.7687253952026367188, 1600425782.26334095, -9.7687253952026367188, 1600425782.26334095, 150
1600425782.2753410339, 9.8362865447998046875, 1600425782.2943410873, -9.8362865447998046875, 1600425782.2943410873, 150
1600425782.3063409328, 9.7687253952026367188, 1600425782.3253409863, -9.7687253952026367188, 1600425782.3253409863, 150
1600425782.3373410702, 9.8362865447998046875, 1600425782.3563411236, -9.8362865447998046875, 1600425782.3563411236, 150
1600425782.3683409691, 9.800586700439453125, 1600425782.3873410225, -9.800586700439453125, 1600425782.3873410225, 150
1600425782.3993411064, 9.7668066024780273438, 1600425782.4183409214, -9.7668066024780273438, 1600425782.4183409214, 150
1600425782.4303410053, 9.8343677520751953125, 1600425782.4493410587, -9.8343677520751953125, 1600425782.4493410587, 150
1600425782.4613411427, 9.7668066024780273438, 1600425782.4803409576, -9.7668066024780273438, 1600425782.4803409576, 150
1600425782.4923410416, 9.8343677520751953125, 1600425782.511341095, -9.8343677520751953125, 1600425782.511341095, 150
1600425782.5233409405, 9.7668066024780273438, 1600425782.5423409939, -9.7668066024780273438, 1600425782.5423409939, 150
1600425782.5543410778, 9.8343677520751953125, 1600425782.5733411312, -9.8343677520751953125, 1600425782.5733411312, 150
1600425782.5853409767, 9.7668066024780273438, 1600425782.6043410301, -9.7668066024780273438, 1600425782.6043410301, 150
1600425782.616341114, 9.8343677520751953125, 1600425782.635340929, -9.8343677520751953125, 1600425782.635340929, 150
1600425782.647341013, 9.7668066024780273438, 1600425782.6663410664, -9.7668066024780273438, 1600425782.6663410664, 150
1600425782.6783409119, 9.8639249801635742188, 1600425782.6973409653, -9.8639249801635742188, 1600425782.6973409653, 150
1600425782.7093410492, 9.79636383056640625, 1600425782.7283411026, -9.79636383056640625, 1600425782.7283411026, 150
1600425782.7403409481, 9.7288026809692382813, 1600425782.7593410015, -9.7288026809692382813, 1600425782.7593410015, 150
1600425782.7713410854, 9.79636383056640625, 1600425782.7903411388, -9.79636383056640625, 1600425782.7903411388, 150
1600425782.8023409843, 9.7288026809692382813, 1600425782.8213410378, -9.7288026809692382813, 1600425782.8213410378, 150
1600425782.8333411217, 9.79636383056640625, 1600425782.8523409367, -9.79636383056640625, 1600425782.8523409367, 150
1600425782.8643410206, 9.7288026809692382813, 1600425782.883341074, -9.7288026809692382813, 1600425782.883341074, 150
1600425782.8953409195, 9.79636383056640625, 1600425782.9143409729, -9.79636383056640625, 1600425782.9143409729, 150
1600425782.9263410568, 9.7288026809692382813, 1600425782.9453411102, -9.7288026809692382813, 1600425782.9453411102, 150
1600425782.9573409557, 9.79636383056640625, 1600425782.9763410091, -9.79636383056640625, 1600425782.9763410091, 150
1600425782.9883410931, 9.7288026809692382813, 1600425783.0073409081, -9.7288026809692382813, 1600425783.0073409081, 150
1600425783.019340992, 9.79636383056640625, 1600425783.0383410454, -9.79636383056640625, 1600425783.0383410454, 150
1600425783.0503411293, 9.8639249801635742188, 1600425783.0693409443, -9.8639249801635742188, 1600425783.0693409443, 150
1600425783.0813410282, 9.79636383056640625, 1600425783.1003410816, -9.79636383056640625, 1600425783.1003410816, 150
1600425783.1123409271, 9.8639249801635742188, 1600425783.1313409805, -9.8639249801635742188, 1600425783.1313409805, 150
1600425783.1433410645, 9.79636383056640625, 1600425783.1633410454, -9.79636383056640625, 1600425783.1633410454, 150
1600425783.1743409634, 9.8639249801635742188, 1600425783.1943409443, -9.8639249801635742188, 1600425783.1943409443, 150
1600425783.2053411007, 9.79636383056640625, 1600425783.2253410816, -9.79636383056640625, 1600425783.2253410816, 150
1600425783.2363409996, 9.8639249801635742188, 1600425783.2563409805, -9.8639249801635742188, 1600425783.2563409805, 150
1600425783.2673411369, 9.79636383056640625, 1600425783.2873411179, -9.79636383056640625, 1600425783.2873411179, 150
1600425783.2983410358, 9.8639249801635742188, 1600425783.3183410168, -9.8639249801635742188, 1600425783.3183410168, 150
1600425783.3303411007, 9.8639249801635742188, 1600425783.3493409157, -9.8639249801635742188, 1600425783.3493409157, 150
1600425783.3613409996, 9.79636383056640625, 1600425783.380341053, -9.79636383056640625, 1600425783.380341053, 150
1600425783.3923411369, 9.8639249801635742188, 1600425783.4113409519, -9.8639249801635742188, 1600425783.4113409519, 150
1600425783.4233410358, 9.79636383056640625, 1600425783.4423410892, -9.79636383056640625, 1600425783.4423410892, 150
1600425783.4543409348, 9.8639249801635742188, 1600425783.4733409882, -9.8639249801635742188, 1600425783.4733409882, 150
1600425783.4853410721, 9.79636383056640625, 1600425783.5043411255, -9.79636383056640625, 1600425783.5043411255, 150
1600425783.516340971, 9.8639249801635742188, 1600425783.5353410244, -9.8639249801635742188, 1600425783.5353410244, 150
1600425783.5473411083, 9.7668066024780273438, 1600425783.5663409233, -9.7668066024780273438, 1600425783.5663409233, 150
1600425783.5783410072, 9.8343677520751953125, 1600425783.5973410606, -9.8343677520751953125, 1600425783.5973410606, 150
1600425783.6093409061, 9.7668066024780273438, 1600425783.6283409595, -9.7668066024780273438, 1600425783.6283409595, 150
1600425783.6403410435, 9.7668066024780273438, 1600425783.6593410969, -9.7668066024780273438, 1600425783.6593410969, 150
1600425783.6713409424, 9.8343677520751953125, 1600425783.6903409958, -9.8343677520751953125, 1600425783.6903409958, 150
1600425783.7023410797, 9.7668066024780273438, 1600425783.7213411331, -9.7668066024780273438, 1600425783.7213411331, 150
1600425783.7333409786, 9.8343677520751953125, 1600425783.752341032, -9.8343677520751953125, 1600425783.752341032, 150
1600425783.7973411083, 9.8026981353759765625, 1600425783.8163409233, -9.8026981353759765625, 1600425783.8163409233, 150
1600425783.8283410072, 9.8702592849731445313, 1600425783.8473410606, -9.8702592849731445313, 1600425783.8473410606, 150
1600425783.8593409061, 9.8026981353759765625, 1600425783.8783409595, -9.8026981353759765625, 1600425783.8783409595, 150
1600425783.8903410435, 9.8998174667358398438, 1600425783.9093410969, -9.8998174667358398438, 1600425783.9093410969, 150
1600425783.9213409424, 9.832256317138671875, 1600425783.9403409958, -9.832256317138671875, 1600425783.9403409958, 150
1600425783.9523410797, 9.8998174667358398438, 1600425783.9713411331, -9.8998174667358398438, 1600425783.9713411331, 150
1600425783.9833409786, 9.832256317138671875, 1600425784.002341032, -9.832256317138671875, 1600425784.002341032, 150
1600425784.014341116, 9.832256317138671875, 1600425784.0343410969, -9.832256317138671875, 1600425784.0343410969, 150
1600425784.0453410149, 9.832256317138671875, 1600425784.0653409958, -9.832256317138671875, 1600425784.0653409958, 150
1600425784.0763409138, 9.832256317138671875, 1600425784.0963411331, -9.832256317138671875, 1600425784.0963411331, 150
1600425784.1073410511, 9.79636383056640625, 1600425784.127341032, -9.79636383056640625, 1600425784.127341032, 150
1600425784.13834095, 9.79636383056640625, 1600425784.1583409309, -9.79636383056640625, 1600425784.1583409309, 150
1600425784.1693410873, 9.79636383056640625, 1600425784.1893410683, -9.79636383056640625, 1600425784.1893410683, 150
1600425784.2013409138, 9.79636383056640625, 1600425784.2203409672, -9.79636383056640625, 1600425784.2203409672, 150
1600425784.2323410511, 9.79636383056640625, 1600425784.2513411045, -9.79636383056640625, 1600425784.2513411045, 150
1600425784.26334095, 9.7288026809692382813, 1600425784.2823410034, -9.7288026809692382813, 1600425784.2823410034, 150
1600425784.2943410873, 9.79636383056640625, 1600425784.3133411407, -9.79636383056640625, 1600425784.3133411407, 150
1600425784.3253409863, 9.7288026809692382813, 1600425784.3443410397, -9.7288026809692382813, 1600425784.3443410397, 150
1600425784.3563411236, 9.79636383056640625, 1600425784.3753409386, -9.79636383056640625, 1600425784.3753409386, 150
1600425784.3873410225, 9.7288026809692382813, 1600425784.4063410759, -9.7288026809692382813, 1600425784.4063410759, 150
1600425784.4183409214, 9.699245452880859375, 1600425784.4373409748, -9.699245452880859375, 1600425784.4373409748, 150
1600425784.4493410587, 9.699245452880859375, 1600425784.4683411121, -9.699245452880859375, 1600425784.4683411121, 150
1600425784.4803409576, 9.699245452880859375, 1600425784.499341011, -9.699245452880859375, 1600425784.499341011, 150
1600425784.511341095, 9.699245452880859375, 1600425784.53034091, -9.699245452880859375, 1600425784.53034091, 150
1600425784.5423409939, 9.699245452880859375, 1600425784.5613410473, -9.699245452880859375, 1600425784.5613410473, 150
1600425784.5743410587, 9.7351369857788085938, 1600425784.5933411121, -9.7351369857788085938, 1600425784.5933411121, 150
1600425784.6053409576, 9.7351369857788085938, 1600425784.624341011, -9.7351369857788085938, 1600425784.624341011, 150
1600425784.6353549957, 9.8026981353759765625, 1600425784.6543550491, -9.8026981353759765625, 1600425784.6543550491, 150
1600425784.6663548946, 9.7351369857788085938, 1600425784.685354948, -9.7351369857788085938, 1600425784.685354948, 150
1600425784.697355032, 9.8026981353759765625, 1600425784.716354847, -9.8026981353759765625, 1600425784.716354847, 150
1600425784.7283549309, 9.832256317138671875, 1600425784.7483549118, -9.832256317138671875, 1600425784.7483549118, 150
1600425784.7593550682, 9.832256317138671875, 1600425784.7793550491, -9.832256317138671875, 1600425784.7793550491, 150
1600425784.7903549671, 9.832256317138671875, 1600425784.810354948, -9.832256317138671875, 1600425784.810354948, 150
1600425784.821354866, 9.832256317138671875, 1600425784.841354847, -9.832256317138671875, 1600425784.841354847, 150
1600425784.8523550034, 9.832256317138671875, 1600425784.8723549843, -9.832256317138671875, 1600425784.8723549843, 150
1600425784.8833549023, 9.8639249801635742188, 1600425784.9033548832, -9.8639249801635742188, 1600425784.9033548832, 150
1600425784.9153549671, 9.79636383056640625, 1600425784.9343550205, -9.79636383056640625, 1600425784.9343550205, 150
1600425784.946354866, 9.79636383056640625, 1600425784.9653549194, -9.79636383056640625, 1600425784.9653549194, 150
1600425784.9773550034, 9.8639249801635742188, 1600425784.9963550568, -9.8639249801635742188, 1600425784.9963550568, 150
1600425785.0083549023, 9.79636383056640625, 1600425785.0273549557, -9.79636383056640625, 1600425785.0273549557, 150
1600425785.0393550396, 9.8639249801635742188, 1600425785.0583548546, -9.8639249801635742188, 1600425785.0583548546, 150
1600425785.0703549385, 9.79636383056640625, 1600425785.0893549919, -9.79636383056640625, 1600425785.0893549919, 150
1600425785.1013550758, 9.79636383056640625, 1600425785.1203548908, -9.79636383056640625, 1600425785.1203548908, 150
1600425785.1323549747, 9.699245452880859375, 1600425785.1513550282, -9.699245452880859375, 1600425785.1513550282, 150
1600425785.1633548737, 9.699245452880859375, 1600425785.1823549271, -9.699245452880859375, 1600425785.1823549271, 150
1600425785.194355011, 9.699245452880859375, 1600425785.2133550644, -9.699245452880859375, 1600425785.2133550644, 150
1600425785.2253549099, 9.699245452880859375, 1600425785.2443549633, -9.699245452880859375, 1600425785.2443549633, 150
1600425785.2563550472, 9.699245452880859375, 1600425785.2753548622, -9.699245452880859375, 1600425785.2753548622, 150
1600425785.2873549461, 9.6316843032836914063, 1600425785.3063549995, -9.6316843032836914063, 1600425785.3063549995, 150
1600425785.318354845, 9.699245452880859375, 1600425785.3373548985, -9.699245452880859375, 1600425785.3373548985, 150
1600425785.3493549824, 9.6316843032836914063, 1600425785.3683550358, -9.6316843032836914063, 1600425785.3683550358, 150
1600425785.3803548813, 9.699245452880859375, 1600425785.3993549347, -9.699245452880859375, 1600425785.3993549347, 150
1600425785.4113550186, 9.699245452880859375, 1600425785.430355072, -9.699245452880859375, 1600425785.430355072, 150
1600425785.4423549175, 9.79636383056640625, 1600425785.4613549709, -9.79636383056640625, 1600425785.4613549709, 150
1600425785.4733550549, 9.79636383056640625, 1600425785.4923548698, -9.79636383056640625, 1600425785.4923548698, 150
1600425785.5043549538, 9.7288026809692382813, 1600425785.5233550072, -9.7288026809692382813, 1600425785.5233550072, 150
1600425785.5353548527, 9.79636383056640625, 1600425785.5543549061, -9.79636383056640625, 1600425785.5543549061, 150
1600425785.56635499, 9.7288026809692382813, 1600425785.5853550434, -9.7288026809692382813, 1600425785.5853550434, 150
1600425785.5973548889, 9.79636383056640625, 1600425785.6163549423, -9.79636383056640625, 1600425785.6163549423, 150
1600425785.6283550262, 9.7288026809692382813, 1600425785.6473548412, -9.7288026809692382813, 1600425785.6473548412, 150
1600425785.6593549252, 9.7288026809692382813, 1600425785.6783549786, -9.7288026809692382813, 1600425785.6783549786, 150
1600425785.6903550625, 9.7288026809692382813, 1600425785.7093548775, -9.7288026809692382813, 1600425785.7093548775, 150
1600425785.7213549614, 9.7288026809692382813, 1600425785.7403550148, -9.7288026809692382813, 1600425785.7403550148, 150
1600425785.7523548603, 9.7288026809692382813, 1600425785.7713549137, -9.7288026809692382813, 1600425785.7713549137, 150
1600425785.7833549976, 9.7288026809692382813, 1600425785.802355051, -9.7288026809692382813, 1600425785.802355051, 150
1600425785.8483550549, 9.7974195480346679688, 1600425785.8673548698, -9.7974195480346679688, 1600425785.8673548698, 150
1600425785.8793549538, 9.7298583984375, 1600425785.8983550072, -9.7298583984375, 1600425785.8983550072, 150
1600425785.9103548527, 9.7974195480346679688, 1600425785.9293549061, -9.7974195480346679688, 1600425785.9293549061, 150
1600425785.94135499, 9.7298583984375, 1600425785.9603550434, -9.7298583984375, 1600425785.9603550434, 150
1600425785.9723548889, 9.7974195480346679688, 1600425785.9913549423, -9.7974195480346679688, 1600425785.9913549423, 150
1600425786.0033550262, 9.7678613662719726563, 1600425786.0223548412, -9.7678613662719726563, 1600425786.0223548412, 150
1600425786.0343549252, 9.7678613662719726563, 1600425786.0533549786, -9.7678613662719726563, 1600425786.0533549786, 150
1600425786.0653550625, 9.7678613662719726563, 1600425786.0843548775, -9.7678613662719726563, 1600425786.0843548775, 150
1600425786.0963549614, 9.7678613662719726563, 1600425786.1153550148, -9.7678613662719726563, 1600425786.1153550148, 150
1600425786.1273548603, 9.7678613662719726563, 1600425786.1463549137, -9.7678613662719726563, 1600425786.1463549137, 150
1600425786.1583549976, 9.7668066024780273438, 1600425786.177355051, -9.7668066024780273438, 1600425786.177355051, 150
1600425786.1893548965, 9.8343677520751953125, 1600425786.20835495, -9.8343677520751953125, 1600425786.20835495, 150
1600425786.2203550339, 9.7668066024780273438, 1600425786.2393548489, -9.7668066024780273438, 1600425786.2393548489, 150
1600425786.2513549328, 9.8343677520751953125, 1600425786.2703549862, -9.8343677520751953125, 1600425786.2703549862, 150
1600425786.2823550701, 9.7668066024780273438, 1600425786.3013548851, -9.7668066024780273438, 1600425786.3013548851, 150
1600425786.313354969, 9.8639249801635742188, 1600425786.3323550224, -9.8639249801635742188, 1600425786.3323550224, 150
1600425786.3443548679, 9.8639249801635742188, 1600425786.3633549213, -9.8639249801635742188, 1600425786.3633549213, 150
1600425786.3753550053, 9.8639249801635742188, 1600425786.3943550587, -9.8639249801635742188, 1600425786.3943550587, 150
1600425786.4063549042, 9.8639249801635742188, 1600425786.4253549576, -9.8639249801635742188, 1600425786.4253549576, 150
1600425786.4373550415, 9.8639249801635742188, 1600425786.4563548565, -9.8639249801635742188, 1600425786.4563548565, 150
1600425786.4683549404, 9.8639249801635742188, 1600425786.4873549938, -9.8639249801635742188, 1600425786.4873549938, 150
1600425786.4993550777, 9.79636383056640625, 1600425786.5183548927, -9.79636383056640625, 1600425786.5183548927, 150
1600425786.5303549767, 9.8639249801635742188, 1600425786.5493550301, -9.8639249801635742188, 1600425786.5493550301, 150
1600425786.5613548756, 9.79636383056640625, 1600425786.580354929, -9.79636383056640625, 1600425786.580354929, 150
1600425786.5923550129, 9.8639249801635742188, 1600425786.6113550663, -9.8639249801635742188, 1600425786.6113550663, 150
1600425786.6233549118, 9.79636383056640625, 1600425786.6423549652, -9.79636383056640625, 1600425786.6423549652, 150
1600425786.6543550491, 9.79636383056640625, 1600425786.6733548641, -9.79636383056640625, 1600425786.6733548641, 150
1600425786.685354948, 9.79636383056640625, 1600425786.7043550014, -9.79636383056640625, 1600425786.7043550014, 150
1600425786.716354847, 9.7288026809692382813, 1600425786.7353549004, -9.7288026809692382813, 1600425786.7353549004, 150
1600425786.7473549843, 9.79636383056640625, 1600425786.7663550377, -9.79636383056640625, 1600425786.7663550377, 150
1600425786.7783548832, 9.7288026809692382813, 1600425786.7983548641, -9.7288026809692382813, 1600425786.7983548641, 150
1600425786.8093550205, 9.79636383056640625, 1600425786.8293550014, -9.79636383056640625, 1600425786.8293550014, 150
1600425786.8403549194, 9.7288026809692382813, 1600425786.8603549004, -9.7288026809692382813, 1600425786.8603549004, 150
1600425786.8713550568, 9.79636383056640625, 1600425786.8913550377, -9.79636383056640625, 1600425786.8913550377, 150
1600425786.9023549557, 9.79636383056640625, 1600425786.9223549366, -9.79636383056640625, 1600425786.9223549366, 150
1600425786.9343550205, 9.79636383056640625, 1600425786.9533550739, -9.79636383056640625, 1600425786.9533550739, 150
1600425786.9653549194, 9.79636383056640625, 1600425786.9843549728, -9.79636383056640625, 1600425786.9843549728, 150
1600425786.9963550568, 9.79636383056640625, 1600425787.0153548717, -9.79636383056640625, 1600425787.0153548717, 150
1600425787.0273549557, 9.8639249801635742188, 1600425787.0463550091, -9.8639249801635742188, 1600425787.0463550091, 150
1600425787.0583548546, 9.79636383056640625, 1600425787.077354908, -9.79636383056640625, 1600425787.077354908, 150
1600425787.0933549404, 9.8395280838012695313, 1600425787.1133549213, -9.8395280838012695313, 1600425787.1133549213, 150
1600425787.1248090267, 9.8395280838012695313, 1600425787.1438088417, -9.8395280838012695313, 1600425787.1438088417, 150
1600425787.1558089256, 9.8395280838012695313, 1600425787.174808979, -9.8395280838012695313, 1600425787.174808979, 150
1600425787.1868088245, 9.8395280838012695313, 1600425787.2058088779, -9.8395280838012695313, 1600425787.2058088779, 150
1600425787.2178089619, 9.7719669342041015625, 1600425787.2368090153, -9.7719669342041015625, 1600425787.2368090153, 150
1600425787.2488088608, 9.8395280838012695313, 1600425787.2678089142, -9.8395280838012695313, 1600425787.2678089142, 150
1600425787.2798089981, 9.7719669342041015625, 1600425787.2988090515, -9.7719669342041015625, 1600425787.2988090515, 150
1600425787.310808897, 9.7719669342041015625, 1600425787.3298089504, -9.7719669342041015625, 1600425787.3298089504, 150
1600425787.3418090343, 9.6748476028442382813, 1600425787.3608088493, -9.6748476028442382813, 1600425787.3608088493, 150
1600425787.3728089333, 9.6748476028442382813, 1600425787.3918089867, -9.6748476028442382813, 1600425787.3918089867, 150
1600425787.4038088322, 9.699245452880859375, 1600425787.4228088856, -9.699245452880859375, 1600425787.4228088856, 150
1600425787.4348089695, 9.6316843032836914063, 1600425787.4538090229, -9.6316843032836914063, 1600425787.4538090229, 150
1600425787.4658088684, 9.699245452880859375, 1600425787.4848089218, -9.699245452880859375, 1600425787.4848089218, 150
1600425787.4968090057, 9.6316843032836914063, 1600425787.5158090591, -9.6316843032836914063, 1600425787.5158090591, 150
1600425787.5278089046, 9.699245452880859375, 1600425787.5468089581, -9.699245452880859375, 1600425787.5468089581, 0
1600425787.558809042, 9.2263174057006835938, 1600425787.577808857, -9.2263174057006835938, 1600425787.577808857, 0
1600425787.5898089409, 8.4155836105346679688, 1600425787.6088089943, -8.4155836105346679688, 1600425787.6088089943, 0
1600425787.6208088398, 7.4697275161743164063, 1600425787.6398088932, -7.4697275161743164063, 1600425787.6398088932, 0
1600425787.6518089771, 6.5534296035766601563, 1600425787.6708090305, -6.5534296035766601563, 1600425787.6708090305, 0
1600425787.682808876, 5.6075739860534667969, 1600425787.7018089294, -5.6075739860534667969, 1600425787.7018089294, 0
1600425787.7138090134, 4.5941572189331054688, 1600425787.7328088284, -4.5941572189331054688, 1600425787.7328088284, 0
1600425787.7448089123, 3.6483011245727539063, 1600425787.7638089657, -3.6483011245727539063, 1600425787.7638089657, 0
1600425787.7758090496, 2.6348841190338134766, 1600425787.7948088646, -2.6348841190338134766, 1600425787.7948088646, 0
1600425787.8068089485, 1.6890282630920410156, 1600425787.8258090019, -1.6890282630920410156, 1600425787.8258090019, 0
1600425787.8378088474, 0.67561131715774536133, 1600425787.8568089008, -0.67561131715774536133, 1600425787.8568089008, 0
1600425787.9018089771, 0.1351222693920135498, 1600425787.9218089581, -0.1351222693920135498, 1600425787.9218089581, 0
1600425787.932808876, -9.7699628284596143693e-16, 1600425787.952808857, 9.7699628284596143693e-16, 1600425787.952808857, 0
1600425787.9638090134, -9.7699628284596143693e-16, 1600425787.9838089943, 9.7699628284596143693e-16, 1600425787.9838089943, 0
1600425787.9948089123, -9.7699628284596143693e-16, 1600425788.0148088932, 9.7699628284596143693e-16, 1600425788.0148088932, 0
1600425788.0258090496, -9.7699628284596143693e-16, 1600425788.0458090305, 9.7699628284596143693e-16, 1600425788.0458090305, 0
1600425788.057808876, -9.7699628284596143693e-16, 1600425788.0768089294, 9.7699628284596143693e-16, 1600425788.0768089294, 0
1600425788.0888090134, -9.7699628284596143693e-16, 1600425788.1078088284, 9.7699628284596143693e-16, 1600425788.1078088284, 0
1600425788.1198089123, -9.7699628284596143693e-16, 1600425788.1388089657, 9.7699628284596143693e-16, 1600425788.1388089657, 0
1600425788.1508090496, -9.7699628284596143693e-16, 1600425788.1698088646, 9.7699628284596143693e-16, 1600425788.1698088646, 0
1600425788.1818089485, -9.7699628284596143693e-16, 1600425788.2008090019, 9.7699628284596143693e-16, 1600425788.2008090019, 0
1600425788.2128088474, -9.7699628284596143693e-16, 1600425788.2318089008, 9.7699628284596143693e-16, 1600425788.2318089008, 0
1600425788.2438089848, -9.7699628284596143693e-16, 1600425788.2628090382, 9.7699628284596143693e-16, 1600425788.2628090382, 0
1600425788.2748088837, -9.7699628284596143693e-16, 1600425788.2938089371, 9.7699628284596143693e-16, 1600425788.2938089371, 0
1600425788.305809021, -9.7699628284596143693e-16, 1600425788.324808836, 9.7699628284596143693e-16, 1600425788.324808836, 0
1600425788.3368089199, -9.7699628284596143693e-16, 1600425788.3558089733, 9.7699628284596143693e-16, 1600425788.3558089733, 0
1600425788.3678090572, -9.7699628284596143693e-16, 1600425788.3868088722, 9.7699628284596143693e-16, 1600425788.3868088722, 0
1600425788.3988089561, -9.7699628284596143693e-16, 1600425788.4178090096, 9.7699628284596143693e-16, 1600425788.4178090096, 0
1600425788.4298088551, -9.7699628284596143693e-16, 1600425788.4488089085, 9.7699628284596143693e-16, 1600425788.4488089085, 0
1600425788.4608089924, -9.7699628284596143693e-16, 1600425788.4798090458, 9.7699628284596143693e-16, 1600425788.4798090458, 0
1600425788.4918088913, -9.7699628284596143693e-16, 1600425788.5108089447, 9.7699628284596143693e-16, 1600425788.5108089447, 0
1600425788.5228090286, -9.7699628284596143693e-16, 1600425788.5418088436, 9.7699628284596143693e-16, 1600425788.5418088436, 0
1600425788.5538089275, -9.7699628284596143693e-16, 1600425788.5728089809, 9.7699628284596143693e-16, 1600425788.5728089809, 0
1600425788.5848088264, -9.7699628284596143693e-16, 1600425788.6038088799, 9.7699628284596143693e-16, 1600425788.6038088799, 0
1600425788.6158089638, -9.7699628284596143693e-16, 1600425788.6348090172, 9.7699628284596143693e-16, 1600425788.6348090172, 0
1600425788.6468088627, -9.7699628284596143693e-16, 1600425788.6658089161, 9.7699628284596143693e-16, 1600425788.6658089161, 0
1600425788.677809, -9.7699628284596143693e-16, 1600425788.6968090534, 9.7699628284596143693e-16, 1600425788.6968090534, 0
1600425788.7088088989, -9.7699628284596143693e-16, 1600425788.7278089523, 9.7699628284596143693e-16, 1600425788.7278089523, 0
1600425788.7398090363, -9.7699628284596143693e-16, 1600425788.7588088512, 9.7699628284596143693e-16, 1600425788.7588088512, 0
1600425788.7708089352, -9.7699628284596143693e-16, 1600425788.7898089886, 9.7699628284596143693e-16, 1600425788.7898089886, 0
1600425788.8018088341, -9.7699628284596143693e-16, 1600425788.8208088875, 9.7699628284596143693e-16, 1600425788.8208088875, 0
1600425788.8328089714, -9.7699628284596143693e-16, 1600425788.8518090248, 9.7699628284596143693e-16, 1600425788.8518090248, 0
1600425788.8638088703, -9.7699628284596143693e-16, 1600425788.8828089237, 9.7699628284596143693e-16, 1600425788.8828089237, 0
1600425788.8948090076, -9.7699628284596143693e-16, 1600425788.9138088226, 9.7699628284596143693e-16, 1600425788.9138088226, 0
1600425788.9258089066, -9.7699628284596143693e-16, 1600425788.94480896, 9.7699628284596143693e-16, 1600425788.94480896, 0
1600425788.9568090439, -9.7699628284596143693e-16, 1600425788.9758088589, 9.7699628284596143693e-16, 1600425788.9758088589, 0
1600425788.9878089428, -9.7699628284596143693e-16, 1600425789.0078089237, 9.7699628284596143693e-16, 1600425789.0078089237, 0
1600425789.0188088417, -9.7699628284596143693e-16, 1600425789.0388088226, 9.7699628284596143693e-16, 1600425789.0388088226, 0
1600425789.049808979, -9.7699628284596143693e-16, 1600425789.06980896, 9.7699628284596143693e-16, 1600425789.06980896, 0
1600425789.0808088779, -9.7699628284596143693e-16, 1600425789.1008088589, 9.7699628284596143693e-16, 1600425789.1008088589, 0
1600425789.1118090153, -9.7699628284596143693e-16, 1600425789.1318089962, 9.7699628284596143693e-16, 1600425789.1318089962, 0
1600425789.1428089142, -9.7699628284596143693e-16, 1600425789.1628088951, 9.7699628284596143693e-16, 1600425789.1628088951, 0
1600425789.1738090515, -9.7699628284596143693e-16, 1600425789.1938090324, 9.7699628284596143693e-16, 1600425789.1938090324, 0
1600425789.2058088779, -9.7699628284596143693e-16, 1600425789.2248089314, 9.7699628284596143693e-16, 1600425789.2248089314, 0
1600425789.2368090153, -9.7699628284596143693e-16, 1600425789.2558088303, 9.7699628284596143693e-16, 1600425789.2558088303, 0
1600425789.2678089142, -9.7699628284596143693e-16, 1600425789.2868089676, 9.7699628284596143693e-16, 1600425789.2868089676, 0
1600425789.2988090515, -9.7699628284596143693e-16, 1600425789.3178088665, 9.7699628284596143693e-16, 1600425789.3178088665, 0
1600425789.3298089504, -9.7699628284596143693e-16, 1600425789.3488090038, 9.7699628284596143693e-16, 1600425789.3488090038, 0
1600425789.3608088493, -9.7699628284596143693e-16, 1600425789.3798089027, 9.7699628284596143693e-16, 1600425789.3798089027, 0
1600425789.3918089867, -9.7699628284596143693e-16, 1600425789.4108090401, 9.7699628284596143693e-16, 1600425789.4108090401, 0
1600425789.4228088856, -9.7699628284596143693e-16, 1600425789.441808939, 9.7699628284596143693e-16, 1600425789.441808939, 0
1600425789.4538090229, -9.7699628284596143693e-16, 1600425789.4728088379, 9.7699628284596143693e-16, 1600425789.4728088379, 0
1600425789.4848089218, -9.7699628284596143693e-16, 1600425789.5038089752, 9.7699628284596143693e-16, 1600425789.5038089752, 0
1600425789.5158090591, -9.7699628284596143693e-16, 1600425789.5348088741, 9.7699628284596143693e-16, 1600425789.5348088741, 0
1600425789.5468089581, -9.7699628284596143693e-16, 1600425789.5658090115, 9.7699628284596143693e-16, 1600425789.5658090115, 0
1600425789.577808857, -9.7699628284596143693e-16, 1600425789.5968089104, 9.7699628284596143693e-16, 1600425789.5968089104, 0
1600425789.6098089218, -9.7699628284596143693e-16, 1600425789.6288089752, 9.7699628284596143693e-16, 1600425789.6288089752, 0
1600425789.6408090591, -9.7699628284596143693e-16, 1600425789.6598088741, 9.7699628284596143693e-16, 1600425789.6598088741, 0
1600425789.6727559566, -9.7699628284596143693e-16, 1600425789.6917560101, 9.7699628284596143693e-16, 1600425789.6917560101, 0
1600425789.7037558556, -9.7699628284596143693e-16, 1600425789.7237558365, 9.7699628284596143693e-16, 1600425789.7237558365, 0
1600425789.7347559929, -9.7699628284596143693e-16, 1600425789.7547559738, 9.7699628284596143693e-16, 1600425789.7547559738, 0
1600425789.7657558918, -9.7699628284596143693e-16, 1600425789.7857558727, 9.7699628284596143693e-16, 1600425789.7857558727, 0
1600425789.7967560291, -9.7699628284596143693e-16, 1600425789.8167560101, 9.7699628284596143693e-16, 1600425789.8167560101, 0
1600425789.827755928, -9.7699628284596143693e-16, 1600425789.847755909, 9.7699628284596143693e-16, 1600425789.847755909, 0
1600425789.858755827, -9.7699628284596143693e-16, 1600425789.8787558079, 9.7699628284596143693e-16, 1600425789.8787558079, 0
1600425789.8897559643, -9.7699628284596143693e-16, 1600425789.9097559452, 9.7699628284596143693e-16, 1600425789.9097559452, 0
1600425789.9547560215, -9.7699628284596143693e-16, 1600425789.9737558365, 9.7699628284596143693e-16, 1600425789.9737558365, 0
1600425789.9857559204, -9.7699628284596143693e-16, 1600425790.0047559738, 9.7699628284596143693e-16, 1600425790.0047559738, 0
1600425790.0167558193, -9.7699628284596143693e-16, 1600425790.0357558727, 9.7699628284596143693e-16, 1600425790.0357558727, 0
1600425790.0477559566, -9.7699628284596143693e-16, 1600425790.0667560101, 9.7699628284596143693e-16, 1600425790.0667560101, 0
1600425790.0787558556, -9.7699628284596143693e-16, 1600425790.097755909, 9.7699628284596143693e-16, 1600425790.097755909, 0
1600425790.1097559929, -9.7699628284596143693e-16, 1600425790.1287558079, 9.7699628284596143693e-16, 1600425790.1287558079, 0
1600425790.1407558918, -9.7699628284596143693e-16, 1600425790.1597559452, 9.7699628284596143693e-16, 1600425790.1597559452, 0
1600425790.1717560291, -9.7699628284596143693e-16, 1600425790.1907558441, 9.7699628284596143693e-16, 1600425790.1907558441, 0
1600425790.202755928, -9.7699628284596143693e-16, 1600425790.2217559814, 9.7699628284596143693e-16, 1600425790.2217559814, 0
1600425790.233755827, -9.7699628284596143693e-16, 1600425790.2527558804, 9.7699628284596143693e-16, 1600425790.2527558804, 0
1600425790.2647559643, -9.7699628284596143693e-16, 1600425790.2837560177, 9.7699628284596143693e-16, 1600425790.2837560177, 0
1600425790.2957558632, -9.7699628284596143693e-16, 1600425790.3147559166, 9.7699628284596143693e-16, 1600425790.3147559166, 0
1600425790.3267560005, -9.7699628284596143693e-16, 1600425790.3457558155, 9.7699628284596143693e-16, 1600425790.3457558155, 0
1600425790.3577558994, -9.7699628284596143693e-16, 1600425790.3767559528, 9.7699628284596143693e-16, 1600425790.3767559528, 0
1600425790.3887560368, -9.7699628284596143693e-16, 1600425790.4077558517, 9.7699628284596143693e-16, 1600425790.4077558517, 0
1600425790.4197559357, -9.7699628284596143693e-16, 1600425790.4387559891, 9.7699628284596143693e-16, 1600425790.4387559891, 0
1600425790.4507558346, -9.7699628284596143693e-16, 1600425790.469755888, 9.7699628284596143693e-16, 1600425790.469755888, 0
1600425790.4817559719, -9.7699628284596143693e-16, 1600425790.5007560253, 9.7699628284596143693e-16, 1600425790.5007560253, 0
1600425790.5127558708, -9.7699628284596143693e-16, 1600425790.5317559242, 9.7699628284596143693e-16, 1600425790.5317559242, 0
1600425790.5437560081, -9.7699628284596143693e-16, 1600425790.5627558231, 9.7699628284596143693e-16, 1600425790.5627558231, 0
1600425790.5747559071, -9.7699628284596143693e-16, 1600425790.594755888, 9.7699628284596143693e-16, 1600425790.594755888, 0
1600425790.605755806, -9.7699628284596143693e-16, 1600425790.6257560253, 9.7699628284596143693e-16, 1600425790.6257560253, 0
1600425790.6367559433, -9.7699628284596143693e-16, 1600425790.6567559242, 9.7699628284596143693e-16, 1600425790.6567559242, 0
1600425790.6677558422, -9.7699628284596143693e-16, 1600425790.6877558231, 9.7699628284596143693e-16, 1600425790.6877558231, 0
1600425790.6987559795, -9.7699628284596143693e-16, 1600425790.7187559605, 9.7699628284596143693e-16, 1600425790.7187559605, 0
1600425790.7297558784, -9.7699628284596143693e-16, 1600425790.7497558594, 9.7699628284596143693e-16, 1600425790.7497558594, 0
1600425790.7607560158, -9.7699628284596143693e-16, 1600425790.7807559967, 9.7699628284596143693e-16, 1600425790.7807559967, 0
1600425790.7927558422, -9.7699628284596143693e-16, 1600425790.8117558956, 9.7699628284596143693e-16, 1600425790.8117558956, 0
1600425790.8237559795, -9.7699628284596143693e-16, 1600425790.8427560329, 9.7699628284596143693e-16, 1600425790.8427560329, 0
1600425790.8547558784, -9.7699628284596143693e-16, 1600425790.8737559319, 9.7699628284596143693e-16, 1600425790.8737559319, 0
1600425790.8857560158, -9.7699628284596143693e-16, 1600425790.9047558308, 9.7699628284596143693e-16, 1600425790.9047558308, 0
1600425790.9167559147, -9.7699628284596143693e-16, 1600425790.9357559681, 9.7699628284596143693e-16, 1600425790.9357559681, 0
1600425790.9477558136, -9.7699628284596143693e-16, 1600425790.966755867, 9.7699628284596143693e-16, 1600425790.966755867, 0
1600425790.9787559509, -9.7699628284596143693e-16, 1600425790.9977560043, 9.7699628284596143693e-16, 1600425790.9977560043, 0
1600425791.0097558498, -9.7699628284596143693e-16, 1600425791.0287559032, 9.7699628284596143693e-16, 1600425791.0287559032, 0
1600425791.0407559872, -9.7699628284596143693e-16, 1600425791.0597558022, 9.7699628284596143693e-16, 1600425791.0597558022, 0
1600425791.0717558861, -9.7699628284596143693e-16, 1600425791.0907559395, 9.7699628284596143693e-16, 1600425791.0907559395, 0
1600425791.1027560234, -9.7699628284596143693e-16, 1600425791.1217558384, 9.7699628284596143693e-16, 1600425791.1217558384, 0
1600425791.1337559223, -9.7699628284596143693e-16, 1600425791.1527559757, 9.7699628284596143693e-16, 1600425791.1527559757, 0
1600425791.1647558212, -9.7699628284596143693e-16, 1600425791.1837558746, 9.7699628284596143693e-16, 1600425791.1837558746, 0
1600425791.1957559586, -9.7699628284596143693e-16, 1600425791.214756012, 9.7699628284596143693e-16, 1600425791.214756012, 0
1600425791.2267558575, -9.7699628284596143693e-16, 1600425791.2457559109, 9.7699628284596143693e-16, 1600425791.2457559109, 0
1600425791.2577559948, -9.7699628284596143693e-16, 1600425791.2767558098, 9.7699628284596143693e-16, 1600425791.2767558098, 0
1600425791.2887558937, -9.7699628284596143693e-16, 1600425791.3077559471, 9.7699628284596143693e-16, 1600425791.3077559471, 0
1600425791.319756031, -9.7699628284596143693e-16, 1600425791.338755846, 9.7699628284596143693e-16, 1600425791.338755846, 0
1600425791.3507559299, -9.7699628284596143693e-16, 1600425791.3697559834, 9.7699628284596143693e-16, 1600425791.3697559834, 0
1600425791.3817558289, -9.7699628284596143693e-16, 1600425791.4007558823, 9.7699628284596143693e-16, 1600425791.4007558823, 0
1600425791.4127559662, -9.7699628284596143693e-16, 1600425791.4317560196, 9.7699628284596143693e-16, 1600425791.4317560196, 0
1600425791.4437558651, -9.7699628284596143693e-16, 1600425791.4627559185, 9.7699628284596143693e-16, 1600425791.4627559185, 0
1600425791.4747560024, -9.7699628284596143693e-16, 1600425791.4937558174, 9.7699628284596143693e-16, 1600425791.4937558174, 0
1600425791.5057559013, -9.7699628284596143693e-16, 1600425791.5247559547, 9.7699628284596143693e-16, 1600425791.5247559547, 0
1600425791.5367560387, -9.7699628284596143693e-16, 1600425791.5557558537, 9.7699628284596143693e-16, 1600425791.5557558537, 0
1600425791.5677559376, -9.7699628284596143693e-16, 1600425791.586755991, 9.7699628284596143693e-16, 1600425791.586755991, 0
1600425791.5987558365, -9.7699628284596143693e-16, 1600425791.6177558899, 9.7699628284596143693e-16, 1600425791.6177558899, 0
1600425791.6297559738, -9.7699628284596143693e-16, 1600425791.6487560272, 9.7699628284596143693e-16, 1600425791.6487560272, 0
1600425791.6607558727, -9.7699628284596143693e-16, 1600425791.6797559261, 9.7699628284596143693e-16, 1600425791.6797559261, 0
1600425791.6917560101, -9.7699628284596143693e-16, 1600425791.710755825, 9.7699628284596143693e-16, 1600425791.710755825, 0
1600425791.722755909, -9.7699628284596143693e-16, 1600425791.7427558899, 9.7699628284596143693e-16, 1600425791.7427558899, 0
1600425791.7537558079, -9.7699628284596143693e-16, 1600425791.7737560272, 9.7699628284596143693e-16, 1600425791.7737560272, 0
1600425791.7847559452, -9.7699628284596143693e-16, 1600425791.8047559261, 9.7699628284596143693e-16, 1600425791.8047559261, 0
1600425791.8157558441, -9.7699628284596143693e-16, 1600425791.835755825, 9.7699628284596143693e-16, 1600425791.835755825, 0
1600425791.8467559814, -9.7699628284596143693e-16, 1600425791.8667559624, 9.7699628284596143693e-16, 1600425791.8667559624, 0
1600425791.8777558804, -9.7699628284596143693e-16, 1600425791.8977558613, 9.7699628284596143693e-16, 1600425791.8977558613, 0
1600425791.9087560177, -9.7699628284596143693e-16, 1600425791.9287559986, 9.7699628284596143693e-16, 1600425791.9287559986, 0
1600425791.9397559166, -9.7699628284596143693e-16, 1600425791.9597558975, 9.7699628284596143693e-16, 1600425791.9597558975, 0
1600425792.0047559738, -9.7699628284596143693e-16, 1600425792.0237560272, 9.7699628284596143693e-16, 1600425792.0237560272, 0
1600425792.0357558727, -9.7699628284596143693e-16, 1600425792.0547559261, 9.7699628284596143693e-16, 1600425792.0547559261, 0
1600425792.0667560101, -9.7699628284596143693e-16, 1600425792.085755825, 9.7699628284596143693e-16, 1600425792.085755825, 0
1600425792.1007559299, -9.7699628284596143693e-16, 1600425792.1207559109, 9.7699628284596143693e-16, 1600425792.1207559109, 0
1600425792.1337559223, -9.7699628284596143693e-16, 1600425792.1527559757, 9.7699628284596143693e-16, 1600425792.1527559757, 0
