# /joint_state/header/stamp, /joint_state/velocity/0, /pid_left_state/header/stamp, /pid_left_state/error, /pid_left_state/header/stamp, /pid_left_state/output
1600456068.3223810196, 1.7097434579227410723e-14, 1600456068.3103811741, -1.7097434579227410723e-14, 1600456068.3103811741, -1.2823075934420558042e-13
1600456068.3533811569, 1.7097434579227410723e-14, 1600456068.341381073, -1.7097434579227410723e-14, 1600456068.341381073, -1.2823075934420558042e-13
1600456068.3843810558, 1.7097434579227410723e-14, 1600456068.3723809719, -1.7097434579227410723e-14, 1600456068.3723809719, -1.2823075934420558042e-13
1600456068.4153811932, 1.7097434579227410723e-14, 1600456068.4033811092, -1.7097434579227410723e-14, 1600456068.4033811092, -1.2823075934420558042e-13
1600456068.4463810921, 1.7097434579227410723e-14, 1600456068.4343810081, -1.7097434579227410723e-14, 1600456068.4343810081, -1.2823075934420558042e-13
1600456068.477380991, 1.7097434579227410723e-14, 1600456068.4653811455, -1.7097434579227410723e-14, 1600456068.4653811455, -1.2823075934420558042e-13
1600456068.5083811283, 1.7097434579227410723e-14, 1600456068.4963810444, -1.7097434579227410723e-14, 1600456068.4963810444, -1.2823075934420558042e-13
1600456068.5393810272, 1.7097434579227410723e-14, 1600456068.5273811817, -1.7097434579227410723e-14, 1600456068.5273811817, -1.2823075934420558042e-13
1600456068.5703811646, 1.7097434579227410723e-14, 1600456068.5583810806, -1.7097434579227410723e-14, 1600456068.5583810806, -1.2823075934420558042e-13
1600456068.6013810635, 1.7097434579227410723e-14, 1600456068.5893809795, -1.7097434579227410723e-14, 1600456068.5893809795, -1.2823075934420558042e-13
1600456068.6323809624, 1.7097434579227410723e-14, 1600456068.6203811169, -1.7097434579227410723e-14, 1600456068.6203811169, -1.2823075934420558042e-13
1600456068.6633810997, 1.7097434579227410723e-14, 1600456068.6513810158, -1.7097434579227410723e-14, 1600456068.6513810158, -1.2823075934420558042e-13
1600456068.6943809986, 1.7097434579227410723e-14, 1600456068.6823811531, -1.7097434579227410723e-14, 1600456068.6823811531, -1.2823075934420558042e-13
1600456068.7253811359, 1.7097434579227410723e-14, 1600456068.713381052, -1.7097434579227410723e-14, 1600456068.713381052, -1.2823075934420558042e-13
1600456068.7563810349, 1.7097434579227410723e-14, 1600456068.7443811893, -1.7097434579227410723e-14, 1600456068.7443811893, -1.2823075934420558042e-13
1600456068.7873811722, 1.7097434579227410723e-14, 1600456068.7753810883, -1.7097434579227410723e-14, 1600456068.7753810883, -1.2823075934420558042e-13
1600456068.8183810711, 1.7097434579227410723e-14, 1600456068.8063809872, -1.7097434579227410723e-14, 1600456068.8063809872, -1.2823075934420558042e-13
1600456068.84938097, 1.7097434579227410723e-14, 1600456068.8373811245, -1.7097434579227410723e-14, 1600456068.8373811245, -1.2823075934420558042e-13
1600456068.8803811073, 1.7097434579227410723e-14, 1600456068.8683810234, -1.7097434579227410723e-14, 1600456068.8683810234, -1.2823075934420558042e-13
1600456068.9113810062, 1.7097434579227410723e-14, 1600456068.8993811607, -1.7097434579227410723e-14, 1600456068.8993811607, -1.2823075934420558042e-13
1600456068.9423811436, 1.7097434579227410723e-14, 1600456068.9313809872, -1.7097434579227410723e-14, 1600456068.9313809872, -1.2823075934420558042e-13
1600456068.9733810425, 1.7097434579227410723e-14, 1600456068.9623811245, -1.7097434579227410723e-14, 1600456068.9623811245, -1.2823075934420558042e-13
1600456069.0043811798, 1.7097434579227410723e-14, 1600456068.9933810234, -1.7097434579227410723e-14, 1600456068.9933810234, -1.2823075934420558042e-13
1600456069.0353810787, 1.7097434579227410723e-14, 1600456069.0243811607, -1.7097434579227410723e-14, 1600456069.0243811607, -1.2823075934420558042e-13
1600456069.1003811359, 1.7097434579227410723e-14, 1600456069.0553810596, -1.7097434579227410723e-14, 1600456069.0553810596, -1.2823075934420558042e-13
1600456069.1313810349, 1.7097434579227410723e-14, 1600456069.1193811893, -1.7097434579227410723e-14, 1600456069.1193811893, -1.2823075934420558042e-13
1600456069.1623811722, 1.7097434579227410723e-14, 1600456069.1503810883, -1.7097434579227410723e-14, 1600456069.1503810883, -1.2823075934420558042e-13
1600456069.1933810711, 1.7097434579227410723e-14, 1600456069.1813809872, -1.7097434579227410723e-14, 1600456069.1813809872, -1.2823075934420558042e-13
1600456069.22438097, 1.7097434579227410723e-14, 1600456069.2123811245, -1.7097434579227410723e-14, 1600456069.2123811245, -1.2823075934420558042e-13
1600456069.2553811073, 1.7097434579227410723e-14, 1600456069.2433810234, -1.7097434579227410723e-14, 1600456069.2433810234, -1.2823075934420558042e-13
1600456069.2863810062, 1.7097434579227410723e-14, 1600456069.2743811607, -1.7097434579227410723e-14, 1600456069.2743811607, -1.2823075934420558042e-13
1600456069.3173811436, 1.7097434579227410723e-14, 1600456069.3053810596, -1.7097434579227410723e-14, 1600456069.3053810596, -1.2823075934420558042e-13
1600456069.3483810425, 1.7097434579227410723e-14, 1600456069.336381197, -1.7097434579227410723e-14, 1600456069.336381197, -1.2823075934420558042e-13
1600456069.3793811798, 1.7097434579227410723e-14, 1600456069.3673810959, -1.7097434579227410723e-14, 1600456069.3673810959, -1.2823075934420558042e-13
1600456069.4103810787, 1.7097434579227410723e-14, 1600456069.3983809948, -1.7097434579227410723e-14, 1600456069.3983809948, -1.2823075934420558042e-13
1600456069.4413809776, 1.7097434579227410723e-14, 1600456069.4293811321, -1.7097434579227410723e-14, 1600456069.4293811321, -1.2823075934420558042e-13
1600456069.472381115, 1.7097434579227410723e-14, 1600456069.460381031, -1.7097434579227410723e-14, 1600456069.460381031, -1.2823075934420558042e-13
1600456069.5033810139, 1.7097434579227410723e-14, 1600456069.4913811684, -1.7097434579227410723e-14, 1600456069.4913811684, -1.2823075934420558042e-13
1600456069.5343811512, 1.7097434579227410723e-14, 1600456069.5223810673, -1.7097434579227410723e-14, 1600456069.5223810673, -1.2823075934420558042e-13
1600456069.5653810501, 1.7097434579227410723e-14, 1600456069.5533809662, -1.7097434579227410723e-14, 1600456069.5533809662, -1.2823075934420558042e-13
1600456069.5983810425, 1.7097434579227410723e-14, 1600456069.5843811035, -1.7097434579227410723e-14, 1600456069.5843811035, -1.2823075934420558042e-13
1600456069.6293840408, 1.7097434579227410723e-14, 1600456069.6173810959, -1.7097434579227410723e-14, 1600456069.6173810959, -1.2823075934420558042e-13
1600456069.6603839397, 1.7097434579227410723e-14, 1600456069.6483838558, -1.7097434579227410723e-14, 1600456069.6483838558, -1.2823075934420558042e-13
1600456069.6913840771, 1.7097434579227410723e-14, 1600456069.6793839931, -1.7097434579227410723e-14, 1600456069.6793839931, -1.2823075934420558042e-13
1600456069.722383976, 1.7097434579227410723e-14, 1600456069.7103838921, -1.7097434579227410723e-14, 1600456069.7103838921, -1.2823075934420558042e-13
1600456069.7533838749, 1.7097434579227410723e-14, 1600456069.7413840294, -1.7097434579227410723e-14, 1600456069.7413840294, -1.2823075934420558042e-13
1600456069.7843840122, 1.7097434579227410723e-14, 1600456069.7723839283, -1.7097434579227410723e-14, 1600456069.7723839283, -1.2823075934420558042e-13
1600456069.8153839111, 1.7097434579227410723e-14, 1600456069.8033840656, -1.7097434579227410723e-14, 1600456069.8033840656, -1.2823075934420558042e-13
1600456069.8463840485, 1.7097434579227410723e-14, 1600456069.8343839645, -1.7097434579227410723e-14, 1600456069.8343839645, -1.2823075934420558042e-13
1600456069.8773839474, 1.7097434579227410723e-14, 1600456069.8653838634, -1.7097434579227410723e-14, 1600456069.8653838634, -1.2823075934420558042e-13
1600456069.9083840847, 1.7097434579227410723e-14, 1600456069.8963840008, -1.7097434579227410723e-14, 1600456069.8963840008, -1.2823075934420558042e-13
1600456069.9393839836, 1.7097434579227410723e-14, 1600456069.9273838997, -1.7097434579227410723e-14, 1600456069.9273838997, -1.2823075934420558042e-13
1600456069.9703838825, 1.7097434579227410723e-14, 1600456069.958384037, -1.7097434579227410723e-14, 1600456069.958384037, -1.2823075934420558042e-13
1600456070.0013840199, 1.7097434579227410723e-14, 1600456069.9893839359, -1.7097434579227410723e-14, 1600456069.9893839359, -1.2823075934420558042e-13
1600456070.0323839188, 1.7097434579227410723e-14, 1600456070.0203840733, -1.7097434579227410723e-14, 1600456070.0203840733, -1.2823075934420558042e-13
1600456070.0633840561, 1.7097434579227410723e-14, 1600456070.0513839722, -1.7097434579227410723e-14, 1600456070.0513839722, -1.2823075934420558042e-13
1600456070.094383955, 1.7097434579227410723e-14, 1600456070.0823838711, -1.7097434579227410723e-14, 1600456070.0823838711, -1.2823075934420558042e-13
1600456070.1253840923, 1.7097434579227410723e-14, 1600456070.1133840084, -1.7097434579227410723e-14, 1600456070.1133840084, -1.2823075934420558042e-13
1600456070.1563839912, 1.7097434579227410723e-14, 1600456070.1443839073, -1.7097434579227410723e-14, 1600456070.1443839073, -1.2823075934420558042e-13
1600456070.1873838902, 1.7097434579227410723e-14, 1600456070.1753840446, -1.7097434579227410723e-14, 1600456070.1753840446, -1.2823075934420558042e-13
1600456070.2183840275, 1.7097434579227410723e-14, 1600456070.2063839436, -1.7097434579227410723e-14, 1600456070.2063839436, -1.2823075934420558042e-13
1600456070.2493839264, 1.7097434579227410723e-14, 1600456070.2373840809, -1.7097434579227410723e-14, 1600456070.2373840809, -1.2823075934420558042e-13
1600456070.2803840637, 1.7097434579227410723e-14, 1600456070.2683839798, -1.7097434579227410723e-14, 1600456070.2683839798, -1.2823075934420558042e-13
1600456070.3113839626, 1.7097434579227410723e-14, 1600456070.2993838787, -1.7097434579227410723e-14, 1600456070.2993838787, -1.2823075934420558042e-13
1600456070.3423838615, 1.7097434579227410723e-14, 1600456070.330384016, -1.7097434579227410723e-14, 1600456070.330384016, -1.2823075934420558042e-13
1600456070.3733839989, 1.7097434579227410723e-14, 1600456070.3613839149, -1.7097434579227410723e-14, 1600456070.3613839149, -1.2823075934420558042e-13
1600456070.4043838978, 1.7097434579227410723e-14, 1600456070.3923840523, -1.7097434579227410723e-14, 1600456070.3923840523, -1.2823075934420558042e-13
1600456070.4353840351, 1.7097434579227410723e-14, 1600456070.4233839512, -1.7097434579227410723e-14, 1600456070.4233839512, -1.2823075934420558042e-13
1600456070.466383934, 1.7097434579227410723e-14, 1600456070.4543840885, -1.7097434579227410723e-14, 1600456070.4543840885, -1.2823075934420558042e-13
1600456070.4973840714, 1.7097434579227410723e-14, 1600456070.4853839874, -1.7097434579227410723e-14, 1600456070.4853839874, -1.2823075934420558042e-13
1600456070.5283839703, 1.7097434579227410723e-14, 1600456070.5173840523, -1.7097434579227410723e-14, 1600456070.5173840523, -1.2823075934420558042e-13
1600456070.5593838692, 1.7097434579227410723e-14, 1600456070.5483839512, -1.7097434579227410723e-14, 1600456070.5483839512, -1.2823075934420558042e-13
1600456070.5903840065, 1.7097434579227410723e-14, 1600456070.5793840885, -1.7097434579227410723e-14, 1600456070.5793840885, -1.2823075934420558042e-13
1600456070.6213839054, 1.7097434579227410723e-14, 1600456070.6103839874, -1.7097434579227410723e-14, 1600456070.6103839874, -1.2823075934420558042e-13
1600456070.6523840427, 1.7097434579227410723e-14, 1600456070.6413838863, -1.7097434579227410723e-14, 1600456070.6413838863, -1.2823075934420558042e-13
1600456070.6833839417, 1.7097434579227410723e-14, 1600456070.6723840237, -1.7097434579227410723e-14, 1600456070.6723840237, -1.2823075934420558042e-13
1600456070.7153840065, 1.7097434579227410723e-14, 1600456070.7033839226, -1.7097434579227410723e-14, 1600456070.7033839226, -1.2823075934420558042e-13
1600456070.7463839054, 1.7097434579227410723e-14, 1600456070.7343840599, -1.7097434579227410723e-14, 1600456070.7343840599, -1.2823075934420558042e-13
1600456070.7773840427, 1.7097434579227410723e-14, 1600456070.7653839588, -1.7097434579227410723e-14, 1600456070.7653839588, -1.2823075934420558042e-13
1600456070.8083839417, 1.7097434579227410723e-14, 1600456070.7963838577, -1.7097434579227410723e-14, 1600456070.7963838577, -1.2823075934420558042e-13
1600456070.839384079, 1.7097434579227410723e-14, 1600456070.8273839951, -1.7097434579227410723e-14, 1600456070.8273839951, -1.2823075934420558042e-13
1600456070.8703839779, 1.7097434579227410723e-14, 1600456070.858383894, -1.7097434579227410723e-14, 1600456070.858383894, -1.2823075934420558042e-13
1600456070.9013838768, 1.7097434579227410723e-14, 1600456070.8893840313, -1.7097434579227410723e-14, 1600456070.8893840313, -1.2823075934420558042e-13
1600456070.9323840141, 1.7097434579227410723e-14, 1600456070.9203839302, -1.7097434579227410723e-14, 1600456070.9203839302, -1.2823075934420558042e-13
1600456070.963383913, 1.7097434579227410723e-14, 1600456070.9513840675, 5, 1600456070.9513840675, -1.2823075934420558042e-13
1600456070.9943840504, 0.067561134696006774902, 1600456070.9823839664, 5, 1600456070.9823839664, 37.5
1600456071.0253839493, 0.20268340408802032471, 1600456071.0133838654, 4.9324388504028320313, 1600456071.0133838654, 37.5
1600456071.0563840866, 0.40536680817604064941, 1600456071.0443840027, 4.7973165512084960938, 1600456071.0443840027, 37.5
1600456071.0873839855, 0.60805016756057739258, 1600456071.0753839016, 4.5946331024169921875, 1600456071.0753839016, 37.5
1600456071.1513838768, 0.80439972877502441406, 1600456071.1063840389, 4.3919496536254882813, 1600456071.1063840389, 32.939624786376953125
1600456071.1823840141, 0.93952196836471557617, 1600456071.1703839302, 4.1956000328063964844, 1600456071.1703839302, 32.939624786376953125
1600456071.213383913, 1.142205357551574707, 1600456071.2013840675, 4.06047821044921875, 1600456071.2013840675, 32.939624786376953125
1600456071.2443840504, 1.2773276567459106445, 1600456071.2323839664, 3.8577945232391357422, 1600456071.2323839664, 28.933460235595703125
1600456071.2753839493, 1.4800111055374145508, 1600456071.2633838654, 3.7226722240447998047, 1600456071.2633838654, 28.933460235595703125
1600456071.3063840866, 1.6151332855224609375, 1600456071.2943840027, 3.519989013671875, 1600456071.2943840027, 28.933460235595703125
1600456071.3373839855, 1.6826944351196289063, 1600456071.3253839016, 3.3848667144775390625, 1600456071.3253839016, 28.933460235595703125
1600456071.3683838844, 1.6826944351196289063, 1600456071.3563840389, 3.3173055648803710938, 1600456071.3563840389, 24.879791259765625
1600456071.3993840218, 1.6151332855224609375, 1600456071.3883838654, 3.3173055648803710938, 1600456071.3883838654, 24.879791259765625
1600456071.4303839207, 1.5475721359252929688, 1600456071.4193840027, 3.3848667144775390625, 1600456071.4193840027, 24.879791259765625
1600456071.4623839855, 1.4863449335098266602, 1600456071.4503839016, 3.4524278640747070313, 1600456071.4503839016, 24.879791259765625
1600456071.4923839569, 1.4863449335098266602, 1600456071.4813840389, 3.5136551856994628906, 1600456071.4813840389, 26.352413177490234375
1600456071.5233838558, 1.4187837839126586914, 1600456071.5123839378, 3.5136551856994628906, 1600456071.5123839378, 26.352413177490234375
1600456071.5553839207, 1.4187837839126586914, 1600456071.5433840752, 3.5812163352966308594, 1600456071.5433840752, 26.352413177490234375
1600456071.586384058, 1.3512226343154907227, 1600456071.5743839741, 3.5812163352966308594, 1600456071.5743839741, 26.352413177490234375
1600456071.6173839569, 1.3512226343154907227, 1600456071.605383873, 3.6487772464752197266, 1600456071.605383873, 27.3658294677734375
1600456071.6483838558, 1.3512226343154907227, 1600456071.6363840103, 3.6487772464752197266, 1600456071.6363840103, 27.3658294677734375
1600456071.6793839931, 1.3512226343154907227, 1600456071.6673839092, 3.6487772464752197266, 1600456071.6673839092, 27.3658294677734375
1600456071.7103838921, 1.3512226343154907227, 1600456071.6983840466, 3.6487772464752197266, 1600456071.6983840466, 27.3658294677734375
1600456071.7443840504, 1.3956199884414672852, 1600456071.7293839455, 3.6487772464752197266, 1600456071.7293839455, 27.3658294677734375
1600456071.7753839493, 1.3956199884414672852, 1600456071.7633838654, 3.6043801307678222656, 1600456071.7633838654, 27.3658294677734375
1600456071.8063840866, 1.3956199884414672852, 1600456071.7943840027, 3.6043801307678222656, 1600456071.7943840027, 27.3658294677734375
1600456071.8373839855, 1.3956199884414672852, 1600456071.8253839016, 3.6043801307678222656, 1600456071.8253839016, 27.3658294677734375
1600456071.8683838844, 1.3956199884414672852, 1600456071.8563840389, 3.6043801307678222656, 1600456071.8563840389, 27.032850265502929688
1600456071.8993840218, 1.3956199884414672852, 1600456071.8873839378, 3.6043801307678222656, 1600456071.8873839378, 27.032850265502929688
1600456071.9303839207, 1.3956199884414672852, 1600456071.9183840752, 3.6043801307678222656, 1600456071.9183840752, 27.032850265502929688
1600456071.961384058, 1.3956199884414672852, 1600456071.9493839741, 3.6043801307678222656, 1600456071.9493839741, 27.032850265502929688
1600456071.9923839569, 1.4631811380386352539, 1600456071.980383873, 3.6043801307678222656, 1600456071.980383873, 27.032850265502929688
1600456072.0233838558, 1.4631811380386352539, 1600456072.0123839378, 3.5368189811706542969, 1600456072.0123839378, 27.032850265502929688
1600456072.0543839931, 1.4187837839126586914, 1600456072.0433840752, 3.5368189811706542969, 1600456072.0433840752, 27.032850265502929688
1600456072.086384058, 1.4187837839126586914, 1600456072.0743839741, 3.5812163352966308594, 1600456072.0743839741, 27.032850265502929688
1600456072.1183838844, 1.4105945825576782227, 1600456072.105383873, 3.5812163352966308594, 1600456072.105383873, 26.859121322631835938
1600456072.1493840218, 1.4105945825576782227, 1600456072.1373839378, 3.5894055366516113281, 1600456072.1373839378, 26.859121322631835938
1600456072.1803839207, 1.4105945825576782227, 1600456072.1683840752, 3.5894055366516113281, 1600456072.1683840752, 26.859121322631835938
1600456072.211384058, 1.4105945825576782227, 1600456072.1993839741, 3.5894055366516113281, 1600456072.1993839741, 26.859121322631835938
1600456072.2423839569, 1.4105945825576782227, 1600456072.230383873, 3.5894055366516113281, 1600456072.230383873, 26.920541763305664063
1600456072.2733838558, 1.4105945825576782227, 1600456072.2613840103, 3.5894055366516113281, 1600456072.2613840103, 26.920541763305664063
1600456072.3043839931, 1.3430334329605102539, 1600456072.2923839092, 3.5894055366516113281, 1600456072.2923839092, 26.920541763305664063
1600456072.3353838921, 1.3430334329605102539, 1600456072.3233840466, 3.6569666862487792969, 1600456072.3233840466, 26.920541763305664063
1600456072.3663840294, 1.3430334329605102539, 1600456072.3543839455, 3.6569666862487792969, 1600456072.3543839455, 27.427249908447265625
1600456072.3973839283, 1.3430334329605102539, 1600456072.3853840828, 3.6569666862487792969, 1600456072.3853840828, 27.427249908447265625
1600456072.4283840656, 1.3512226343154907227, 1600456072.4163839817, 3.6569666862487792969, 1600456072.4163839817, 27.427249908447265625
1600456072.4593839645, 1.3512226343154907227, 1600456072.4473838806, 3.6487772464752197266, 1600456072.4473838806, 27.427249908447265625
1600456072.4903838634, 1.3512226343154907227, 1600456072.4783840179, 3.6487772464752197266, 1600456072.4783840179, 27.3658294677734375
1600456072.5213840008, 1.3512226343154907227, 1600456072.5093839169, 3.6487772464752197266, 1600456072.5093839169, 27.3658294677734375
1600456072.5523838997, 1.3512226343154907227, 1600456072.5403840542, 3.6487772464752197266, 1600456072.5403840542, 27.3658294677734375
1600456072.583384037, 1.3512226343154907227, 1600456072.5713839531, 3.6487772464752197266, 1600456072.5713839531, 27.3658294677734375
1600456072.6143839359, 1.3512226343154907227, 1600456072.6023840904, 3.6487772464752197266, 1600456072.6023840904, 27.3658294677734375
1600456072.6453840733, 1.3512226343154907227, 1600456072.6333839893, 3.6487772464752197266, 1600456072.6333839893, 27.3658294677734375
1600456072.6763839722, 1.3512226343154907227, 1600456072.6643838882, 3.6487772464752197266, 1600456072.6643838882, 27.3658294677734375
1600456072.7073838711, 1.4187837839126586914, 1600456072.6953840256, 3.6487772464752197266, 1600456072.6953840256, 27.3658294677734375
1600456072.7383840084, 1.4187837839126586914, 1600456072.7273840904, 3.5812163352966308594, 1600456072.7273840904, 26.859121322631835938
1600456072.7693839073, 1.4187837839126586914, 1600456072.7583839893, 3.5812163352966308594, 1600456072.7583839893, 26.859121322631835938
1600456072.8003840446, 1.4187837839126586914, 1600456072.7893838882, 3.5812163352966308594, 1600456072.7893838882, 26.859121322631835938
1600456072.8323838711, 1.4187837839126586914, 1600456072.8203840256, 3.5812163352966308594, 1600456072.8203840256, 26.859121322631835938
1600456072.8623840809, 1.4187837839126586914, 1600456072.8513839245, 3.5812163352966308594, 1600456072.8513839245, 26.859121322631835938
1600456072.8943839073, 1.4187837839126586914, 1600456072.8823840618, 3.5812163352966308594, 1600456072.8823840618, 26.859121322631835938
1600456072.9253840446, 1.4187837839126586914, 1600456072.9133839607, 3.5812163352966308594, 1600456072.9133839607, 26.859121322631835938
1600456072.9563839436, 1.4187837839126586914, 1600456072.9443838596, 3.5812163352966308594, 1600456072.9443838596, 26.859121322631835938
1600456072.9873840809, 1.4187837839126586914, 1600456072.975383997, 3.5812163352966308594, 1600456072.975383997, 26.859121322631835938
1600456073.0183839798, 1.3512226343154907227, 1600456073.0063838959, 3.5812163352966308594, 1600456073.0063838959, 26.859121322631835938
1600456073.0493838787, 1.3512226343154907227, 1600456073.0373840332, 3.6487772464752197266, 1600456073.0373840332, 26.859121322631835938
1600456073.080384016, 1.3512226343154907227, 1600456073.0683839321, 3.6487772464752197266, 1600456073.0683839321, 26.859121322631835938
1600456073.1113839149, 1.3470001220703125, 1600456073.0993840694, 3.6487772464752197266, 1600456073.0993840694, 27.3658294677734375
1600456073.1423840523, 1.3470001220703125, 1600456073.1303839684, 3.6529998779296875, 1600456073.1303839684, 27.3658294677734375
1600456073.2063839436, 1.3427774906158447266, 1600456073.1613838673, 3.6529998779296875, 1600456073.1613838673, 27.3658294677734375
1600456073.2373840809, 1.3427774906158447266, 1600456073.225383997, 3.6572225093841552734, 1600456073.225383997, 27.429168701171875
1600456073.2683839798, 1.3427774906158447266, 1600456073.2563838959, 3.6572225093841552734, 1600456073.2563838959, 27.429168701171875
1600456073.2993838787, 1.3427774906158447266, 1600456073.2873840332, 3.6572225093841552734, 1600456073.2873840332, 27.429168701171875
1600456073.330384016, 1.4103386402130126953, 1600456073.3183839321, 3.6572225093841552734, 1600456073.3183839321, 27.429168701171875
1600456073.3613839149, 1.4103386402130126953, 1600456073.3493840694, 3.5896613597869873047, 1600456073.3493840694, 26.922460556030273438
1600456073.3923840523, 1.4103386402130126953, 1600456073.3803839684, 3.5896613597869873047, 1600456073.3803839684, 26.922460556030273438
1600456073.4233839512, 1.3427774906158447266, 1600456073.4113838673, 3.5896613597869873047, 1600456073.4113838673, 26.922460556030273438
1600456073.4543840885, 1.3470001220703125, 1600456073.4423840046, 3.6572225093841552734, 1600456073.4423840046, 26.922460556030273438
1600456073.4853839874, 1.3470001220703125, 1600456073.4733839035, 3.6529998779296875, 1600456073.4733839035, 27.39749908447265625
1600456073.5163838863, 1.3512226343154907227, 1600456073.5043840408, 3.6529998779296875, 1600456073.5043840408, 27.39749908447265625
1600456073.5473840237, 1.3512226343154907227, 1600456073.5353839397, 3.6487772464752197266, 1600456073.5353839397, 27.39749908447265625
1600456073.5783839226, 1.3512226343154907227, 1600456073.5663840771, 3.6487772464752197266, 1600456073.5663840771, 27.39749908447265625
1600456073.6093840599, 1.3512226343154907227, 1600456073.5983839035, 3.6487772464752197266, 1600456073.5983839035, 27.3658294677734375
1600456073.6403839588, 1.2836614847183227539, 1600456073.6293840408, 3.6487772464752197266, 1600456073.6293840408, 27.3658294677734375
1600456073.6713838577, 1.2836614847183227539, 1600456073.6603839397, 3.7163383960723876953, 1600456073.6603839397, 27.3658294677734375
1600456073.7033839226, 1.2836614847183227539, 1600456073.6913840771, 3.7163383960723876953, 1600456073.6913840771, 27.3658294677734375
1600456073.733383894, 1.3512226343154907227, 1600456073.722383976, 3.7163383960723876953, 1600456073.722383976, 27.872539520263671875
1600456073.7653839588, 1.3512226343154907227, 1600456073.7533838749, 3.6487772464752197266, 1600456073.7533838749, 27.872539520263671875
1600456073.7963838577, 1.3512226343154907227, 1600456073.7843840122, 3.6487772464752197266, 1600456073.7843840122, 27.872539520263671875
1600456073.8273839951, 1.3512226343154907227, 1600456073.8153839111, 3.6487772464752197266, 1600456073.8153839111, 27.872539520263671875
1600456073.858383894, 1.3512226343154907227, 1600456073.8463840485, 3.6487772464752197266, 1600456073.8463840485, 27.3658294677734375
1600456073.8893840313, 1.4187837839126586914, 1600456073.8773839474, 3.6487772464752197266, 1600456073.8773839474, 27.3658294677734375
1600456073.9203839302, 1.4187837839126586914, 1600456073.9083840847, 3.5812163352966308594, 1600456073.9083840847, 27.3658294677734375
1600456073.9513840675, 1.4187837839126586914, 1600456073.9393839836, 3.5812163352966308594, 1600456073.9393839836, 27.3658294677734375
1600456073.9823839664, 1.414561152458190918, 1600456073.9703838825, 3.5812163352966308594, 1600456073.9703838825, 26.859121322631835938
1600456074.0133838654, 1.414561152458190918, 1600456074.0013840199, 3.5854387283325195313, 1600456074.0013840199, 26.859121322631835938
1600456074.0443840027, 1.414561152458190918, 1600456074.0323839188, 3.5854387283325195313, 1600456074.0323839188, 26.859121322631835938
1600456074.0753839016, 1.414561152458190918, 1600456074.0633840561, 3.5854387283325195313, 1600456074.0633840561, 26.859121322631835938
1600456074.1063840389, 1.414561152458190918, 1600456074.094383955, 3.5854387283325195313, 1600456074.094383955, 26.890790939331054688
1600456074.1373839378, 1.414561152458190918, 1600456074.1253840923, 3.5854387283325195313, 1600456074.1253840923, 26.890790939331054688
1600456074.1683840752, 1.414561152458190918, 1600456074.1563839912, 3.5854387283325195313, 1600456074.1563839912, 26.890790939331054688
1600456074.1993839741, 1.3470001220703125, 1600456074.1873838902, 3.5854387283325195313, 1600456074.1873838902, 26.890790939331054688
1600456074.230383873, 1.3470001220703125, 1600456074.2183840275, 3.6529998779296875, 1600456074.2183840275, 27.39749908447265625
1600456074.2613840103, 1.3470001220703125, 1600456074.2493839264, 3.6529998779296875, 1600456074.2493839264, 27.39749908447265625
1600456074.2923839092, 1.3512226343154907227, 1600456074.2803840637, 3.6529998779296875, 1600456074.2803840637, 27.39749908447265625
1600456074.3233840466, 1.3512226343154907227, 1600456074.3113839626, 3.6487772464752197266, 1600456074.3113839626, 27.39749908447265625
1600456074.3543839455, 1.3512226343154907227, 1600456074.3423838615, 3.6487772464752197266, 1600456074.3423838615, 27.3658294677734375
1600456074.3853840828, 1.3512226343154907227, 1600456074.3733839989, 3.6487772464752197266, 1600456074.3733839989, 27.3658294677734375
1600456074.4163839817, 1.3512226343154907227, 1600456074.4043838978, 3.6487772464752197266, 1600456074.4043838978, 27.3658294677734375
1600456074.4473838806, 1.3512226343154907227, 1600456074.4353840351, 3.6487772464752197266, 1600456074.4353840351, 27.3658294677734375
1600456074.4783840179, 1.4187837839126586914, 1600456074.466383934, 3.6487772464752197266, 1600456074.466383934, 27.3658294677734375
1600456074.5093839169, 1.4187837839126586914, 1600456074.4973840714, 3.5812163352966308594, 1600456074.4973840714, 27.3658294677734375
1600456074.5403840542, 1.4187837839126586914, 1600456074.5283839703, 3.5812163352966308594, 1600456074.5283839703, 27.3658294677734375
1600456074.5713839531, 1.4187837839126586914, 1600456074.5593838692, 3.5812163352966308594, 1600456074.5593838692, 27.3658294677734375
1600456074.6023840904, 1.4187837839126586914, 1600456074.5903840065, 3.5812163352966308594, 1600456074.5903840065, 26.859121322631835938
1600456074.6353840828, 1.414561152458190918, 1600456074.6213839054, 3.5812163352966308594, 1600456074.6213839054, 26.859121322631835938
1600456074.6663839817, 1.414561152458190918, 1600456074.6543838978, 3.5854387283325195313, 1600456074.6543838978, 26.859121322631835938
1600456074.6972448826, 1.4103386402130126953, 1600456074.6853840351, 3.5854387283325195313, 1600456074.6853840351, 26.859121322631835938
1600456074.7282450199, 1.4103386402130126953, 1600456074.716244936, 3.5896613597869873047, 1600456074.716244936, 26.922460556030273438
1600456074.7592449188, 1.4103386402130126953, 1600456074.7472448349, 3.5896613597869873047, 1600456074.7472448349, 26.922460556030273438
1600456074.7902448177, 1.3427774906158447266, 1600456074.7782449722, 3.5896613597869873047, 1600456074.7782449722, 26.922460556030273438
1600456074.8212449551, 1.3427774906158447266, 1600456074.8092448711, 3.6572225093841552734, 1600456074.8092448711, 26.922460556030273438
1600456074.852244854, 1.3427774906158447266, 1600456074.8402450085, 3.6572225093841552734, 1600456074.8402450085, 27.429168701171875
1600456074.8832449913, 1.3427774906158447266, 1600456074.8712449074, 3.6572225093841552734, 1600456074.8712449074, 27.429168701171875
1600456074.9142448902, 1.3427774906158447266, 1600456074.9022448063, 3.6572225093841552734, 1600456074.9022448063, 27.429168701171875
1600456074.9452450275, 1.3470001220703125, 1600456074.9332449436, 3.6572225093841552734, 1600456074.9332449436, 27.429168701171875
1600456074.9762449265, 1.3470001220703125, 1600456074.9642448425, 3.6529998779296875, 1600456074.9642448425, 27.39749908447265625
1600456075.0072448254, 1.3512226343154907227, 1600456074.9952449799, 3.6529998779296875, 1600456074.9952449799, 27.39749908447265625
1600456075.0382449627, 1.3512226343154907227, 1600456075.0262448788, 3.6487772464752197266, 1600456075.0262448788, 27.39749908447265625
1600456075.0692448616, 1.3512226343154907227, 1600456075.0572450161, 3.6487772464752197266, 1600456075.0572450161, 27.39749908447265625
1600456075.1002449989, 1.3512226343154907227, 1600456075.088244915, 3.6487772464752197266, 1600456075.088244915, 27.3658294677734375
1600456075.1312448978, 1.3512226343154907227, 1600456075.1192448139, 3.6487772464752197266, 1600456075.1192448139, 27.3658294677734375
1600456075.1622450352, 1.3512226343154907227, 1600456075.1502449512, 3.6487772464752197266, 1600456075.1502449512, 27.3658294677734375
1600456075.1932449341, 1.4187837839126586914, 1600456075.1812448502, 3.6487772464752197266, 1600456075.1812448502, 27.3658294677734375
1600456075.2572448254, 1.414561152458190918, 1600456075.2122449875, 3.5812163352966308594, 1600456075.2122449875, 26.859121322631835938
1600456075.2882449627, 1.414561152458190918, 1600456075.2772448063, 3.5854387283325195313, 1600456075.2772448063, 26.859121322631835938
1600456075.3202450275, 1.414561152458190918, 1600456075.3082449436, 3.5854387283325195313, 1600456075.3082449436, 26.859121322631835938
1600456075.3512449265, 1.414561152458190918, 1600456075.3392448425, 3.5854387283325195313, 1600456075.3392448425, 26.890790939331054688
1600456075.3822448254, 1.414561152458190918, 1600456075.3702449799, 3.5854387283325195313, 1600456075.3702449799, 26.890790939331054688
1600456075.4132449627, 1.414561152458190918, 1600456075.4012448788, 3.5854387283325195313, 1600456075.4012448788, 26.890790939331054688
1600456075.4442448616, 1.414561152458190918, 1600456075.4322450161, 3.5854387283325195313, 1600456075.4322450161, 26.890790939331054688
1600456075.4752449989, 1.414561152458190918, 1600456075.463244915, 3.5854387283325195313, 1600456075.463244915, 26.890790939331054688
1600456075.5062448978, 1.414561152458190918, 1600456075.4942448139, 3.5854387283325195313, 1600456075.4942448139, 26.890790939331054688
1600456075.5372450352, 1.3470001220703125, 1600456075.5252449512, 3.5854387283325195313, 1600456075.5252449512, 26.890790939331054688
1600456075.5682449341, 1.3470001220703125, 1600456075.5562448502, 3.6529998779296875, 1600456075.5562448502, 26.890790939331054688
1600456075.599244833, 1.3470001220703125, 1600456075.5872449875, 3.6529998779296875, 1600456075.5872449875, 27.39749908447265625
1600456075.6302449703, 1.3470001220703125, 1600456075.6182448864, 3.6529998779296875, 1600456075.6182448864, 27.39749908447265625
1600456075.6612448692, 1.3470001220703125, 1600456075.6492450237, 3.6529998779296875, 1600456075.6492450237, 27.39749908447265625
1600456075.6922450066, 1.414561152458190918, 1600456075.6802449226, 3.6529998779296875, 1600456075.6802449226, 27.39749908447265625
1600456075.7232449055, 1.414561152458190918, 1600456075.7112448215, 3.5854387283325195313, 1600456075.7112448215, 26.890790939331054688
1600456075.7542448044, 1.414561152458190918, 1600456075.7422449589, 3.5854387283325195313, 1600456075.7422449589, 26.890790939331054688
1600456075.7852449417, 1.414561152458190918, 1600456075.7732448578, 3.5854387283325195313, 1600456075.7732448578, 26.890790939331054688
1600456075.8162448406, 1.414561152458190918, 1600456075.8042449951, 3.5854387283325195313, 1600456075.8042449951, 26.890790939331054688
1600456075.847244978, 1.414561152458190918, 1600456075.835244894, 3.5854387283325195313, 1600456075.835244894, 26.890790939331054688
1600456075.8782448769, 1.4187837839126586914, 1600456075.8662450314, 3.5854387283325195313, 1600456075.8662450314, 26.890790939331054688
1600456075.9092450142, 1.4187837839126586914, 1600456075.8972449303, 3.5812163352966308594, 1600456075.8972449303, 26.890790939331054688
1600456075.9402449131, 1.4187837839126586914, 1600456075.9282448292, 3.5812163352966308594, 1600456075.9282448292, 26.890790939331054688
1600456075.971244812, 1.4187837839126586914, 1600456075.9592449665, 3.5812163352966308594, 1600456075.9592449665, 26.859121322631835938
1600456076.0022449493, 1.3512226343154907227, 1600456075.9902448654, 3.5812163352966308594, 1600456075.9902448654, 26.859121322631835938
1600456076.0332448483, 1.3512226343154907227, 1600456076.0212450027, 3.6487772464752197266, 1600456076.0212450027, 26.859121322631835938
1600456076.0642449856, 1.3512226343154907227, 1600456076.0522449017, 3.6487772464752197266, 1600456076.0522449017, 26.859121322631835938
1600456076.0952448845, 1.3512226343154907227, 1600456076.0832448006, 3.6487772464752197266, 1600456076.0832448006, 27.3658294677734375
1600456076.1262450218, 1.3512226343154907227, 1600456076.1142449379, 3.6487772464752197266, 1600456076.1142449379, 27.3658294677734375
1600456076.1572449207, 1.4187837839126586914, 1600456076.1452448368, 3.6487772464752197266, 1600456076.1452448368, 27.3658294677734375
1600456076.1882448196, 1.4187837839126586914, 1600456076.1762449741, 3.5812163352966308594, 1600456076.1762449741, 27.3658294677734375
1600456076.219244957, 1.4187837839126586914, 1600456076.207244873, 3.5812163352966308594, 1600456076.207244873, 26.859121322631835938
1600456076.2502448559, 1.4187837839126586914, 1600456076.2382450104, 3.5812163352966308594, 1600456076.2382450104, 26.859121322631835938
1600456076.2812449932, 1.4187837839126586914, 1600456076.2692449093, 3.5812163352966308594, 1600456076.2692449093, 26.859121322631835938
1600456076.3122448921, 1.4187837839126586914, 1600456076.3002448082, 3.5812163352966308594, 1600456076.3002448082, 26.859121322631835938
1600456076.3432450294, 1.4187837839126586914, 1600456076.3312449455, 3.5812163352966308594, 1600456076.3312449455, 26.859121322631835938
1600456076.3742449284, 1.4187837839126586914, 1600456076.3632450104, 3.5812163352966308594, 1600456076.3632450104, 26.859121322631835938
1600456076.4052448273, 1.4187837839126586914, 1600456076.3942449093, 3.5812163352966308594, 1600456076.3942449093, 26.859121322631835938
1600456076.4372448921, 1.4187837839126586914, 1600456076.4252448082, 3.5812163352966308594, 1600456076.4252448082, 26.859121322631835938
1600456076.4672448635, 1.3512226343154907227, 1600456076.4562449455, 3.5812163352966308594, 1600456076.4562449455, 26.859121322631835938
1600456076.4992449284, 1.3512226343154907227, 1600456076.4872448444, 3.6487772464752197266, 1600456076.4872448444, 26.859121322631835938
1600456076.5302448273, 1.3512226343154907227, 1600456076.5182449818, 3.6487772464752197266, 1600456076.5182449818, 26.859121322631835938
1600456076.5612449646, 1.3512226343154907227, 1600456076.5492448807, 3.6487772464752197266, 1600456076.5492448807, 26.859121322631835938
1600456076.5922448635, 1.3512226343154907227, 1600456076.580245018, 3.6487772464752197266, 1600456076.580245018, 27.3658294677734375
1600456076.6232450008, 1.3512226343154907227, 1600456076.6112449169, 3.6487772464752197266, 1600456076.6112449169, 27.3658294677734375
1600456076.6542448997, 1.3512226343154907227, 1600456076.6422448158, 3.6487772464752197266, 1600456076.6422448158, 27.3658294677734375
1600456076.6852450371, 1.4187837839126586914, 1600456076.6732449532, 3.6487772464752197266, 1600456076.6732449532, 27.3658294677734375
1600456076.716244936, 1.414561152458190918, 1600456076.7042448521, 3.5812163352966308594, 1600456076.7042448521, 26.859121322631835938
1600456076.7502448559, 1.4026386737823486328, 1600456076.7352449894, 3.5854387283325195313, 1600456076.7352449894, 26.859121322631835938
1600456076.7812449932, 1.4026386737823486328, 1600456076.7692449093, 3.5973613262176513672, 1600456076.7692449093, 26.859121322631835938
1600456076.8122448921, 1.4026386737823486328, 1600456076.8002448082, 3.5973613262176513672, 1600456076.8002448082, 26.859121322631835938
1600456076.8432450294, 1.4026386737823486328, 1600456076.8312449455, 3.5973613262176513672, 1600456076.8312449455, 26.9802093505859375
1600456076.8742449284, 1.4026386737823486328, 1600456076.8622448444, 3.5973613262176513672, 1600456076.8622448444, 26.9802093505859375
1600456076.9052448273, 1.4026386737823486328, 1600456076.8932449818, 3.5973613262176513672, 1600456076.8932449818, 26.9802093505859375
1600456076.9362449646, 1.4026386737823486328, 1600456076.9242448807, 3.5973613262176513672, 1600456076.9242448807, 26.9802093505859375
1600456076.9672448635, 1.4026386737823486328, 1600456076.955245018, 3.5973613262176513672, 1600456076.955245018, 26.9802093505859375
1600456076.9982450008, 1.3350775241851806641, 1600456076.9872448444, 3.5973613262176513672, 1600456076.9872448444, 26.9802093505859375
1600456077.0292448997, 1.3393000364303588867, 1600456077.0182449818, 3.6649224758148193359, 1600456077.0182449818, 26.9802093505859375
1600456077.0612449646, 1.3512226343154907227, 1600456077.0492448807, 3.6606998443603515625, 1600456077.0492448807, 26.9802093505859375
1600456077.091244936, 1.3512226343154907227, 1600456077.080245018, 3.6487772464752197266, 1600456077.080245018, 27.3658294677734375
1600456077.1232450008, 1.3512226343154907227, 1600456077.1112449169, 3.6487772464752197266, 1600456077.1112449169, 27.3658294677734375
1600456077.1552448273, 1.3430334329605102539, 1600456077.1422448158, 3.6487772464752197266, 1600456077.1422448158, 27.3658294677734375
1600456077.1862449646, 1.4105945825576782227, 1600456077.1742448807, 3.6569666862487792969, 1600456077.1742448807, 27.3658294677734375
1600456077.2158970833, 1.4105945825576782227, 1600456077.205245018, 3.5894055366516113281, 1600456077.205245018, 26.920541763305664063
1600456077.2468969822, 1.4105945825576782227, 1600456077.2348971367, 3.5894055366516113281, 1600456077.2348971367, 26.920541763305664063
1600456077.3108971119, 1.4063719511032104492, 1600456077.2658970356, 3.5894055366516113281, 1600456077.2658970356, 26.920541763305664063
1600456077.3418970108, 1.4063719511032104492, 1600456077.3298971653, 3.5936279296875, 1600456077.3298971653, 26.95220947265625
1600456077.3728971481, 1.4063719511032104492, 1600456077.3608970642, 3.5936279296875, 1600456077.3608970642, 26.95220947265625
1600456077.403897047, 1.4063719511032104492, 1600456077.3928971291, 3.5936279296875, 1600456077.3928971291, 26.95220947265625
1600456077.4358971119, 1.4063719511032104492, 1600456077.423897028, 3.5936279296875, 1600456077.423897028, 26.95220947265625
1600456077.4658970833, 1.4063719511032104492, 1600456077.4548971653, 3.5936279296875, 1600456077.4548971653, 26.95220947265625
1600456077.4968969822, 1.414561152458190918, 1600456077.4858970642, 3.5936279296875, 1600456077.4858970642, 26.95220947265625
1600456077.5278971195, 1.3470001220703125, 1600456077.5168969631, 3.5854387283325195313, 1600456077.5168969631, 26.95220947265625
1600456077.559896946, 1.3470001220703125, 1600456077.5478971004, 3.6529998779296875, 1600456077.5478971004, 26.95220947265625
1600456077.5908970833, 1.3470001220703125, 1600456077.5788969994, 3.6529998779296875, 1600456077.5788969994, 27.39749908447265625
1600456077.6218969822, 1.3512226343154907227, 1600456077.6098971367, 3.6529998779296875, 1600456077.6098971367, 27.39749908447265625
1600456077.6528971195, 1.3512226343154907227, 1600456077.6408970356, 3.6487772464752197266, 1600456077.6408970356, 27.39749908447265625
1600456077.6838970184, 1.4187837839126586914, 1600456077.6718969345, 3.6487772464752197266, 1600456077.6718969345, 27.39749908447265625
1600456077.7148971558, 1.4187837839126586914, 1600456077.7028970718, 3.5812163352966308594, 1600456077.7028970718, 26.859121322631835938
1600456077.7458970547, 1.4187837839126586914, 1600456077.7338969707, 3.5812163352966308594, 1600456077.7338969707, 26.859121322631835938
1600456077.7768969536, 1.414561152458190918, 1600456077.7648971081, 3.5812163352966308594, 1600456077.7648971081, 26.859121322631835938
1600456077.8078970909, 1.414561152458190918, 1600456077.795897007, 3.5854387283325195313, 1600456077.795897007, 26.859121322631835938
1600456077.8388969898, 1.414561152458190918, 1600456077.8268971443, 3.5854387283325195313, 1600456077.8268971443, 26.890790939331054688
1600456077.8698971272, 1.414561152458190918, 1600456077.8578970432, 3.5854387283325195313, 1600456077.8578970432, 26.890790939331054688
1600456077.9008970261, 1.414561152458190918, 1600456077.8888969421, 3.5854387283325195313, 1600456077.8888969421, 26.890790939331054688
1600456077.9318971634, 1.414561152458190918, 1600456077.9198970795, 3.5854387283325195313, 1600456077.9198970795, 26.890790939331054688
1600456077.9628970623, 1.414561152458190918, 1600456077.9508969784, 3.5854387283325195313, 1600456077.9508969784, 26.890790939331054688
1600456077.9938969612, 1.3470001220703125, 1600456077.9818971157, 3.5854387283325195313, 1600456077.9818971157, 26.890790939331054688
1600456078.0248970985, 1.3470001220703125, 1600456078.0128970146, 3.6529998779296875, 1600456078.0128970146, 26.890790939331054688
1600456078.0558969975, 1.3470001220703125, 1600456078.0438971519, 3.6529998779296875, 1600456078.0438971519, 26.890790939331054688
1600456078.0868971348, 1.3512226343154907227, 1600456078.0748970509, 3.6529998779296875, 1600456078.0748970509, 27.39749908447265625
1600456078.1178970337, 1.3512226343154907227, 1600456078.1058969498, 3.6487772464752197266, 1600456078.1058969498, 27.39749908447265625
1600456078.1488969326, 1.3512226343154907227, 1600456078.1368970871, 3.6487772464752197266, 1600456078.1368970871, 27.39749908447265625
1600456078.1798970699, 1.3512226343154907227, 1600456078.167896986, 3.6487772464752197266, 1600456078.167896986, 27.39749908447265625
1600456078.2108969688, 1.3512226343154907227, 1600456078.1988971233, 3.6487772464752197266, 1600456078.1988971233, 27.3658294677734375
1600456078.2418971062, 1.3512226343154907227, 1600456078.2298970222, 3.6487772464752197266, 1600456078.2298970222, 27.3658294677734375
1600456078.2728970051, 1.3512226343154907227, 1600456078.2608971596, 3.6487772464752197266, 1600456078.2608971596, 27.3658294677734375
1600456078.3038971424, 1.3512226343154907227, 1600456078.2918970585, 3.6487772464752197266, 1600456078.2918970585, 27.3658294677734375
1600456078.3348970413, 1.3512226343154907227, 1600456078.3228969574, 3.6487772464752197266, 1600456078.3228969574, 27.3658294677734375
1600456078.3658969402, 1.3512226343154907227, 1600456078.3538970947, 3.6487772464752197266, 1600456078.3538970947, 27.3658294677734375
1600456078.3968970776, 1.3512226343154907227, 1600456078.3848969936, 3.6487772464752197266, 1600456078.3848969936, 27.3658294677734375
1600456078.4278969765, 1.3512226343154907227, 1600456078.415897131, 3.6487772464752197266, 1600456078.415897131, 27.3658294677734375
1600456078.4588971138, 1.4187837839126586914, 1600456078.4468970299, 3.6487772464752197266, 1600456078.4468970299, 27.3658294677734375
1600456078.4898970127, 1.4187837839126586914, 1600456078.4778969288, 3.5812163352966308594, 1600456078.4778969288, 27.3658294677734375
1600456078.52089715, 1.4187837839126586914, 1600456078.5088970661, 3.5812163352966308594, 1600456078.5088970661, 27.3658294677734375
1600456078.551897049, 1.4187837839126586914, 1600456078.539896965, 3.5812163352966308594, 1600456078.539896965, 27.3658294677734375
1600456078.5828969479, 1.4187837839126586914, 1600456078.5718970299, 3.5812163352966308594, 1600456078.5718970299, 26.859121322631835938
1600456078.6138970852, 1.4187837839126586914, 1600456078.6028969288, 3.5812163352966308594, 1600456078.6028969288, 26.859121322631835938
1600456078.6448969841, 1.4187837839126586914, 1600456078.6338970661, 3.5812163352966308594, 1600456078.6338970661, 26.859121322631835938
1600456078.676897049, 1.4187837839126586914, 1600456078.664896965, 3.5812163352966308594, 1600456078.664896965, 26.859121322631835938
1600456078.7078969479, 1.4187837839126586914, 1600456078.6958971024, 3.5812163352966308594, 1600456078.6958971024, 26.859121322631835938
1600456078.7388970852, 1.4187837839126586914, 1600456078.7268970013, 3.5812163352966308594, 1600456078.7268970013, 26.859121322631835938
1600456078.7698969841, 1.3512226343154907227, 1600456078.7578971386, 3.5812163352966308594, 1600456078.7578971386, 26.859121322631835938
1600456078.8008971214, 1.3512226343154907227, 1600456078.7888970375, 3.6487772464752197266, 1600456078.7888970375, 26.859121322631835938
1600456078.8318970203, 1.3512226343154907227, 1600456078.8198969364, 3.6487772464752197266, 1600456078.8198969364, 27.3658294677734375
1600456078.8628971577, 1.3512226343154907227, 1600456078.8508970737, 3.6487772464752197266, 1600456078.8508970737, 27.3658294677734375
1600456078.8938970566, 1.3512226343154907227, 1600456078.8818969727, 3.6487772464752197266, 1600456078.8818969727, 27.3658294677734375
1600456078.9248969555, 1.3470001220703125, 1600456078.91289711, 3.6487772464752197266, 1600456078.91289711, 27.3658294677734375
1600456078.9558970928, 1.3470001220703125, 1600456078.9438970089, 3.6529998779296875, 1600456078.9438970089, 27.39749908447265625
1600456078.9868969917, 1.3470001220703125, 1600456078.9748971462, 3.6529998779296875, 1600456078.9748971462, 27.39749908447265625
1600456079.0178971291, 1.414561152458190918, 1600456079.0058970451, 3.6529998779296875, 1600456079.0058970451, 27.39749908447265625
1600456079.048897028, 1.414561152458190918, 1600456079.036896944, 3.5854387283325195313, 1600456079.036896944, 27.39749908447265625
1600456079.0798971653, 1.414561152458190918, 1600456079.0678970814, 3.5854387283325195313, 1600456079.0678970814, 26.890790939331054688
1600456079.1108970642, 1.414561152458190918, 1600456079.0988969803, 3.5854387283325195313, 1600456079.0988969803, 26.890790939331054688
1600456079.1418969631, 1.414561152458190918, 1600456079.1298971176, 3.5854387283325195313, 1600456079.1298971176, 26.890790939331054688
1600456079.1728971004, 1.414561152458190918, 1600456079.1608970165, 3.5854387283325195313, 1600456079.1608970165, 26.890790939331054688
1600456079.2038969994, 1.414561152458190918, 1600456079.1918971539, 3.5854387283325195313, 1600456079.1918971539, 26.890790939331054688
1600456079.2348971367, 1.4187837839126586914, 1600456079.2228970528, 3.5854387283325195313, 1600456079.2228970528, 26.890790939331054688
1600456079.2658970356, 1.4187837839126586914, 1600456079.2538969517, 3.5812163352966308594, 1600456079.2538969517, 26.890790939331054688
1600456079.2968969345, 1.4187837839126586914, 1600456079.284897089, 3.5812163352966308594, 1600456079.284897089, 26.890790939331054688
1600456079.3608970642, 1.3470001220703125, 1600456079.3158969879, 3.5812163352966308594, 1600456079.3158969879, 26.859121322631835938
1600456079.3918969631, 1.3470001220703125, 1600456079.3798971176, 3.6529998779296875, 1600456079.3798971176, 26.859121322631835938
1600456079.4228971004, 1.3470001220703125, 1600456079.4108970165, 3.6529998779296875, 1600456079.4108970165, 26.859121322631835938
1600456079.4538969994, 1.3470001220703125, 1600456079.4428970814, 3.6529998779296875, 1600456079.4428970814, 27.39749908447265625
1600456079.4848971367, 1.3470001220703125, 1600456079.4738969803, 3.6529998779296875, 1600456079.4738969803, 27.39749908447265625
1600456079.5158970356, 1.3470001220703125, 1600456079.5048971176, 3.6529998779296875, 1600456079.5048971176, 27.39749908447265625
1600456079.5478971004, 1.3470001220703125, 1600456079.5358970165, 3.6529998779296875, 1600456079.5358970165, 27.39749908447265625
1600456079.5788969994, 1.3470001220703125, 1600456079.5668971539, 3.6529998779296875, 1600456079.5668971539, 27.39749908447265625
1600456079.6098971367, 1.3470001220703125, 1600456079.5978970528, 3.6529998779296875, 1600456079.5978970528, 27.39749908447265625
1600456079.6408970356, 1.3470001220703125, 1600456079.6288969517, 3.6529998779296875, 1600456079.6288969517, 27.39749908447265625
1600456079.6728971004, 1.3430334329605102539, 1600456079.659897089, 3.6529998779296875, 1600456079.659897089, 27.39749908447265625
1600456079.7031209469, 1.3430334329605102539, 1600456079.6918971539, 3.6569666862487792969, 1600456079.6918971539, 27.427249908447265625
1600456079.7341210842, 1.3430334329605102539, 1600456079.7221210003, 3.6569666862487792969, 1600456079.7221210003, 27.427249908447265625
1600456079.7651209831, 1.3430334329605102539, 1600456079.7531211376, 3.6569666862487792969, 1600456079.7531211376, 27.427249908447265625
1600456079.7961211205, 1.4105945825576782227, 1600456079.7841210365, 3.6569666862487792969, 1600456079.7841210365, 27.427249908447265625
1600456079.8271210194, 1.4105945825576782227, 1600456079.8151209354, 3.5894055366516113281, 1600456079.8151209354, 26.920541763305664063
1600456079.8581211567, 1.4105945825576782227, 1600456079.8461210728, 3.5894055366516113281, 1600456079.8461210728, 26.920541763305664063
1600456079.8891210556, 1.4105945825576782227, 1600456079.8771209717, 3.5894055366516113281, 1600456079.8771209717, 26.920541763305664063
1600456079.9201209545, 1.4105945825576782227, 1600456079.908121109, 3.5894055366516113281, 1600456079.908121109, 26.920541763305664063
1600456079.9511210918, 1.4105945825576782227, 1600456079.9391210079, 3.5894055366516113281, 1600456079.9391210079, 26.920541763305664063
1600456079.9821209908, 1.4187837839126586914, 1600456079.9701211452, 3.5894055366516113281, 1600456079.9701211452, 26.920541763305664063
1600456080.0131211281, 1.4187837839126586914, 1600456080.0011210442, 3.5812163352966308594, 1600456080.0011210442, 26.920541763305664063
1600456080.044121027, 1.4187837839126586914, 1600456080.0321209431, 3.5812163352966308594, 1600456080.0321209431, 26.920541763305664063
1600456080.0751211643, 1.4187837839126586914, 1600456080.0631210804, 3.5812163352966308594, 1600456080.0631210804, 26.859121322631835938
1600456080.1061210632, 1.3512226343154907227, 1600456080.0941209793, 3.5812163352966308594, 1600456080.0941209793, 26.859121322631835938
1600456080.1371209621, 1.3512226343154907227, 1600456080.1251211166, 3.6487772464752197266, 1600456080.1251211166, 26.859121322631835938
1600456080.1681210995, 1.3512226343154907227, 1600456080.1571209431, 3.6487772464752197266, 1600456080.1571209431, 26.859121322631835938
1600456080.1991209984, 1.3512226343154907227, 1600456080.1881210804, 3.6487772464752197266, 1600456080.1881210804, 27.3658294677734375
1600456080.2301211357, 1.3512226343154907227, 1600456080.2191209793, 3.6487772464752197266, 1600456080.2191209793, 27.3658294677734375
1600456080.2611210346, 1.4187837839126586914, 1600456080.2501211166, 3.6487772464752197266, 1600456080.2501211166, 27.3658294677734375
1600456080.2931210995, 1.4187837839126586914, 1600456080.2811210155, 3.5812163352966308594, 1600456080.2811210155, 27.3658294677734375
1600456080.3241209984, 1.4187837839126586914, 1600456080.3121211529, 3.5812163352966308594, 1600456080.3121211529, 26.859121322631835938
1600456080.3551211357, 1.4187837839126586914, 1600456080.3431210518, 3.5812163352966308594, 1600456080.3431210518, 26.859121322631835938
1600456080.3861210346, 1.4187837839126586914, 1600456080.3741209507, 3.5812163352966308594, 1600456080.3741209507, 26.859121322631835938
1600456080.4171209335, 1.4187837839126586914, 1600456080.405121088, 3.5812163352966308594, 1600456080.405121088, 26.859121322631835938
1600456080.4481210709, 1.414561152458190918, 1600456080.4361209869, 3.5812163352966308594, 1600456080.4361209869, 26.859121322631835938
1600456080.4791209698, 1.4190652370452880859, 1600456080.4671211243, -1.414561152458190918, 1600456080.4671211243, 26.859121322631835938
1600456080.5101211071, 1.4148427248001098633, 1600456080.4981210232, -1.4190652370452880859, 1600456080.4981210232, 26.859121322631835938
1600456080.541121006, 1.4148427248001098633, 1600456080.5291211605, -1.4148427248001098633, 1600456080.5291211605, 26.859121322631835938
1600456080.5721211433, 1.2797204256057739258, 1600456080.5601210594, -1.4148427248001098633, 1600456080.5601210594, -10.61132049560546875
1600456080.6031210423, 1.1445981264114379883, 1600456080.5911209583, -1.2797204256057739258, 1600456080.5911209583, -10.61132049560546875
1600456080.6341209412, 1.0094759464263916016, 1600456080.6221210957, -1.1445981264114379883, 1600456080.6221210957, -10.61132049560546875
1600456080.6651210785, 0.87435364723205566406, 1600456080.6531209946, -1.0094759464263916016, 1600456080.6531209946, -10.61132049560546875
1600456080.6961209774, 0.73923140764236450195, 1600456080.6841211319, -0.87435364723205566406, 1600456080.6841211319, -6.5576524734497070313
1600456080.7271211147, 0.60410910844802856445, 1600456080.7151210308, -0.73923140764236450195, 1600456080.7151210308, -6.5576524734497070313
1600456080.7581210136, 0.47320944070816040039, 1600456080.7461209297, -0.60410910844802856445, 1600456080.7461209297, -6.5576524734497070313
1600456080.789121151, 0.33358308672904968262, 1600456080.777121067, -0.47320944070816040039, 1600456080.777121067, -6.5576524734497070313
1600456080.8201210499, 0.20268340408802032471, 1600456080.808120966, -0.33358308672904968262, 1600456080.808120966, -2.5018732547760009766
1600456080.8511209488, 0.067561134696006774902, 1600456080.8391211033, -0.20268340408802032471, 1600456080.8391211033, -2.5018732547760009766
1600456080.8821210861, 1.7186252760010602147e-14, 1600456080.8701210022, -0.067561134696006774902, 1600456080.8701210022, -2.5018732547760009766
1600456080.913120985, 1.7186252760010602147e-14, 1600456080.9011211395, -1.7186252760010602147e-14, 1600456080.9011211395, -2.5018732547760009766
1600456080.9441211224, 1.7186252760010602147e-14, 1600456080.9321210384, -1.7186252760010602147e-14, 1600456080.9321210384, -1.2889689315898067434e-13
1600456080.9751210213, 1.7186252760010602147e-14, 1600456080.9631209373, -1.7186252760010602147e-14, 1600456080.9631209373, -1.2889689315898067434e-13
1600456081.0061211586, 1.7186252760010602147e-14, 1600456080.9941210747, -1.7186252760010602147e-14, 1600456080.9941210747, -1.2889689315898067434e-13
1600456081.0371210575, 1.7186252760010602147e-14, 1600456081.0251209736, -1.7186252760010602147e-14, 1600456081.0251209736, -1.2889689315898067434e-13
1600456081.0681209564, 1.7186252760010602147e-14, 1600456081.0561211109, -1.7186252760010602147e-14, 1600456081.0561211109, -1.2889689315898067434e-13
1600456081.0991210938, 1.7186252760010602147e-14, 1600456081.0871210098, -1.7186252760010602147e-14, 1600456081.0871210098, -1.2889689315898067434e-13
1600456081.1301209927, 1.7186252760010602147e-14, 1600456081.1181211472, -1.7186252760010602147e-14, 1600456081.1181211472, -1.2889689315898067434e-13
1600456081.16112113, 1.7186252760010602147e-14, 1600456081.1491210461, -1.7186252760010602147e-14, 1600456081.1491210461, -1.2889689315898067434e-13
1600456081.1921210289, 1.7186252760010602147e-14, 1600456081.180120945, -1.7186252760010602147e-14, 1600456081.180120945, -1.2889689315898067434e-13
1600456081.2231209278, 1.7186252760010602147e-14, 1600456081.2111210823, -1.7186252760010602147e-14, 1600456081.2111210823, -1.2889689315898067434e-13
1600456081.2541210651, 1.7186252760010602147e-14, 1600456081.2421209812, -1.7186252760010602147e-14, 1600456081.2421209812, -1.2889689315898067434e-13
1600456081.2851209641, 1.7186252760010602147e-14, 1600456081.2731211185, -1.7186252760010602147e-14, 1600456081.2731211185, -1.2889689315898067434e-13
1600456081.3161211014, 1.7186252760010602147e-14, 1600456081.305120945, -1.7186252760010602147e-14, 1600456081.305120945, -1.2889689315898067434e-13
1600456081.3471210003, 1.7186252760010602147e-14, 1600456081.3361210823, -1.7186252760010602147e-14, 1600456081.3361210823, -1.2889689315898067434e-13
1600456081.4121210575, 1.7186252760010602147e-14, 1600456081.3671209812, -1.7186252760010602147e-14, 1600456081.3671209812, -1.2889689315898067434e-13
1600456081.4431209564, 1.7186252760010602147e-14, 1600456081.4311211109, -1.7186252760010602147e-14, 1600456081.4311211109, -1.2889689315898067434e-13
1600456081.4741210938, 1.7186252760010602147e-14, 1600456081.4621210098, -1.7186252760010602147e-14, 1600456081.4621210098, -1.2889689315898067434e-13
1600456081.5051209927, 1.7186252760010602147e-14, 1600456081.4931211472, -1.7186252760010602147e-14, 1600456081.4931211472, -1.2889689315898067434e-13
1600456081.53612113, 1.7186252760010602147e-14, 1600456081.5241210461, -1.7186252760010602147e-14, 1600456081.5241210461, -1.2889689315898067434e-13
1600456081.5671210289, 1.7186252760010602147e-14, 1600456081.555120945, -1.7186252760010602147e-14, 1600456081.555120945, -1.2889689315898067434e-13
1600456081.5981209278, 1.7186252760010602147e-14, 1600456081.5861210823, -1.7186252760010602147e-14, 1600456081.5861210823, -1.2889689315898067434e-13
1600456081.6291210651, 1.7186252760010602147e-14, 1600456081.6171209812, -1.7186252760010602147e-14, 1600456081.6171209812, -1.2889689315898067434e-13
1600456081.6601209641, 1.7186252760010602147e-14, 1600456081.6481211185, -1.7186252760010602147e-14, 1600456081.6481211185, -1.2889689315898067434e-13
1600456081.6911211014, 1.7186252760010602147e-14, 1600456081.6791210175, -1.7186252760010602147e-14, 1600456081.6791210175, -1.2889689315898067434e-13
1600456081.7221210003, 1.7186252760010602147e-14, 1600456081.7101211548, -1.7186252760010602147e-14, 1600456081.7101211548, -1.2889689315898067434e-13
1600456081.7561211586, 1.7186252760010602147e-14, 1600456081.7411210537, -1.7186252760010602147e-14, 1600456081.7411210537, -1.2889689315898067434e-13
1600456081.788120985, 1.7186252760010602147e-14, 1600456081.7761211395, -1.7186252760010602147e-14, 1600456081.7761211395, -1.2889689315898067434e-13
1600456081.8181209564, 1.7186252760010602147e-14, 1600456081.8071210384, -1.7186252760010602147e-14, 1600456081.8071210384, -1.2889689315898067434e-13
1600456081.8501210213, 1.7186252760010602147e-14, 1600456081.8381209373, -1.7186252760010602147e-14, 1600456081.8381209373, -1.2889689315898067434e-13
1600456081.8811211586, 1.7186252760010602147e-14, 1600456081.8691210747, -1.7186252760010602147e-14, 1600456081.8691210747, -1.2889689315898067434e-13
1600456081.9121210575, 1.7186252760010602147e-14, 1600456081.9001209736, -1.7186252760010602147e-14, 1600456081.9001209736, -1.2889689315898067434e-13
1600456081.9431209564, 1.7186252760010602147e-14, 1600456081.9311211109, -1.7186252760010602147e-14, 1600456081.9311211109, -1.2889689315898067434e-13
1600456081.9741210938, 1.7186252760010602147e-14, 1600456081.9621210098, -1.7186252760010602147e-14, 1600456081.9621210098, -1.2889689315898067434e-13
1600456082.0051209927, 1.7186252760010602147e-14, 1600456081.9931211472, -1.7186252760010602147e-14, 1600456081.9931211472, -1.2889689315898067434e-13
1600456082.03612113, 1.7186252760010602147e-14, 1600456082.0241210461, -1.7186252760010602147e-14, 1600456082.0241210461, -1.2889689315898067434e-13
1600456082.0671210289, 1.7186252760010602147e-14, 1600456082.055120945, -1.7186252760010602147e-14, 1600456082.055120945, -1.2889689315898067434e-13
1600456082.0981209278, 1.7186252760010602147e-14, 1600456082.0861210823, -1.7186252760010602147e-14, 1600456082.0861210823, -1.2889689315898067434e-13
1600456082.1291210651, 1.7186252760010602147e-14, 1600456082.1171209812, -1.7186252760010602147e-14, 1600456082.1171209812, -1.2889689315898067434e-13
1600456082.1601209641, 1.7186252760010602147e-14, 1600456082.1481211185, -1.7186252760010602147e-14, 1600456082.1481211185, -1.2889689315898067434e-13
1600456082.1921210289, 1.7186252760010602147e-14, 1600456082.1791210175, -1.7186252760010602147e-14, 1600456082.1791210175, -1.2889689315898067434e-13
1600456082.2231209278, 1.7186252760010602147e-14, 1600456082.2111210823, -1.7186252760010602147e-14, 1600456082.2111210823, -1.2889689315898067434e-13
1600456082.2542159557, 1.7186252760010602147e-14, 1600456082.2421209812, -1.7186252760010602147e-14, 1600456082.2421209812, -1.2889689315898067434e-13
1600456082.2852158546, 1.7186252760010602147e-14, 1600456082.2732160091, -1.7186252760010602147e-14, 1600456082.2732160091, -1.2889689315898067434e-13
1600456082.316215992, 1.7186252760010602147e-14, 1600456082.3042159081, -1.7186252760010602147e-14, 1600456082.3042159081, -1.2889689315898067434e-13
1600456082.3472158909, 1.7186252760010602147e-14, 1600456082.335215807, -1.7186252760010602147e-14, 1600456082.335215807, -1.2889689315898067434e-13
1600456082.3782160282, 1.7186252760010602147e-14, 1600456082.3672158718, -1.7186252760010602147e-14, 1600456082.3672158718, -1.2889689315898067434e-13
1600456082.4092159271, 1.7186252760010602147e-14, 1600456082.3982160091, -1.7186252760010602147e-14, 1600456082.3982160091, -1.2889689315898067434e-13
1600456082.440215826, 1.7186252760010602147e-14, 1600456082.4292159081, -1.7186252760010602147e-14, 1600456082.4292159081, -1.2889689315898067434e-13
1600456082.4712159634, 1.7186252760010602147e-14, 1600456082.460215807, -1.7186252760010602147e-14, 1600456082.460215807, -1.2889689315898067434e-13
1600456082.5022158623, 1.7186252760010602147e-14, 1600456082.4912159443, -1.7186252760010602147e-14, 1600456082.4912159443, -1.2889689315898067434e-13
1600456082.5342159271, 1.7186252760010602147e-14, 1600456082.5222158432, -1.7186252760010602147e-14, 1600456082.5222158432, -1.2889689315898067434e-13
1600456082.565215826, 1.7186252760010602147e-14, 1600456082.5532159805, -1.7186252760010602147e-14, 1600456082.5532159805, -1.2889689315898067434e-13
1600456082.5962159634, 1.7186252760010602147e-14, 1600456082.5842158794, -1.7186252760010602147e-14, 1600456082.5842158794, -1.2889689315898067434e-13
1600456082.6272158623, 1.7186252760010602147e-14, 1600456082.6152160168, -1.7186252760010602147e-14, 1600456082.6152160168, -1.2889689315898067434e-13
1600456082.6582159996, 1.7186252760010602147e-14, 1600456082.6462159157, -1.7186252760010602147e-14, 1600456082.6462159157, -1.2889689315898067434e-13
1600456082.6892158985, 1.7186252760010602147e-14, 1600456082.6772158146, -1.7186252760010602147e-14, 1600456082.6772158146, -1.2889689315898067434e-13
1600456082.7202160358, 1.7186252760010602147e-14, 1600456082.7082159519, -1.7186252760010602147e-14, 1600456082.7082159519, -1.2889689315898067434e-13
1600456082.7512159348, 1.7186252760010602147e-14, 1600456082.7392158508, -1.7186252760010602147e-14, 1600456082.7392158508, -1.2889689315898067434e-13
1600456082.7822158337, 1.7186252760010602147e-14, 1600456082.7702159882, -1.7186252760010602147e-14, 1600456082.7702159882, -1.2889689315898067434e-13
1600456082.813215971, 1.7186252760010602147e-14, 1600456082.8012158871, -1.7186252760010602147e-14, 1600456082.8012158871, -1.2889689315898067434e-13
1600456082.8442158699, 1.7186252760010602147e-14, 1600456082.8322160244, -1.7186252760010602147e-14, 1600456082.8322160244, -1.2889689315898067434e-13
1600456082.8752160072, 1.7186252760010602147e-14, 1600456082.8632159233, -1.7186252760010602147e-14, 1600456082.8632159233, -1.2889689315898067434e-13
1600456082.9062159061, 1.7186252760010602147e-14, 1600456082.8942158222, -1.7186252760010602147e-14, 1600456082.8942158222, -1.2889689315898067434e-13
1600456082.9372158051, 1.7186252760010602147e-14, 1600456082.9252159595, -1.7186252760010602147e-14, 1600456082.9252159595, -1.2889689315898067434e-13
1600456082.9682159424, 1.7186252760010602147e-14, 1600456082.9562158585, -1.7186252760010602147e-14, 1600456082.9562158585, -1.2889689315898067434e-13
1600456082.9992158413, 1.7186252760010602147e-14, 1600456082.9872159958, -1.7186252760010602147e-14, 1600456082.9872159958, -1.2889689315898067434e-13
1600456083.0302159786, 1.7186252760010602147e-14, 1600456083.0182158947, -1.7186252760010602147e-14, 1600456083.0182158947, -1.2889689315898067434e-13
1600456083.0612158775, 1.7186252760010602147e-14, 1600456083.049216032, -1.7186252760010602147e-14, 1600456083.049216032, -1.2889689315898067434e-13
1600456083.0922160149, 1.7186252760010602147e-14, 1600456083.0802159309, -1.7186252760010602147e-14, 1600456083.0802159309, -1.2889689315898067434e-13
1600456083.1232159138, 1.7186252760010602147e-14, 1600456083.1112158298, -1.7186252760010602147e-14, 1600456083.1112158298, -1.2889689315898067434e-13
1600456083.1542158127, 1.7186252760010602147e-14, 1600456083.1422159672, -1.7186252760010602147e-14, 1600456083.1422159672, -1.2889689315898067434e-13
1600456083.18521595, 1.7186252760010602147e-14, 1600456083.1732158661, -1.7186252760010602147e-14, 1600456083.1732158661, -1.2889689315898067434e-13
1600456083.2162158489, 1.7186252760010602147e-14, 1600456083.2042160034, -1.7186252760010602147e-14, 1600456083.2042160034, -1.2889689315898067434e-13
1600456083.2472159863, 1.7186252760010602147e-14, 1600456083.2352159023, -1.7186252760010602147e-14, 1600456083.2352159023, -1.2889689315898067434e-13
1600456083.2782158852, 1.7186252760010602147e-14, 1600456083.2662158012, -1.7186252760010602147e-14, 1600456083.2662158012, -1.2889689315898067434e-13
1600456083.3092160225, 1.7186252760010602147e-14, 1600456083.2972159386, -1.7186252760010602147e-14, 1600456083.2972159386, -1.2889689315898067434e-13
1600456083.3402159214, 1.7186252760010602147e-14, 1600456083.3282158375, -1.7186252760010602147e-14, 1600456083.3282158375, -1.2889689315898067434e-13
1600456083.3712158203, 1.7186252760010602147e-14, 1600456083.3592159748, -1.7186252760010602147e-14, 1600456083.3592159748, -1.2889689315898067434e-13
1600456083.4022159576, 1.7186252760010602147e-14, 1600456083.3902158737, -1.7186252760010602147e-14, 1600456083.3902158737, -1.2889689315898067434e-13
1600456083.4672160149, 1.7186252760010602147e-14, 1600456083.421216011, -1.7186252760010602147e-14, 1600456083.421216011, -1.2889689315898067434e-13
1600456083.4982159138, 1.7186252760010602147e-14, 1600456083.4862158298, -1.7186252760010602147e-14, 1600456083.4862158298, -1.2889689315898067434e-13
1600456083.5292158127, 1.7186252760010602147e-14, 1600456083.5172159672, -1.7186252760010602147e-14, 1600456083.5172159672, -1.2889689315898067434e-13
1600456083.56021595, 1.7186252760010602147e-14, 1600456083.5482158661, -1.7186252760010602147e-14, 1600456083.5482158661, -1.2889689315898067434e-13
1600456083.5912158489, 1.7186252760010602147e-14, 1600456083.5792160034, -1.7186252760010602147e-14, 1600456083.5792160034, -1.2889689315898067434e-13
1600456083.6222159863, 1.7186252760010602147e-14, 1600456083.6102159023, -1.7186252760010602147e-14, 1600456083.6102159023, -1.2889689315898067434e-13
1600456083.6532158852, 1.7186252760010602147e-14, 1600456083.6412158012, -1.7186252760010602147e-14, 1600456083.6412158012, -1.2889689315898067434e-13
1600456083.6842160225, 1.7186252760010602147e-14, 1600456083.6722159386, -1.7186252760010602147e-14, 1600456083.6722159386, -1.2889689315898067434e-13
1600456083.7152159214, 1.7186252760010602147e-14, 1600456083.7032158375, -1.7186252760010602147e-14, 1600456083.7032158375, -1.2889689315898067434e-13
1600456083.7462158203, 1.7186252760010602147e-14, 1600456083.7342159748, -1.7186252760010602147e-14, 1600456083.7342159748, -1.2889689315898067434e-13
1600456083.7772159576, 1.7186252760010602147e-14, 1600456083.7652158737, -1.7186252760010602147e-14, 1600456083.7652158737, -1.2889689315898067434e-13
1600456083.8082158566, 1.7186252760010602147e-14, 1600456083.796216011, -1.7186252760010602147e-14, 1600456083.796216011, -1.2889689315898067434e-13
1600456083.8392159939, 1.7186252760010602147e-14, 1600456083.82721591, -1.7186252760010602147e-14, 1600456083.82721591, -1.2889689315898067434e-13
1600456083.8702158928, 1.7186252760010602147e-14, 1600456083.8582158089, -1.7186252760010602147e-14, 1600456083.8582158089, -1.2889689315898067434e-13
1600456083.9012160301, 1.7186252760010602147e-14, 1600456083.8892159462, -1.7186252760010602147e-14, 1600456083.8892159462, -1.2889689315898067434e-13
1600456083.932215929, 1.7186252760010602147e-14, 1600456083.9202158451, -1.7186252760010602147e-14, 1600456083.9202158451, -1.2889689315898067434e-13
1600456083.9632158279, 1.7186252760010602147e-14, 1600456083.9512159824, -1.7186252760010602147e-14, 1600456083.9512159824, -1.2889689315898067434e-13
1600456083.9942159653, 1.7186252760010602147e-14, 1600456083.9822158813, -1.7186252760010602147e-14, 1600456083.9822158813, -1.2889689315898067434e-13
