# /joint_state/header/stamp, /joint_state/velocity/0, /pid_left_state/header/stamp, /pid_left_state/error, /pid_left_state/header/stamp, /pid_left_state/output
1600367374.2545781136, 0, 1600367374.2735779285, 0, 1600367374.2735779285, 0
1600367374.2855780125, 0, 1600367374.3045780659, 0, 1600367374.3045780659, 0
1600367374.3165779114, 0, 1600367374.3355779648, 0, 1600367374.3355779648, 0
1600367374.3475780487, 0, 1600367374.3665781021, 0, 1600367374.3665781021, 0
1600367374.3785779476, 0, 1600367374.397578001, 0, 1600367374.397578001, 0
1600367374.4095780849, 0, 1600367374.4285778999, 0, 1600367374.4285778999, 0
1600367374.4405779839, 0, 1600367374.4595780373, 0, 1600367374.4595780373, 0
1600367374.4715781212, 0, 1600367374.4905779362, 0, 1600367374.4905779362, 0
1600367374.5025780201, 0, 1600367374.5215780735, 0, 1600367374.5215780735, 0
1600367374.533577919, 0, 1600367374.5525779724, 0, 1600367374.5525779724, 0
1600367374.5645780563, 0, 1600367374.5835781097, 0, 1600367374.5835781097, 0
1600367374.5955779552, 0, 1600367374.6145780087, 0, 1600367374.6145780087, 0
1600367374.6265780926, 0, 1600367374.6455779076, 0, 1600367374.6455779076, 0
1600367374.6575779915, 0, 1600367374.6765780449, 0, 1600367374.6765780449, 0
1600367374.6885778904, 0, 1600367374.7075779438, 0, 1600367374.7075779438, 0
1600367374.7195780277, 0, 1600367374.7385780811, 0, 1600367374.7385780811, 0
1600367374.7505779266, 0, 1600367374.76957798, 0, 1600367374.76957798, 0
1600367374.781578064, 0, 1600367374.8005781174, 0, 1600367374.8005781174, 0
1600367374.8125779629, 0, 1600367374.8315780163, 0, 1600367374.8315780163, 0
1600367374.8435781002, 0, 1600367374.8625779152, 0, 1600367374.8625779152, 0
1600367374.8745779991, 0, 1600367374.8935780525, 0, 1600367374.8935780525, 0
1600367374.905577898, 0, 1600367374.9245779514, 0, 1600367374.9245779514, 0
1600367374.9365780354, 0, 1600367374.9565780163, 0, 1600367374.9565780163, 0
1600367374.9675779343, 0, 1600367374.9875779152, 0, 1600367374.9875779152, 0
1600367374.9985780716, 0, 1600367375.0185780525, 0, 1600367375.0185780525, 0
1600367375.0295779705, 0, 1600367375.0495779514, 0, 1600367375.0495779514, 0
1600367375.0605781078, 0, 1600367375.0805780888, 0, 1600367375.0805780888, 0
1600367375.0915780067, 0, 1600367375.1115779877, 0, 1600367375.1115779877, 0
1600367375.1225779057, 0, 1600367375.1425778866, 0, 1600367375.1425778866, 0
1600367375.153578043, 0, 1600367375.1735780239, 0, 1600367375.1735780239, 0
1600367375.1855781078, 0, 1600367375.2045779228, 0, 1600367375.2045779228, 0
1600367375.2165780067, 0, 1600367375.2355780602, 0, 1600367375.2355780602, 0
1600367375.2475779057, 0, 1600367375.2665779591, 0, 1600367375.2665779591, 0
1600367375.278578043, 0, 1600367375.2975780964, 0, 1600367375.2975780964, 0
1600367375.3095779419, 0, 1600367375.3285779953, 0, 1600367375.3285779953, 0
1600367375.3405780792, 0, 1600367375.3595778942, 0, 1600367375.3595778942, 0
1600367375.3715779781, 0, 1600367375.3905780315, 0, 1600367375.3905780315, 0
1600367375.4025781155, 0, 1600367375.4215779305, 0, 1600367375.4215779305, 0
1600367375.4335780144, 0, 1600367375.4525780678, 0, 1600367375.4525780678, 0
1600367375.4645779133, 0, 1600367375.4835779667, 0, 1600367375.4835779667, 0
1600367375.4955780506, 0, 1600367375.514578104, 0, 1600367375.514578104, 0
1600367375.5595779419, 0, 1600367375.5785779953, 0, 1600367375.5785779953, 0
1600367375.5905780792, 0, 1600367375.6095778942, 0, 1600367375.6095778942, 0
1600367375.6215779781, 0, 1600367375.6405780315, 0, 1600367375.6405780315, 0
1600367375.6525781155, 0, 1600367375.6715779305, 0, 1600367375.6715779305, 0
1600367375.6835780144, 0, 1600367375.7025780678, 0, 1600367375.7025780678, 0
1600367375.7145779133, 0, 1600367375.7335779667, 0, 1600367375.7335779667, 0
1600367375.7455780506, 0, 1600367375.764578104, 0, 1600367375.764578104, 0
1600367375.7765779495, 0, 1600367375.7955780029, 0, 1600367375.7955780029, 0
1600367375.8075780869, 0, 1600367375.8275780678, 0, 1600367375.8275780678, 0
1600367375.8385779858, 0, 1600367375.8585779667, 0, 1600367375.8585779667, 0
1600367375.8695781231, 0, 1600367375.889578104, 0, 1600367375.889578104, 0
1600367375.900578022, 0, 1600367375.9205780029, 0, 1600367375.9205780029, 0
1600367375.9315779209, 0, 1600367375.9515779018, 0, 1600367375.9515779018, 0
1600367375.9625780582, 0, 1600367375.9825780392, 0, 1600367375.9825780392, 0
1600367375.9935779572, 0, 1600367376.0135779381, 0, 1600367376.0135779381, 0
1600367376.0245780945, 0, 1600367376.0445780754, 0, 1600367376.0445780754, 0
1600367376.0565779209, 0, 1600367376.0755779743, 0, 1600367376.0755779743, 0
1600367376.0875780582, 0, 1600367376.1065781116, 0, 1600367376.1065781116, 0
1600367376.1185779572, 0, 1600367376.1375780106, 0, 1600367376.1375780106, 0
1600367376.1495780945, 0, 1600367376.1685779095, 0, 1600367376.1685779095, 0
1600367376.1805779934, 0, 1600367376.1995780468, 0, 1600367376.1995780468, 0
1600367376.2145779133, 0, 1600367376.2335779667, 0, 1600367376.2335779667, 0
1600367376.2455780506, 0, 1600367376.264578104, 0, 1600367376.264578104, 0
1600367376.2765779495, 0, 1600367376.2955780029, 0, 1600367376.2955780029, 0
1600367376.3075780869, 0, 1600367376.3265779018, 0, 1600367376.3265779018, 0
1600367376.3385779858, 0, 1600367376.3575780392, 0, 1600367376.3575780392, 0
1600367376.3695781231, 0, 1600367376.3885779381, 0, 1600367376.3885779381, 0
1600367376.400578022, 0, 1600367376.4195780754, 0, 1600367376.4195780754, 0
1600367376.4315779209, 0, 1600367376.4515779018, 0, 1600367376.4515779018, 0
1600367376.4645779133, 0, 1600367376.4835779667, 0, 1600367376.4835779667, 0
1600367376.4955780506, 0, 1600367376.514578104, 0, 1600367376.514578104, 0
1600367376.5256071091, 0, 1600367376.5446071625, 0, 1600367376.5446071625, 0
1600367376.556607008, 0, 1600367376.5756070614, 0, 1600367376.5756070614, 0
1600367376.5876071453, 0, 1600367376.6066069603, 0, 1600367376.6066069603, 0
1600367376.6186070442, 0, 1600367376.6376070976, 0, 1600367376.6376070976, 0
1600367376.6496071815, 0, 1600367376.6686069965, 0, 1600367376.6686069965, 0
1600367376.6806070805, 0, 1600367376.6996071339, 0, 1600367376.6996071339, 0
1600367376.7116069794, 0, 1600367376.7306070328, 0, 1600367376.7306070328, 0
1600367376.7426071167, 0, 1600367376.7616071701, 0, 1600367376.7616071701, 0
1600367376.7736070156, 0, 1600367376.792607069, 0, 1600367376.792607069, 0
1600367376.8046071529, 0, 1600367376.8236069679, 0, 1600367376.8236069679, 0
1600367376.8356070518, 0, 1600367376.8546071053, 0, 1600367376.8546071053, 0
1600367376.8666071892, 0, 1600367376.8856070042, 0, 1600367376.8856070042, 0
1600367376.8976070881, 0, 1600367376.9166071415, 0, 1600367376.9166071415, 0
1600367376.928606987, 0, 1600367376.9476070404, 0, 1600367376.9476070404, 0
1600367376.9596071243, 0, 1600367376.9786071777, 0, 1600367376.9786071777, 0
1600367376.9906070232, 0, 1600367377.0096070766, 0, 1600367377.0096070766, 0
1600367377.0216071606, 0, 1600367377.0406069756, 0, 1600367377.0406069756, 0
1600367377.0526070595, 0, 1600367377.0716071129, 0, 1600367377.0716071129, 0
1600367377.0836069584, 0, 1600367377.1026070118, 0, 1600367377.1026070118, 0
1600367377.1146070957, 0, 1600367377.1336071491, 0, 1600367377.1336071491, 0
1600367377.1456069946, 0, 1600367377.1656069756, 0, 1600367377.1656069756, 0
1600367377.176607132, 0, 1600367377.1966071129, 0, 1600367377.1966071129, 0
1600367377.2076070309, 0, 1600367377.2276070118, 0, 1600367377.2276070118, 0
1600367377.2386071682, 0, 1600367377.2586071491, 0, 1600367377.2586071491, 0
1600367377.2696070671, 0, 1600367377.289607048, 0, 1600367377.289607048, 0
1600367377.300606966, 0, 1600367377.3206071854, 0, 1600367377.3206071854, 0
1600367377.3316071033, 0, 1600367377.3516070843, 0, 1600367377.3516070843, 0
1600367377.3636071682, 0, 1600367377.3826069832, 0, 1600367377.3826069832, 150
1600367377.3946070671, 0.81073361635208129883, 1600367377.4136071205, -0.81073361635208129883, 1600367377.4136071205, 150
1600367377.425606966, 2.1349318027496337891, 1600367377.4446070194, -2.1349318027496337891, 1600367377.4446070194, 150
1600367377.4566071033, 3.464534759521484375, 1600367377.4756071568, -3.464534759521484375, 1600367377.4756071568, 150
1600367377.4876070023, 4.6633396148681640625, 1600367377.5066070557, -4.6633396148681640625, 1600367377.5066070557, 150
1600367377.5186071396, 5.6223835945129394531, 1600367377.5376069546, -5.6223835945129394531, 1600367377.5376069546, 150
1600367377.5496070385, 6.4614019393920898438, 1600367377.5686070919, -6.4614019393920898438, 1600367377.5686070919, 150
1600367377.6136071682, 7.0671672821044921875, 1600367377.6326069832, -7.0671672821044921875, 1600367377.6326069832, 150
1600367377.6446070671, 7.5454454421997070313, 1600367377.6636071205, -7.5454454421997070313, 1600367377.6636071205, 150
1600367377.675606966, 8.063190460205078125, 1600367377.6946070194, -8.063190460205078125, 1600367377.6946070194, 150
1600367377.7066071033, 8.3422641754150390625, 1600367377.7256071568, -8.3422641754150390625, 1600367377.7256071568, 150
1600367377.7376070023, 8.70064544677734375, 1600367377.7566070557, -8.70064544677734375, 1600367377.7566070557, 150
1600367377.7686071396, 8.8522281646728515625, 1600367377.7876069546, -8.8522281646728515625, 1600367377.7876069546, 150
1600367377.7996070385, 9.108615875244140625, 1600367377.8186070919, -9.108615875244140625, 1600367377.8186070919, 150
1600367377.8306071758, 9.1786050796508789063, 1600367377.8496069908, -9.1786050796508789063, 1600367377.8496069908, 150
1600367377.8616070747, 9.3697175979614257813, 1600367377.8806071281, -9.3697175979614257813, 1600367377.8806071281, 150
1600367377.8926069736, 9.387485504150390625, 1600367377.9116070271, -9.387485504150390625, 1600367377.9116070271, 150
1600367377.923607111, 9.5368223190307617188, 1600367377.9426071644, -9.5368223190307617188, 1600367377.9426071644, 150
1600367377.9546070099, 9.5211696624755859375, 1600367377.9736070633, -9.5211696624755859375, 1600367377.9736070633, 150
1600367377.9856071472, 9.6437702178955078125, 1600367378.0046069622, -9.6437702178955078125, 1600367378.0046069622, 150
1600367378.0166070461, 9.60672760009765625, 1600367378.0366070271, -9.60672760009765625, 1600367378.0366070271, 150
1600367378.0476071835, 9.7122163772583007813, 1600367378.0676071644, -9.7122163772583007813, 1600367378.0676071644, 150
1600367378.0786070824, 9.6614847183227539063, 1600367378.0986070633, -9.6614847183227539063, 1600367378.0986070633, 150
1600367378.1096069813, 9.7560214996337890625, 1600367378.1296069622, -9.7560214996337890625, 1600367378.1296069622, 150
1600367378.1406071186, 9.696529388427734375, 1600367378.1606070995, -9.696529388427734375, 1600367378.1606070995, 150
1600367378.1716070175, 9.7840576171875, 1600367378.1916069984, -9.7840576171875, 1600367378.1916069984, 150
1600367378.2036070824, 9.7189579010009765625, 1600367378.2226071358, -9.7189579010009765625, 1600367378.2226071358, 150
1600367378.2346069813, 9.8020000457763671875, 1600367378.2536070347, -9.8020000457763671875, 1600367378.2536070347, 150
1600367378.2656071186, 9.7333116531372070313, 1600367378.284607172, -9.7333116531372070313, 1600367378.284607172, 150
1600367378.2966070175, 9.8134832382202148438, 1600367378.3156070709, -9.8134832382202148438, 1600367378.3156070709, 150
1600367378.3276071548, 9.7424983978271484375, 1600367378.3466069698, -9.7424983978271484375, 1600367378.3466069698, 150
1600367378.3586070538, 9.8208322525024414063, 1600367378.3776071072, -9.8208322525024414063, 1600367378.3776071072, 150
1600367378.3896071911, 9.7483777999877929688, 1600367378.4086070061, -9.7483777999877929688, 1600367378.4086070061, 150
1600367378.42060709, 9.631298065185546875, 1600367378.4396071434, -9.631298065185546875, 1600367378.4396071434, 150
1600367378.4516069889, 9.73187255859375, 1600367378.4706070423, -9.73187255859375, 1600367378.4706070423, 150
1600367378.4826071262, 9.6772098541259765625, 1600367378.5016071796, -9.6772098541259765625, 1600367378.5016071796, 150
1600367378.5136070251, 9.7686014175415039063, 1600367378.5326070786, -9.7686014175415039063, 1600367378.5326070786, 150
1600367378.5446071625, 9.706592559814453125, 1600367378.5636069775, -9.706592559814453125, 1600367378.5636069775, 150
1600367378.5756070614, 9.7921085357666015625, 1600367378.5946071148, -9.7921085357666015625, 1600367378.5946071148, 150
1600367378.6066069603, 9.7253980636596679688, 1600367378.6256070137, -9.7253980636596679688, 1600367378.6256070137, 150
1600367378.6376070976, 9.8071527481079101563, 1600367378.656607151, -9.8071527481079101563, 1600367378.656607151, 150
1600367378.6686069965, 9.7374334335327148438, 1600367378.6876070499, -9.7374334335327148438, 1600367378.6876070499, 150
1600367378.6996071339, 9.8167810440063476563, 1600367378.7186071873, -9.8167810440063476563, 1600367378.7186071873, 150
1600367378.7306070328, 9.745136260986328125, 1600367378.7496070862, -9.745136260986328125, 1600367378.7496070862, 150
1600367378.7616071701, 9.8229436874389648438, 1600367378.7806069851, -9.8229436874389648438, 1600367378.7806069851, 150
1600367378.792607069, 9.7500658035278320313, 1600367378.8116071224, -9.7500658035278320313, 1600367378.8116071224, 150
1600367378.8236069679, 9.8268871307373046875, 1600367378.8426070213, -9.8268871307373046875, 1600367378.8426070213, 150
1600367378.8546071053, 9.7532215118408203125, 1600367378.8736071587, -9.7532215118408203125, 1600367378.8736071587, 150
1600367378.8856070042, 9.829410552978515625, 1600367378.9046070576, -9.829410552978515625, 1600367378.9046070576, 150
1600367378.9166071415, 9.8903627395629882813, 1600367378.9356069565, -9.8903627395629882813, 1600367378.9356069565, 150
1600367378.9476070404, 9.8040018081665039063, 1600367378.9666070938, -9.8040018081665039063, 1600367378.9666070938, 150
1600367378.9806070328, 9.8066968917846679688, 1600367378.9996070862, -9.8066968917846679688, 1600367378.9996070862, 150
1600367379.0116071701, 9.7370691299438476563, 1600367379.0306069851, -9.7370691299438476563, 1600367379.0306069851, 150
1600367379.042607069, 9.8164892196655273438, 1600367379.0616071224, -9.8164892196655273438, 1600367379.0616071224, 150
1600367379.0736069679, 9.744903564453125, 1600367379.0926070213, -9.744903564453125, 1600367379.0926070213, 150
1600367379.1046071053, 9.8227567672729492188, 1600367379.1236071587, -9.8227567672729492188, 1600367379.1236071587, 150
1600367379.1356070042, 9.6908006668090820313, 1600367379.1546070576, -9.6908006668090820313, 1600367379.1546070576, 150
1600367379.1666071415, 9.7794742584228515625, 1600367379.1856069565, -9.7794742584228515625, 1600367379.1856069565, 150
1600367379.1976070404, 9.7152910232543945313, 1600367379.2166070938, -9.7152910232543945313, 1600367379.2166070938, 150
1600367379.2286071777, 9.7990674972534179688, 1600367379.2476069927, -9.7990674972534179688, 1600367379.2476069927, 150
1600367379.2596070766, 9.7309656143188476563, 1600367379.2786071301, -9.7309656143188476563, 1600367379.2786071301, 150
1600367379.2906069756, 9.8116064071655273438, 1600367379.309607029, -9.8116064071655273438, 1600367379.309607029, 150
1600367379.3216071129, 9.7409963607788085938, 1600367379.3406071663, -9.7409963607788085938, 1600367379.3406071663, 150
1600367379.3526070118, 9.8196315765380859375, 1600367379.3716070652, -9.8196315765380859375, 1600367379.3716070652, 150
1600367379.3836071491, 9.8825387954711914063, 1600367379.4026069641, -9.8825387954711914063, 1600367379.4026069641, 150
1600367379.414607048, 9.7977428436279296875, 1600367379.4336071014, -9.7977428436279296875, 1600367379.4336071014, 150
1600367379.4456071854, 9.86502838134765625, 1600367379.4646070004, -9.86502838134765625, 1600367379.4646070004, 150
1600367379.4766070843, 9.7837343215942382813, 1600367379.4956071377, -9.7837343215942382813, 1600367379.4956071377, 150
1600367379.5076069832, 9.8538217544555664063, 1600367379.5266070366, -9.8538217544555664063, 1600367379.5266070366, 150
1600367379.5386071205, 9.774768829345703125, 1600367379.5576071739, -9.774768829345703125, 1600367379.5576071739, 150
1600367379.5696070194, 9.846649169921875, 1600367379.5886070728, -9.846649169921875, 1600367379.5886070728, 150
1600367379.6006071568, 9.7690305709838867188, 1600367379.6196069717, -9.7690305709838867188, 1600367379.6196069717, 150
1600367379.664607048, 9.7787199020385742188, 1600367379.684607029, -9.7787199020385742188, 1600367379.684607029, 150
1600367379.6956071854, 9.7146883010864257813, 1600367379.7156071663, -9.7146883010864257813, 1600367379.7156071663, 150
1600367379.7266070843, 9.798583984375, 1600367379.7466070652, -9.798583984375, 1600367379.7466070652, 150
1600367379.7576069832, 9.8657016754150390625, 1600367379.7776069641, -9.8657016754150390625, 1600367379.7776069641, 150
1600367379.789607048, 9.7842731475830078125, 1600367379.8086071014, -9.7842731475830078125, 1600367379.8086071014, 150
1600367379.8206071854, 9.854251861572265625, 1600367379.8396070004, -9.854251861572265625, 1600367379.8396070004, 150
1600367379.8516070843, 9.7751131057739257813, 1600367379.8706071377, -9.7751131057739257813, 1600367379.8706071377, 150
1600367379.8826069832, 9.8469247817993164063, 1600367379.9016070366, -9.8469247817993164063, 1600367379.9016070366, 150
1600367379.9136071205, 9.7692518234252929688, 1600367379.9326071739, -9.7692518234252929688, 1600367379.9326071739, 150
1600367379.9446070194, 9.842235565185546875, 1600367379.9636070728, -9.842235565185546875, 1600367379.9636070728, 150
1600367379.9756071568, 9.9006223678588867188, 1600367379.9946069717, -9.9006223678588867188, 1600367379.9946069717, 150
1600367380.0066070557, 9.753093719482421875, 1600367380.0256071091, -9.753093719482421875, 1600367380.0256071091, 150
1600367380.0376069546, 9.8293085098266601563, 1600367380.056607008, -9.8293085098266601563, 1600367380.056607008, 150
1600367380.0686070919, 9.7551584243774414063, 1600367380.0876071453, -9.7551584243774414063, 1600367380.0876071453, 150
1600367380.0996069908, 9.8309612274169921875, 1600367380.1186070442, -9.8309612274169921875, 1600367380.1186070442, 150
1600367380.1306071281, 9.7564802169799804688, 1600367380.1496071815, -9.7564802169799804688, 1600367380.1496071815, 150
1600367380.1616070271, 9.8320178985595703125, 1600367380.1806070805, -9.8320178985595703125, 1600367380.1806070805, 150
1600367380.1926071644, 9.89244842529296875, 1600367380.2116069794, -9.89244842529296875, 1600367380.2116069794, 150
1600367380.2236070633, 9.8056707382202148438, 1600367380.2426071167, -9.8056707382202148438, 1600367380.2426071167, 150
1600367380.2546069622, 9.8713703155517578125, 1600367380.2736070156, -9.8713703155517578125, 1600367380.2736070156, 150
1600367380.2856070995, 9.7888078689575195313, 1600367380.3046071529, -9.7888078689575195313, 1600367380.3046071529, 150
1600367380.3166069984, 9.8578805923461914063, 1600367380.3356070518, -9.8578805923461914063, 1600367380.3356070518, 150
1600367380.3476071358, 9.9131383895874023438, 1600367380.3666071892, -9.9131383895874023438, 1600367380.3666071892, 150
1600367380.3786070347, 9.8222227096557617188, 1600367380.3976070881, -9.8222227096557617188, 1600367380.3976070881, 150
1600367380.409607172, 9.8846120834350585938, 1600367380.428606987, -9.8846120834350585938, 1600367380.428606987, 150
1600367380.4406070709, 9.7994012832641601563, 1600367380.4596071243, -9.7994012832641601563, 1600367380.4596071243, 150
1600367380.4716069698, 9.7312326431274414063, 1600367380.4906070232, -9.7312326431274414063, 1600367380.4906070232, 150
1600367380.5026071072, 9.8118200302124023438, 1600367380.5216071606, -9.8118200302124023438, 1600367380.5216071606, 150
1600367380.5336070061, 9.7411680221557617188, 1600367380.5526070595, -9.7411680221557617188, 1600367380.5526070595, 150
1600367380.5646071434, 9.8197679519653320313, 1600367380.5836069584, -9.8197679519653320313, 1600367380.5836069584, 150
1600367380.5956070423, 9.7475261688232421875, 1600367380.6146070957, -9.7475261688232421875, 1600367380.6146070957, 150
1600367380.6266071796, 9.6897325515747070313, 1600367380.6456069946, -9.6897325515747070313, 1600367380.6456069946, 150
1600367380.6576070786, 9.7786197662353515625, 1600367380.676607132, -9.7786197662353515625, 1600367380.676607132, 150
1600367380.6886069775, 9.7146081924438476563, 1600367380.7076070309, -9.7146081924438476563, 1600367380.7076070309, 150
1600367380.7196071148, 9.7985200881958007813, 1600367380.7386071682, -9.7985200881958007813, 1600367380.7386071682, 150
1600367380.7506070137, 9.7305278778076171875, 1600367380.7696070671, -9.7305278778076171875, 1600367380.7696070671, 150
1600367380.781607151, 9.81125640869140625, 1600367380.801607132, -9.81125640869140625, 1600367380.801607132, 150
1600367380.8126070499, 9.8758392333984375, 1600367380.8326070309, -9.8758392333984375, 1600367380.8326070309, 150
1600367380.8436071873, 9.7923831939697265625, 1600367380.8636071682, -9.7923831939697265625, 1600367380.8636071682, 150
1600367380.8746070862, 9.86074066162109375, 1600367380.8946070671, -9.86074066162109375, 1600367380.8946070671, 150
1600367380.9056069851, 9.9154262542724609375, 1600367380.925606966, -9.9154262542724609375, 1600367380.925606966, 150
1600367380.9366071224, 9.8240528106689453125, 1600367380.9566071033, -9.8240528106689453125, 1600367380.9566071033, 150
1600367380.9686071873, 9.8860759735107421875, 1600367380.9876070023, -9.8860759735107421875, 1600367380.9876070023, 150
1600367380.9996070862, 9.8005723953247070313, 1600367381.0186071396, -9.8005723953247070313, 1600367381.0186071396, 150
1600367381.0306069851, 9.73217010498046875, 1600367381.0496070385, -9.73217010498046875, 1600367381.0496070385, 150
1600367381.0616071224, 9.8125696182250976563, 1600367381.0806071758, -9.8125696182250976563, 1600367381.0806071758, 150
1600367381.0926070213, 9.74176788330078125, 1600367381.1116070747, -9.74176788330078125, 1600367381.1116070747, 150
1600367381.1236071587, 9.820247650146484375, 1600367381.1426069736, -9.820247650146484375, 1600367381.1426069736, 150
1600367381.1546070576, 9.8196935653686523438, 1600367381.173607111, -9.8196935653686523438, 1600367381.173607111, 150
1600367381.1856069565, 9.747467041015625, 1600367381.2046070099, -9.747467041015625, 1600367381.2046070099, 150
1600367381.2196071148, 9.769168853759765625, 1600367381.2386071682, -9.769168853759765625, 1600367381.2386071682, 150
1600367381.2506070137, 9.8421688079833984375, 1600367381.2696070671, -9.8421688079833984375, 1600367381.2696070671, 150
1600367381.281607151, 9.9005689620971679688, 1600367381.300606966, -9.9005689620971679688, 1600367381.300606966, 150
1600367381.3126070499, 9.8121671676635742188, 1600367381.3316071033, -9.8121671676635742188, 1600367381.3316071033, 150
1600367381.3436071873, 9.876567840576171875, 1600367381.3626070023, -9.876567840576171875, 1600367381.3626070023, 150
1600367381.3746070862, 9.7929658889770507813, 1600367381.3936071396, -9.7929658889770507813, 1600367381.3936071396, 150
1600367381.4056069851, 9.8612070083618164063, 1600367381.425606966, -9.8612070083618164063, 1600367381.425606966, 150
1600367381.4366071224, 9.7806768417358398438, 1600367381.4566071033, -9.7806768417358398438, 1600367381.4566071033, 150
1600367381.4676070213, 9.7162532806396484375, 1600367381.4876070023, -9.7162532806396484375, 1600367381.4876070023, 150
1600367381.5006070137, 9.676998138427734375, 1600367381.5196070671, -9.676998138427734375, 1600367381.5196070671, 150
1600367381.5310227871, 9.6333103179931640625, 1600367381.5500228405, -9.6333103179931640625, 1600367381.5500228405, 150
1600367381.5620229244, 9.73348236083984375, 1600367381.5810229778, -9.73348236083984375, 1600367381.5810229778, 150
1600367381.5930228233, 9.678497314453125, 1600367381.6120228767, -9.678497314453125, 1600367381.6120228767, 150
1600367381.6240229607, 9.634510040283203125, 1600367381.6430227757, -9.634510040283203125, 1600367381.6430227757, 150
1600367381.6550228596, 9.7344417572021484375, 1600367381.674022913, -9.7344417572021484375, 1600367381.674022913, 150
1600367381.7190229893, 9.751049041748046875, 1600367381.7380228043, -9.751049041748046875, 1600367381.7380228043, 150
1600367381.7500228882, 9.8276729583740234375, 1600367381.7690229416, -9.8276729583740234375, 1600367381.7690229416, 150
1600367381.7810227871, 9.7538499832153320313, 1600367381.8000228405, -9.7538499832153320313, 1600367381.8000228405, 150
1600367381.8120229244, 9.829914093017578125, 1600367381.8320229053, -9.829914093017578125, 1600367381.8320229053, 150
1600367381.8430228233, 9.7556428909301757813, 1600367381.8630228043, -9.7556428909301757813, 1600367381.8630228043, 150
1600367381.8740229607, 9.831348419189453125, 1600367381.8940229416, -9.831348419189453125, 1600367381.8940229416, 150
1600367381.9050228596, 9.8919124603271484375, 1600367381.9250228405, -9.8919124603271484375, 1600367381.9250228405, 150
1600367381.9360229969, 9.8052415847778320313, 1600367381.9560229778, -9.8052415847778320313, 1600367381.9560229778, 150
1600367381.9670228958, 9.8710269927978515625, 1600367381.9870228767, -9.8710269927978515625, 1600367381.9870228767, 150
1600367381.9990229607, 9.7885332107543945313, 1600367382.0180227757, -9.7885332107543945313, 1600367382.0180227757, 150
1600367382.0300228596, 9.8576612472534179688, 1600367382.049022913, -9.8576612472534179688, 1600367382.049022913, 150
1600367382.0610229969, 9.7778406143188476563, 1600367382.0800228119, -9.7778406143188476563, 1600367382.0800228119, 150
1600367382.0920228958, 9.7139844894409179688, 1600367382.1110229492, -9.7139844894409179688, 1600367382.1110229492, 150
1600367382.1230227947, 9.7980213165283203125, 1600367382.1420228481, -9.7980213165283203125, 1600367382.1420228481, 150
1600367382.1540229321, 9.7301282882690429688, 1600367382.1730229855, -9.7301282882690429688, 1600367382.1730229855, 150
1600367382.185022831, 9.6758146286010742188, 1600367382.2040228844, -9.6758146286010742188, 1600367382.2040228844, 150
1600367382.2160229683, 9.7041473388671875, 1600367382.2350227833, -9.7041473388671875, 1600367382.2350227833, 150
1600367382.2470228672, 9.655029296875, 1600367382.2660229206, -9.655029296875, 1600367382.2660229206, 150
1600367382.2780230045, 9.7508573532104492188, 1600367382.2970228195, -9.7508573532104492188, 1600367382.2970228195, 150
1600367382.3090229034, 9.8275203704833984375, 1600367382.3280229568, -9.8275203704833984375, 1600367382.3280229568, 150
1600367382.3400228024, 9.7537279129028320313, 1600367382.3590228558, -9.7537279129028320313, 1600367382.3590228558, 150
1600367382.3710229397, 9.8298158645629882813, 1600367382.3900229931, -9.8298158645629882813, 1600367382.3900229931, 150
1600367382.4020228386, 9.7555646896362304688, 1600367382.421022892, -9.7555646896362304688, 1600367382.421022892, 150
1600367382.4330229759, 9.696163177490234375, 1600367382.4520227909, -9.696163177490234375, 1600367382.4520227909, 150
1600367382.4640228748, 9.7837648391723632813, 1600367382.4830229282, -9.7837648391723632813, 1600367382.4830229282, 150
1600367382.4950227737, 9.718723297119140625, 1600367382.5140228271, -9.718723297119140625, 1600367382.5140228271, 150
1600367382.5260229111, 9.8018131256103515625, 1600367382.5450229645, -9.8018131256103515625, 1600367382.5450229645, 150
1600367382.55702281, 9.8682842254638671875, 1600367382.5760228634, -9.8682842254638671875, 1600367382.5760228634, 150
1600367382.5880229473, 9.78633880615234375, 1600367382.6070230007, -9.78633880615234375, 1600367382.6070230007, 150
1600367382.6190228462, 9.8559055328369140625, 1600367382.6380228996, -9.8559055328369140625, 1600367382.6380228996, 150
1600367382.6500229836, 9.77643585205078125, 1600367382.6690227985, -9.77643585205078125, 1600367382.6690227985, 150
1600367382.6810228825, 9.8479824066162109375, 1600367382.7000229359, -9.8479824066162109375, 1600367382.7000229359, 150
1600367382.7120227814, 9.7700977325439453125, 1600367382.7310228348, -9.7700977325439453125, 1600367382.7310228348, 150
1600367382.7430229187, 9.707790374755859375, 1600367382.7620229721, -9.707790374755859375, 1600367382.7620229721, 150
1600367382.7740228176, 9.7930660247802734375, 1600367382.793022871, -9.7930660247802734375, 1600367382.793022871, 150
1600367382.8050229549, 9.7261648178100585938, 1600367382.8240227699, -9.7261648178100585938, 1600367382.8240227699, 150
1600367382.8360228539, 9.6726436614990234375, 1600367382.8550229073, -9.6726436614990234375, 1600367382.8550229073, 150
1600367382.8670229912, 9.7649488449096679688, 1600367382.8860228062, -9.7649488449096679688, 1600367382.8860228062, 150
1600367382.8980228901, 9.8387928009033203125, 1600367382.9170229435, -9.8387928009033203125, 1600367382.9170229435, 150
1600367382.929022789, 9.7627458572387695313, 1600367382.9480228424, -9.7627458572387695313, 1600367382.9480228424, 150
1600367382.9600229263, 9.8370304107666015625, 1600367382.9790229797, -9.8370304107666015625, 1600367382.9790229797, 150
1600367382.9910228252, 9.7613363265991210938, 1600367383.0110228062, -9.7613363265991210938, 1600367383.0110228062, 150
1600367383.0220229626, 9.835903167724609375, 1600367383.0420229435, -9.835903167724609375, 1600367383.0420229435, 150
1600367383.0530228615, 9.8955564498901367188, 1600367383.0730228424, -9.8955564498901367188, 1600367383.0730228424, 150
1600367383.0840229988, 9.8081569671630859375, 1600367383.1040229797, -9.8081569671630859375, 1600367383.1040229797, 150
1600367383.1150228977, 9.87335968017578125, 1600367383.1350228786, -9.87335968017578125, 1600367383.1350228786, 150
1600367383.1470229626, 9.7903995513916015625, 1600367383.1660227776, -9.7903995513916015625, 1600367383.1660227776, 150
1600367383.1780228615, 9.7240314483642578125, 1600367383.1970229149, -9.7240314483642578125, 1600367383.1970229149, 150
1600367383.2090229988, 9.8060588836669921875, 1600367383.2280228138, -9.8060588836669921875, 1600367383.2280228138, 150
1600367383.2400228977, 9.7365589141845703125, 1600367383.2590229511, -9.7365589141845703125, 1600367383.2590229511, 150
1600367383.2710227966, 9.8160810470581054688, 1600367383.29002285, -9.8160810470581054688, 1600367383.29002285, 150
1600367383.302022934, 9.7445764541625976563, 1600367383.3210229874, -9.7445764541625976563, 1600367383.3210229874, 150
1600367383.3330228329, 9.6873731613159179688, 1600367383.3520228863, -9.6873731613159179688, 1600367383.3520228863, 150
1600367383.3640229702, 9.7133941650390625, 1600367383.3830227852, -9.7133941650390625, 1600367383.3830227852, 150
1600367383.3950228691, 9.6624269485473632813, 1600367383.4140229225, -9.6624269485473632813, 1600367383.4140229225, 150
1600367383.4260230064, 9.75677490234375, 1600367383.4450228214, -9.75677490234375, 1600367383.4450228214, 150
1600367383.4570229053, 9.8322544097900390625, 1600367383.4760229588, -9.8322544097900390625, 1600367383.4760229588, 150
1600367383.4880228043, 9.75751495361328125, 1600367383.5070228577, -9.75751495361328125, 1600367383.5070228577, 150
1600367383.5190229416, 9.697723388671875, 1600367383.538022995, -9.697723388671875, 1600367383.538022995, 150
1600367383.5500228405, 9.7850131988525390625, 1600367383.5690228939, -9.7850131988525390625, 1600367383.5690228939, 150
1600367383.5810229778, 9.7197217941284179688, 1600367383.6000227928, -9.7197217941284179688, 1600367383.6000227928, 150
1600367383.6120228767, 9.6674890518188476563, 1600367383.6310229301, -9.6674890518188476563, 1600367383.6310229301, 150
1600367383.6430227757, 9.7608251571655273438, 1600367383.6620228291, -9.7608251571655273438, 1600367383.6620228291, 150
1600367383.674022913, 9.7003717422485351563, 1600367383.6930229664, -9.7003717422485351563, 1600367383.6930229664, 150
1600367383.7050228119, 9.7871313095092773438, 1600367383.7240228653, -9.7871313095092773438, 1600367383.7240228653, 150
1600367383.7690229416, 9.7932004928588867188, 1600367383.788022995, -9.7932004928588867188, 1600367383.788022995, 150
1600367383.8000228405, 9.8613948822021484375, 1600367383.8190228939, -9.8613948822021484375, 1600367383.8190228939, 150
1600367383.8310229778, 9.7808275222778320313, 1600367383.8500227928, -9.7808275222778320313, 1600367383.8500227928, 150
1600367383.8620228767, 9.8514957427978515625, 1600367383.8820228577, -9.8514957427978515625, 1600367383.8820228577, 150
1600367383.8930227757, 9.9080305099487304688, 1600367383.913022995, -9.9080305099487304688, 1600367383.913022995, 150
1600367383.924022913, 9.8181362152099609375, 1600367383.9440228939, -9.8181362152099609375, 1600367383.9440228939, 150
1600367383.9550228119, 9.8813428878784179688, 1600367383.9750227928, -9.8813428878784179688, 1600367383.9750227928, 150
1600367383.9860229492, 9.7967863082885742188, 1600367384.0060229301, -9.7967863082885742188, 1600367384.0060229301, 150
1600367384.0190229416, 9.8683576583862304688, 1600367384.038022995, -9.8683576583862304688, 1600367384.038022995, 150
1600367384.0497238636, 9.7863979339599609375, 1600367384.068723917, -9.7863979339599609375, 1600367384.068723917, 150
1600367384.0807240009, 9.7208299636840820313, 1600367384.0997240543, -9.7208299636840820313, 1600367384.0997240543, 150
1600367384.1117238998, 9.8034982681274414063, 1600367384.1307239532, -9.8034982681274414063, 1600367384.1307239532, 150
1600367384.1427240372, 9.8696317672729492188, 1600367384.1617238522, -9.8696317672729492188, 1600367384.1617238522, 150
1600367384.1737239361, 9.7874174118041992188, 1600367384.1927239895, -9.7874174118041992188, 1600367384.1927239895, 150
1600367384.2047240734, 9.8567676544189453125, 1600367384.2237238884, -9.8567676544189453125, 1600367384.2237238884, 150
1600367384.2357239723, 9.9122486114501953125, 1600367384.2547240257, -9.9122486114501953125, 1600367384.2547240257, 150
1600367384.2667238712, 9.82151031494140625, 1600367384.2857239246, -9.82151031494140625, 1600367384.2857239246, 150
1600367384.2977240086, 9.8840427398681640625, 1600367384.316724062, -9.8840427398681640625, 1600367384.316724062, 150
1600367384.3287239075, 9.7989454269409179688, 1600367384.3477239609, -9.7989454269409179688, 1600367384.3477239609, 150
1600367384.3597240448, 9.8659906387329101563, 1600367384.3787238598, -9.8659906387329101563, 1600367384.3787238598, 150
1600367384.3907239437, 9.784503936767578125, 1600367384.4097239971, -9.784503936767578125, 1600367384.4097239971, 150
1600367384.421724081, 9.7193145751953125, 1600367384.440723896, -9.7193145751953125, 1600367384.440723896, 150
1600367384.4527239799, 9.8022861480712890625, 1600367384.4717240334, -9.8022861480712890625, 1600367384.4717240334, 150
1600367384.4837238789, 9.7335405349731445313, 1600367384.5027239323, -9.7335405349731445313, 1600367384.5027239323, 150
1600367384.5147240162, 9.8136663436889648438, 1600367384.5337240696, -9.8136663436889648438, 1600367384.5337240696, 150
1600367384.5457239151, 9.7426443099975585938, 1600367384.5647239685, -9.7426443099975585938, 1600367384.5647239685, 150
1600367384.5767240524, 9.6858272552490234375, 1600367384.5967240334, -9.6858272552490234375, 1600367384.5967240334, 150
1600367384.6077239513, 9.7754955291748046875, 1600367384.6277239323, -9.7754955291748046875, 1600367384.6277239323, 150
1600367384.6387238503, 9.712108612060546875, 1600367384.6587240696, -9.712108612060546875, 1600367384.6587240696, 150
1600367384.6697239876, 9.7965211868286132813, 1600367384.6897239685, -9.7965211868286132813, 1600367384.6897239685, 150
1600367384.7007238865, 9.8640508651733398438, 1600367384.7207238674, -9.8640508651733398438, 1600367384.7207238674, 150
1600367384.7317240238, 9.7829523086547851563, 1600367384.7517240047, -9.7829523086547851563, 1600367384.7517240047, 150
1600367384.7637238503, 9.8531961441040039063, 1600367384.7827239037, -9.8531961441040039063, 1600367384.7827239037, 150
1600367384.7947239876, 9.9093904495239257813, 1600367384.813724041, -9.9093904495239257813, 1600367384.813724041, 150
1600367384.8257238865, 9.8192243576049804688, 1600367384.8447239399, -9.8192243576049804688, 1600367384.8447239399, 150
1600367384.8567240238, 9.882213592529296875, 1600367384.8757240772, -9.882213592529296875, 1600367384.8757240772, 150
1600367384.8877239227, 9.9326047897338867188, 1600367384.9067239761, -9.9326047897338867188, 1600367384.9067239761, 150
1600367384.9187240601, 9.837795257568359375, 1600367384.937723875, -9.837795257568359375, 1600367384.937723875, 150
1600367384.949723959, 9.8337316513061523438, 1600367384.9687240124, -9.8337316513061523438, 1600367384.9687240124, 150
1600367384.9807238579, 9.758697509765625, 1600367384.9997239113, -9.758697509765625, 1600367384.9997239113, 150
1600367385.0117239952, 9.8337917327880859375, 1600367385.0307240486, -9.8337917327880859375, 1600367385.0307240486, 150
1600367385.0427238941, 9.89386749267578125, 1600367385.0617239475, -9.89386749267578125, 1600367385.0617239475, 150
1600367385.0737240314, 9.8068056106567382813, 1600367385.0927238464, -9.8068056106567382813, 1600367385.0927238464, 150
1600367385.1047239304, 9.8722782135009765625, 1600367385.1237239838, -9.8722782135009765625, 1600367385.1237239838, 150
1600367385.1357240677, 9.7895345687866210938, 1600367385.1547238827, -9.7895345687866210938, 1600367385.1547238827, 150
1600367385.1667239666, 9.8584613800048828125, 1600367385.18572402, -9.8584613800048828125, 1600367385.18572402, 150
1600367385.1977238655, 9.9136028289794921875, 1600367385.2167239189, -9.9136028289794921875, 1600367385.2167239189, 150
1600367385.2287240028, 9.8225946426391601563, 1600367385.2477240562, -9.8225946426391601563, 1600367385.2477240562, 150
1600367385.2597239017, 9.8849096298217773438, 1600367385.2787239552, -9.8849096298217773438, 1600367385.2787239552, 150
1600367385.2907240391, 9.7996387481689453125, 1600367385.3097238541, -9.7996387481689453125, 1600367385.3097238541, 150
1600367385.321723938, 9.8665456771850585938, 1600367385.3407239914, -9.8665456771850585938, 1600367385.3407239914, 150
1600367385.3527240753, 9.920070648193359375, 1600367385.3717238903, -9.920070648193359375, 1600367385.3717238903, 150
1600367385.3837239742, 9.8277683258056640625, 1600367385.4027240276, -9.8277683258056640625, 1600367385.4027240276, 150
1600367385.4147238731, 9.8890485763549804688, 1600367385.4337239265, -9.8890485763549804688, 1600367385.4337239265, 150
1600367385.4457240105, 9.93807220458984375, 1600367385.4647240639, -9.93807220458984375, 1600367385.4647240639, 150
1600367385.4767239094, 9.8421697616577148438, 1600367385.4957239628, -9.8421697616577148438, 1600367385.4957239628, 150
1600367385.5077240467, 9.900569915771484375, 1600367385.5267238617, -9.900569915771484375, 1600367385.5267238617, 150
1600367385.5387239456, 9.8121671676635742188, 1600367385.557723999, -9.8121671676635742188, 1600367385.557723999, 150
1600367385.5697240829, 9.7414455413818359375, 1600367385.5887238979, -9.7414455413818359375, 1600367385.5887238979, 150
1600367385.6007239819, 9.8199901580810546875, 1600367385.6197240353, -9.8199901580810546875, 1600367385.6197240353, 150
1600367385.6317238808, 9.7477045059204101563, 1600367385.6507239342, -9.7477045059204101563, 1600367385.6507239342, 150
1600367385.6627240181, 9.8249969482421875, 1600367385.6817240715, -9.8249969482421875, 1600367385.6817240715, 150
1600367385.693723917, 9.8868322372436523438, 1600367385.7127239704, -9.8868322372436523438, 1600367385.7127239704, 150
1600367385.7247240543, 9.8011770248413085938, 1600367385.7447240353, -9.8011770248413085938, 1600367385.7447240353, 150
1600367385.7557239532, 9.8677759170532226563, 1600367385.7757239342, -9.8677759170532226563, 1600367385.7757239342, 150
1600367385.8207240105, 9.857715606689453125, 1600367385.8397240639, -9.857715606689453125, 1600367385.8397240639, 150
1600367385.8517239094, 9.8496685028076171875, 1600367385.8707239628, -9.8496685028076171875, 1600367385.8707239628, 150
1600367385.8827240467, 9.77144622802734375, 1600367385.9017238617, -9.77144622802734375, 1600367385.9017238617, 150
1600367385.9137239456, 9.8439912796020507813, 1600367385.932723999, -9.8439912796020507813, 1600367385.932723999, 150
1600367385.9447240829, 9.7669048309326171875, 1600367385.9637238979, -9.7669048309326171875, 1600367385.9637238979, 150
1600367385.9757239819, 9.8403577804565429688, 1600367385.9947240353, -9.8403577804565429688, 1600367385.9947240353, 150
1600367386.0067238808, 9.899120330810546875, 1600367386.0257239342, -9.899120330810546875, 1600367386.0257239342, 150
1600367386.0377240181, 9.8110074996948242188, 1600367386.0567240715, -9.8110074996948242188, 1600367386.0567240715, 150
1600367386.068723917, 9.8756399154663085938, 1600367386.0877239704, -9.8756399154663085938, 1600367386.0877239704, 150
1600367386.0997240543, 9.9273462295532226563, 1600367386.1187238693, -9.9273462295532226563, 1600367386.1187238693, 150
1600367386.1307239532, 9.8335886001586914063, 1600367386.1497240067, -9.8335886001586914063, 1600367386.1497240067, 150
1600367386.1617238522, 9.8937044143676757813, 1600367386.1807239056, -9.8937044143676757813, 1600367386.1807239056, 150
1600367386.1927239895, 9.8066759109497070313, 1600367386.2117240429, -9.8066759109497070313, 1600367386.2117240429, 150
1600367386.2267239094, 9.93973541259765625, 1600367386.2467238903, -9.93973541259765625, 1600367386.2467238903, 150
1600367386.2587239742, 9.8435001373291015625, 1600367386.2777240276, -9.8435001373291015625, 1600367386.2777240276, 150
1600367386.2897238731, 9.90163421630859375, 1600367386.3087239265, -9.90163421630859375, 1600367386.3087239265, 150
1600367386.3207240105, 9.813018798828125, 1600367386.3397240639, -9.813018798828125, 1600367386.3397240639, 150
1600367386.3517239094, 9.74212646484375, 1600367386.3707239628, -9.74212646484375, 1600367386.3707239628, 150
1600367386.3827240467, 9.8205356597900390625, 1600367386.4017238617, -9.8205356597900390625, 1600367386.4017238617, 150
1600367386.4137239456, 9.7481403350830078125, 1600367386.432723999, -9.7481403350830078125, 1600367386.432723999, 150
1600367386.4447240829, 9.7620077133178710938, 1600367386.4637238979, -9.7620077133178710938, 1600367386.4637238979, 150
1600367386.4757239819, 9.7013177871704101563, 1600367386.4947240353, -9.7013177871704101563, 1600367386.4947240353, 150
1600367386.5067238808, 9.7878885269165039063, 1600367386.5257239342, -9.7878885269165039063, 1600367386.5257239342, 150
1600367386.5387239456, 9.7938060760498046875, 1600367386.557723999, -9.7938060760498046875, 1600367386.557723999, 150
1600367386.5697410107, 9.8618783950805664063, 1600367386.5887410641, -9.8618783950805664063, 1600367386.5887410641, 150
1600367386.600741148, 9.7812147140502929688, 1600367386.6197412014, -9.7812147140502929688, 1600367386.6197412014, 150
1600367386.6317410469, 9.7166833877563476563, 1600367386.6507411003, -9.7166833877563476563, 1600367386.6507411003, 150
1600367386.6627411842, 9.8001804351806640625, 1600367386.6817409992, -9.8001804351806640625, 1600367386.6817409992, 150
1600367386.6937410831, 9.7318563461303710938, 1600367386.7127411366, -9.7318563461303710938, 1600367386.7127411366, 150
1600367386.7247412205, 9.677196502685546875, 1600367386.7437410355, -9.677196502685546875, 1600367386.7437410355, 150
1600367386.7557411194, 9.7685909271240234375, 1600367386.7747411728, -9.7685909271240234375, 1600367386.7747411728, 150
1600367386.7867410183, 9.706584930419921875, 1600367386.8067409992, -9.706584930419921875, 1600367386.8067409992, 150
1600367386.8177411556, 9.7921018600463867188, 1600367386.8377411366, -9.7921018600463867188, 1600367386.8377411366, 150
1600367386.8487410545, 9.7253932952880859375, 1600367386.8687410355, -9.7253932952880859375, 1600367386.8687410355, 0
1600367386.8797411919, 8.8612928390502929688, 1600367386.8997411728, -8.8612928390502929688, 1600367386.8997411728, 0
1600367386.9107410908, 7.4944009780883789063, 1600367386.9307410717, -7.4944009780883789063, 1600367386.9307410717, 0
1600367386.9417412281, 5.9955205917358398438, 1600367386.961741209, -5.9955205917358398438, 1600367386.961741209, 0
1600367386.972741127, 4.7964167594909667969, 1600367386.9927411079, -4.7964167594909667969, 1600367386.9927411079, 0
1600367387.0037410259, 3.8371331691741943359, 1600367387.0237410069, -3.8371331691741943359, 1600367387.0237410069, 0
1600367387.0357410908, 3.0697066783905029297, 1600367387.0547411442, -3.0697066783905029297, 1600367387.0547411442, 0
1600367387.0667412281, 2.4557652473449707031, 1600367387.0857410431, -2.4557652473449707031, 1600367387.0857410431, 0
1600367387.097741127, 1.9646122455596923828, 1600367387.1167411804, -1.9646122455596923828, 1600367387.1167411804, 0
1600367387.1287410259, 1.5716897249221801758, 1600367387.1477410793, -1.5716897249221801758, 1600367387.1477410793, 0
1600367387.1597411633, 1.2573518753051757813, 1600367387.1787412167, -1.2573518753051757813, 1600367387.1787412167, 0
1600367387.1907410622, 1.0058814287185668945, 1600367387.2097411156, -1.0058814287185668945, 1600367387.2097411156, 0
1600367387.2217411995, 0.80470514297485351563, 1600367387.2407410145, -0.80470514297485351563, 1600367387.2407410145, 0
1600367387.2527410984, 0.64376413822174072266, 1600367387.2717411518, -0.64376413822174072266, 1600367387.2717411518, 0
1600367387.2837409973, 0.51501131057739257813, 1600367387.3027410507, -0.51501131057739257813, 1600367387.3027410507, 0
1600367387.3147411346, 0.41200906038284301758, 1600367387.333741188, -0.41200906038284301758, 1600367387.333741188, 0
1600367387.3457410336, 0.32960724830627441406, 1600367387.364741087, -0.32960724830627441406, 1600367387.364741087, 0
1600367387.3767411709, 0.26368579268455505371, 1600367387.3957412243, -0.26368579268455505371, 1600367387.3957412243, 0
1600367387.4077410698, 0.2109486311674118042, 1600367387.4267411232, -0.2109486311674118042, 1600367387.4267411232, 0
1600367387.4387412071, 0.16875889897346496582, 1600367387.4577410221, -0.16875889897346496582, 1600367387.4577410221, 0
1600367387.469741106, 0.13500712811946868896, 1600367387.4887411594, -0.13500712811946868896, 1600367387.4887411594, 0
1600367387.5007410049, 0.10800570249557495117, 1600367387.5197410583, -0.10800570249557495117, 1600367387.5197410583, 0
1600367387.5317411423, 0.086404561996459960938, 1600367387.5507411957, -0.086404561996459960938, 1600367387.5507411957, 0
1600367387.5627410412, 0.069123648107051849365, 1600367387.5817410946, -0.069123648107051849365, 1600367387.5817410946, 0
1600367387.5937411785, 0.055298916995525360107, 1600367387.6127409935, -0.055298916995525360107, 1600367387.6127409935, 0
1600367387.6247410774, 0.044239133596420288086, 1600367387.6437411308, -0.044239133596420288086, 1600367387.6437411308, 0
1600367387.6557412148, 0.035391308367252349854, 1600367387.6747410297, -0.035391308367252349854, 1600367387.6747410297, 0
1600367387.6867411137, 0.028313046321272850037, 1600367387.7057411671, -0.028313046321272850037, 1600367387.7057411671, 0
1600367387.7177410126, 0.022650437429547309875, 1600367387.736741066, -0.022650437429547309875, 1600367387.736741066, 0
1600367387.7487411499, 0.018120350316166877747, 1600367387.7677412033, -0.018120350316166877747, 1600367387.7677412033, 0
1600367387.7797410488, 0.014496279880404472351, 1600367387.7987411022, -0.014496279880404472351, 1600367387.7987411022, 0
1600367387.8107411861, 0.011597023345530033112, 1600367387.8297410011, -0.011597023345530033112, 1600367387.8297410011, 0
1600367387.8747410774, 0.0092776184901595115662, 1600367387.8947410583, -0.0092776184901595115662, 1600367387.8947410583, 0
1600367387.9067411423, 0.0074220951646566390991, 1600367387.9257411957, -0.0074220951646566390991, 1600367387.9257411957, 0
1600367387.9377410412, 0.0059376759454607963562, 1600367387.9567410946, -0.0059376759454607963562, 1600367387.9567410946, 0
1600367387.9687411785, 0.0047501409426331520081, 1600367387.9877409935, -0.0047501409426331520081, 1600367387.9877409935, 0
1600367387.9997410774, 0.0038001127541065216064, 1600367388.0187411308, -0.0038001127541065216064, 1600367388.0187411308, 0
1600367388.0307412148, 0.0030400902032852172852, 1600367388.0497410297, -0.0030400902032852172852, 1600367388.0497410297, 0
1600367388.0617411137, 0.0024320720694959163666, 1600367388.0807411671, -0.0024320720694959163666, 1600367388.0807411671, 0
1600367388.0927410126, 0.0019456576555967330933, 1600367388.111741066, -0.0019456576555967330933, 1600367388.111741066, 0
1600367388.1237411499, 0.0015565261710435152054, 1600367388.1427412033, -0.0015565261710435152054, 1600367388.1427412033, 0
1600367388.1547410488, 0.0012452208902686834335, 1600367388.1737411022, -0.0012452208902686834335, 1600367388.1737411022, 0
1600367388.1857411861, 0.00099617673549801111221, 1600367388.2047410011, -0.00099617673549801111221, 1600367388.2047410011, 0
1600367388.2167410851, 0.00079694140003994107246, 1600367388.2357411385, -0.00079694140003994107246, 1600367388.2357411385, 0
1600367388.2477412224, 0.00063755310839042067528, 1600367388.2667410374, -0.00063755310839042067528, 1600367388.2667410374, 0
1600367388.2787411213, 0.00051004247507080435753, 1600367388.2977411747, -0.00051004247507080435753, 1600367388.2977411747, 0
1600367388.3097410202, 0.00040803398587740957737, 1600367388.3287410736, -0.00040803398587740957737, 1600367388.3287410736, 0
1600367388.3407411575, 0.00032642719452269375324, 1600367388.3597412109, -0.00032642719452269375324, 1600367388.3597412109, 0
1600367388.3717410564, 0.0002611417439766228199, 1600367388.3907411098, -0.0002611417439766228199, 1600367388.3907411098, 0
1600367388.4027411938, 0.00020891340682283043861, 1600367388.4217410088, -0.00020891340682283043861, 1600367388.4217410088, 0
1600367388.4337410927, 0.00016713072545826435089, 1600367388.4527411461, -0.00016713072545826435089, 1600367388.4527411461, 0
1600367388.46474123, 0.00013370458327699452639, 1600367388.483741045, -0.00013370458327699452639, 1600367388.483741045, 0
1600367388.4957411289, 0.00010696366371121257544, 1600367388.5147411823, -0.00010696366371121257544, 1600367388.5147411823, 0
1600367388.5267410278, 8.5570929513778537512e-5, 1600367388.5457410812, -8.5570929513778537512e-5, 1600367388.5457410812, 0
1600367388.5577411652, 6.8456742155831307173e-5, 1600367388.5767412186, -6.8456742155831307173e-5, 1600367388.5767412186, 0
1600367388.5887410641, 5.4765394452260807157e-5, 1600367388.6077411175, -5.4765394452260807157e-5, 1600367388.6077411175, 0
1600367388.6197412014, 4.3812317017000168562e-5, 1600367388.6387410164, -4.3812317017000168562e-5, 1600367388.6387410164, 0
1600367388.6507411003, 3.5049852158408612013e-5, 1600367388.6697411537, -3.5049852158408612013e-5, 1600367388.6697411537, 0
1600367388.6817409992, 2.8039883545716293156e-5, 1600367388.7007410526, -2.8039883545716293156e-5, 1600367388.7007410526, 0
1600367388.7127411366, 2.2431906472775153816e-5, 1600367388.73174119, -2.2431906472775153816e-5, 1600367388.73174119, 0
1600367388.7437410355, 1.7945525542018003762e-5, 1600367388.7627410889, -1.7945525542018003762e-5, 1600367388.7627410889, 0
1600367388.7747411728, 1.4356420251715462655e-5, 1600367388.7937412262, -1.4356420251715462655e-5, 1600367388.7937412262, 0
1600367388.8057410717, 1.1485136383271310478e-5, 1600367388.8257410526, -1.1485136383271310478e-5, 1600367388.8257410526, 0
1600367388.836741209, 9.1881083790212869644e-6, 1600367388.85674119, -9.1881083790212869644e-6, 1600367388.85674119, 0
1600367388.8677411079, 7.3504870670149102807e-6, 1600367388.8877410889, -7.3504870670149102807e-6, 1600367388.8877410889, 0
1600367388.8987410069, 5.8803898355108685791e-6, 1600367388.9187412262, -5.8803898355108685791e-6, 1600367388.9187412262, 0
1600367388.9297411442, 4.704311777459224686e-6, 1600367388.9497411251, -4.704311777459224686e-6, 1600367388.9497411251, 0
1600367388.9607410431, 3.7634492855431744829e-6, 1600367388.980741024, -3.7634492855431744829e-6, 1600367388.980741024, 0
1600367388.9917411804, 3.0107594284345395863e-6, 1600367389.0117411613, -3.0107594284345395863e-6, 1600367389.0117411613, 0
1600367389.0227410793, 2.408607542747631669e-6, 1600367389.0427410603, -2.408607542747631669e-6, 1600367389.0427410603, 0
1600367389.0557410717, 1.9268861706223106012e-6, 1600367389.0747411251, -1.9268861706223106012e-6, 1600367389.0747411251, 0
1600367389.086386919, 1.5415088228110107593e-6, 1600367389.1053869724, -1.5415088228110107593e-6, 1600367389.1053869724, 0
1600367389.1173870564, 1.2332070582488086075e-6, 1600367389.1363871098, -1.2332070582488086075e-6, 1600367389.1363871098, 0
1600367389.1483869553, 9.8656562386167934164e-7, 1600367389.1673870087, -9.8656562386167934164e-7, 1600367389.1673870087, 0
1600367389.1793870926, 7.8925251045802724548e-7, 1600367389.1983869076, -7.8925251045802724548e-7, 1600367389.1983869076, 0
1600367389.2103869915, 6.314020311037893407e-7, 1600367389.2293870449, -6.314020311037893407e-7, 1600367389.2293870449, 0
1600367389.2413871288, 5.0512164762039901689e-7, 1600367389.2603869438, -5.0512164762039901689e-7, 1600367389.2603869438, 0
1600367389.2723870277, 4.0409730672763544135e-7, 1600367389.2913870811, -4.0409730672763544135e-7, 1600367389.2913870811, 0
1600367389.3033869267, 3.2327784538210835308e-7, 1600367389.3223869801, -3.2327784538210835308e-7, 1600367389.3223869801, 0
1600367389.334387064, 2.586222649370029103e-7, 1600367389.3533871174, -2.586222649370029103e-7, 1600367389.3533871174, 0
1600367389.3653869629, 2.068978091074313852e-7, 1600367389.3843870163, -2.068978091074313852e-7, 1600367389.3843870163, 0
1600367389.3963871002, 1.6551825865462888032e-7, 1600367389.4153869152, -1.6551825865462888032e-7, 1600367389.4153869152, 0
1600367389.4273869991, 1.3241459839719027514e-7, 1600367389.4463870525, -1.3241459839719027514e-7, 1600367389.4463870525, 0
1600367389.4583871365, 1.0593168298100863467e-7, 1600367389.4773869514, -1.0593168298100863467e-7, 1600367389.4773869514, 0
1600367389.4893870354, 8.4745344963721436216e-8, 1600367389.5083870888, -8.4745344963721436216e-8, 1600367389.5083870888, 0
1600367389.5203869343, 6.7796278813148092013e-8, 1600367389.5403869152, -6.7796278813148092013e-8, 1600367389.5403869152, 0
1600367389.5513870716, 5.423702020834753057e-8, 1600367389.5713870525, -5.423702020834753057e-8, 1600367389.5713870525, 0
1600367389.5823869705, 4.3389615456135288696e-8, 1600367389.6023869514, -4.3389615456135288696e-8, 1600367389.6023869514, 0
1600367389.6133871078, 3.4711693075450966717e-8, 1600367389.6333870888, -3.4711693075450966717e-8, 1600367389.6333870888, 0
1600367389.6443870068, 2.7769354815632141253e-8, 1600367389.6643869877, -2.7769354815632141253e-8, 1600367389.6643869877, 0
1600367389.6753869057, 2.2215484563048448763e-8, 1600367389.695387125, -2.2215484563048448763e-8, 1600367389.695387125, 0
1600367389.706387043, 1.777238622935328749e-8, 1600367389.7263870239, -1.777238622935328749e-8, 1600367389.7263870239, 0
1600367389.7373869419, 1.4217909516389681812e-8, 1600367389.7573869228, -1.4217909516389681812e-8, 1600367389.7573869228, 0
1600367389.7693870068, 1.137432814601879727e-8, 1600367389.7883870602, -1.137432814601879727e-8, 1600367389.7883870602, 0
1600367389.8003869057, 9.0994625168150378158e-9, 1600367389.8193869591, -9.0994625168150378158e-9, 1600367389.8193869591, 0
1600367389.831387043, 7.2795698358163463126e-9, 1600367389.8503870964, -7.2795698358163463126e-9, 1600367389.8503870964, 0
1600367389.8623869419, 5.8236557798352350801e-9, 1600367389.8813869953, -5.8236557798352350801e-9, 1600367389.8813869953, 0
1600367389.9263870716, 4.6589248015038720041e-9, , , , 
