# /joint_state/header/stamp, /joint_state/velocity/0, /pid_left_state/header/stamp, /pid_left_state/error, /pid_left_state/header/stamp, /pid_left_state/output
1600677351.4010138512, 4.4408920985006261617e-16, 1600677351.4210138321, -4.4408920985006261617e-16, 1600677351.4210138321, 3.3736023902893066406
1600677351.4320139885, 4.4408920985006261617e-16, 1600677351.4520139694, -4.4408920985006261617e-16, 1600677351.4520139694, 3.3736023902893066406
1600677351.4640138149, 4.4408920985006261617e-16, 1600677351.4830138683, -4.4408920985006261617e-16, 1600677351.4830138683, 3.3736023902893066406
1600677351.4950139523, 4.4408920985006261617e-16, 1600677351.5140140057, -4.4408920985006261617e-16, 1600677351.5140140057, 3.3736023902893066406
1600677351.5260138512, 4.4408920985006261617e-16, 1600677351.5450139046, -4.4408920985006261617e-16, 1600677351.5450139046, 3.3736023902893066406
1600677351.5570139885, 4.4408920985006261617e-16, 1600677351.5760138035, -4.4408920985006261617e-16, 1600677351.5760138035, 3.3736023902893066406
1600677351.5880138874, 4.4408920985006261617e-16, 1600677351.6070139408, -4.4408920985006261617e-16, 1600677351.6070139408, 3.3736023902893066406
1600677351.6190140247, 4.4408920985006261617e-16, 1600677351.6380138397, -4.4408920985006261617e-16, 1600677351.6380138397, 3.3736023902893066406
1600677351.6500139236, 4.4408920985006261617e-16, 1600677351.6690139771, -4.4408920985006261617e-16, 1600677351.6690139771, 3.3736023902893066406
1600677351.6810138226, 4.4408920985006261617e-16, 1600677351.700013876, -4.4408920985006261617e-16, 1600677351.700013876, 3.3736023902893066406
1600677351.7130138874, 4.4408920985006261617e-16, 1600677351.7320139408, -4.4408920985006261617e-16, 1600677351.7320139408, 3.3736023902893066406
1600677351.7438747883, 4.4408920985006261617e-16, 1600677351.7628748417, -4.4408920985006261617e-16, 1600677351.7628748417, 3.3736023902893066406
1600677351.7748749256, 4.4408920985006261617e-16, 1600677351.793874979, -4.4408920985006261617e-16, 1600677351.793874979, 3.3736023902893066406
1600677351.8058748245, 4.4408920985006261617e-16, 1600677351.8248748779, -4.4408920985006261617e-16, 1600677351.8248748779, 3.3736023902893066406
1600677351.8368749619, 4.4408920985006261617e-16, 1600677351.8558747768, -4.4408920985006261617e-16, 1600677351.8558747768, 3.3736023902893066406
1600677351.8678748608, 4.4408920985006261617e-16, 1600677351.8868749142, -4.4408920985006261617e-16, 1600677351.8868749142, 3.3736023902893066406
1600677351.932874918, 4.4408920985006261617e-16, 1600677351.9518749714, -4.4408920985006261617e-16, 1600677351.9518749714, 3.3736023902893066406
1600677351.9638748169, 4.4408920985006261617e-16, 1600677351.9828748703, -4.4408920985006261617e-16, 1600677351.9828748703, 3.3736023902893066406
1600677351.9948749542, 4.4408920985006261617e-16, 1600677352.0138750076, -4.4408920985006261617e-16, 1600677352.0138750076, 3.3736023902893066406
1600677352.0258748531, 4.4408920985006261617e-16, 1600677352.0448749065, -4.4408920985006261617e-16, 1600677352.0448749065, 3.3736023902893066406
1600677352.0568749905, 4.4408920985006261617e-16, 1600677352.0758748055, -4.4408920985006261617e-16, 1600677352.0758748055, 3.3736023902893066406
1600677352.0878748894, 4.4408920985006261617e-16, 1600677352.1068749428, -4.4408920985006261617e-16, 1600677352.1068749428, 3.3736023902893066406
1600677352.1188747883, 4.4408920985006261617e-16, 1600677352.1378748417, -4.4408920985006261617e-16, 1600677352.1378748417, 3.3736023902893066406
1600677352.1498749256, 4.4408920985006261617e-16, 1600677352.168874979, -4.4408920985006261617e-16, 1600677352.168874979, 3.3736023902893066406
1600677352.1808748245, 4.4408920985006261617e-16, 1600677352.1998748779, -4.4408920985006261617e-16, 1600677352.1998748779, 3.3736023902893066406
1600677352.2118749619, 4.4408920985006261617e-16, 1600677352.2308747768, -4.4408920985006261617e-16, 1600677352.2308747768, 3.3736023902893066406
1600677352.2428748608, 4.4408920985006261617e-16, 1600677352.2618749142, -4.4408920985006261617e-16, 1600677352.2618749142, 3.3736023902893066406
1600677352.2738749981, 4.4408920985006261617e-16, 1600677352.2928748131, -4.4408920985006261617e-16, 1600677352.2928748131, 3.3736023902893066406
1600677352.304874897, 4.4408920985006261617e-16, 1600677352.3238749504, -4.4408920985006261617e-16, 1600677352.3238749504, 3.3736023902893066406
1600677352.3358747959, 4.4408920985006261617e-16, 1600677352.3548748493, -4.4408920985006261617e-16, 1600677352.3548748493, 3.3736023902893066406
1600677352.3668749332, 4.4408920985006261617e-16, 1600677352.3858749866, -4.4408920985006261617e-16, 1600677352.3858749866, 3.3736023902893066406
1600677352.3978748322, 4.4408920985006261617e-16, 1600677352.4168748856, -4.4408920985006261617e-16, 1600677352.4168748856, 3.3736023902893066406
1600677352.4288749695, 4.4408920985006261617e-16, 1600677352.4478747845, -4.4408920985006261617e-16, 1600677352.4478747845, 3.3736023902893066406
1600677352.4598748684, 4.4408920985006261617e-16, 1600677352.4788749218, -4.4408920985006261617e-16, 1600677352.4788749218, 3.3736023902893066406
1600677352.4908750057, 4.4408920985006261617e-16, 1600677352.5098748207, -4.4408920985006261617e-16, 1600677352.5098748207, 3.3736023902893066406
1600677352.5218749046, 4.4408920985006261617e-16, 1600677352.540874958, -4.4408920985006261617e-16, 1600677352.540874958, 3.3736023902893066406
1600677352.5528748035, 4.4408920985006261617e-16, 1600677352.5718748569, -4.4408920985006261617e-16, 1600677352.5718748569, 3.3736023902893066406
1600677352.5838749409, 4.4408920985006261617e-16, 1600677352.6028749943, -4.4408920985006261617e-16, 1600677352.6028749943, 3.3736023902893066406
1600677352.6148748398, 4.4408920985006261617e-16, 1600677352.6338748932, -4.4408920985006261617e-16, 1600677352.6338748932, 3.3736023902893066406
1600677352.6458749771, 4.4408920985006261617e-16, 1600677352.6648747921, -4.4408920985006261617e-16, 1600677352.6648747921, 3.3736023902893066406
1600677352.676874876, 4.4408920985006261617e-16, 1600677352.6958749294, -4.4408920985006261617e-16, 1600677352.6958749294, 3.3736023902893066406
1600677352.7078747749, 4.4408920985006261617e-16, 1600677352.7268748283, -4.4408920985006261617e-16, 1600677352.7268748283, 3.3736023902893066406
1600677352.7388749123, 4.4408920985006261617e-16, 1600677352.7578749657, -4.4408920985006261617e-16, 1600677352.7578749657, 3.3736023902893066406
1600677352.7698748112, 4.4408920985006261617e-16, 1600677352.7888748646, -4.4408920985006261617e-16, 1600677352.7888748646, 3.3736023902893066406
1600677352.8008749485, 4.4408920985006261617e-16, 1600677352.8198750019, -4.4408920985006261617e-16, 1600677352.8198750019, 3.3736023902893066406
1600677352.8318748474, 4.4408920985006261617e-16, 1600677352.8518748283, -4.4408920985006261617e-16, 1600677352.8518748283, 3.3736023902893066406
1600677352.8628749847, 4.4408920985006261617e-16, 1600677352.8828749657, -4.4408920985006261617e-16, 1600677352.8828749657, 3.3736023902893066406
1600677352.8938748837, 4.4408920985006261617e-16, 1600677352.9138748646, -4.4408920985006261617e-16, 1600677352.9138748646, 3.3736023902893066406
1600677352.9248747826, 4.4408920985006261617e-16, 1600677352.9448750019, -4.4408920985006261617e-16, 1600677352.9448750019, 3.3736023902893066406
1600677352.9558749199, 4.4408920985006261617e-16, 1600677352.9758749008, -4.4408920985006261617e-16, 1600677352.9758749008, 3.3736023902893066406
1600677352.9878749847, 4.4408920985006261617e-16, 1600677353.0068747997, -4.4408920985006261617e-16, 1600677353.0068747997, 3.3736023902893066406
1600677353.0178749561, 4.4408920985006261617e-16, 1600677353.0378749371, -4.4408920985006261617e-16, 1600677353.0378749371, 3.3736023902893066406
1600677353.0498747826, 4.4408920985006261617e-16, 1600677353.068874836, -4.4408920985006261617e-16, 1600677353.068874836, 3.3736023902893066406
1600677353.0808749199, 4.4408920985006261617e-16, 1600677353.0998749733, -4.4408920985006261617e-16, 1600677353.0998749733, 3.3736023902893066406
1600677353.1118748188, 4.4408920985006261617e-16, 1600677353.1308748722, -4.4408920985006261617e-16, 1600677353.1308748722, 3.3736023902893066406
1600677353.1428749561, 4.4408920985006261617e-16, 1600677353.1618747711, -4.4408920985006261617e-16, 1600677353.1618747711, 3.3736023902893066406
1600677353.173874855, 4.4408920985006261617e-16, 1600677353.1928749084, -4.4408920985006261617e-16, 1600677353.1928749084, 3.3736023902893066406
1600677353.2048749924, 4.4408920985006261617e-16, 1600677353.2238748074, -4.4408920985006261617e-16, 1600677353.2238748074, 3.3736023902893066406
1600677353.2358748913, 4.4408920985006261617e-16, 1600677353.2548749447, 5, 1600677353.2548749447, 53.87360382080078125
1600677353.2668747902, 0.1351222693920135498, 1600677353.2858748436, 4.8648777008056640625, 1600677353.2858748436, 53.87360382080078125
1600677353.2978749275, 0.40536680817604064941, 1600677353.3168749809, 4.5946331024169921875, 1600677353.3168749809, 53.87360382080078125
1600677353.3288748264, 0.67561131715774536133, 1600677353.3478748798, 4.3243885040283203125, 1600677353.3478748798, 53.87360382080078125
1600677353.3598749638, 1.0134170055389404297, 1600677353.3788747787, 3.9865829944610595703, 1600677353.3788747787, 44.138092041015625
1600677353.3908748627, 1.2836614847183227539, 1600677353.4098749161, 3.7163383960723876953, 1600677353.4098749161, 44.138092041015625
1600677353.421875, 1.5539060831069946289, 1600677353.440874815, 3.4460940361022949219, 1600677353.440874815, 44.138092041015625
1600677353.4528748989, 1.8241505622863769531, 1600677353.4718749523, 3.1758494377136230469, 1600677353.4718749523, 44.138092041015625
1600677353.4838747978, 2.0943951606750488281, 1600677353.5028748512, 2.9056048393249511719, 1600677353.5028748512, 33.618869781494140625
1600677353.5148749352, 2.2970786094665527344, 1600677353.5338749886, 2.7029213905334472656, 1600677353.5338749886, 33.618869781494140625
1600677353.5458748341, 2.4997618198394775391, 1600677353.5648748875, 2.5002381801605224609, 1600677353.5648748875, 33.618869781494140625
1600677353.5768749714, 2.5673229694366455078, 1600677353.5958747864, 2.4326770305633544922, 1600677353.5958747864, 33.618869781494140625
1600677353.6078748703, 2.4322006702423095703, 1600677353.6268749237, 2.5677993297576904297, 1600677353.6268749237, 30.497592926025390625
1600677353.6388750076, 2.3646395206451416016, 1600677353.6578748226, 2.6353604793548583984, 1600677353.6578748226, 30.497592926025390625
1600677353.6698749065, 2.1619563102722167969, 1600677353.6888749599, 2.8380436897277832031, 1600677353.6888749599, 30.497592926025390625
1600677353.7008748055, 2.0943951606750488281, 1600677353.7198748589, 2.9056048393249511719, 1600677353.7198748589, 30.497592926025390625
1600677353.7318749428, 1.9592728614807128906, 1600677353.7508749962, 3.0407271385192871094, 1600677353.7508749962, 35.53094482421875
1600677353.7628748417, 1.8917117118835449219, 1600677353.7818748951, 3.1082882881164550781, 1600677353.7818748951, 35.53094482421875
1600677353.793874979, 1.8241505622863769531, 1600677353.812874794, 3.1758494377136230469, 1600677353.812874794, 35.53094482421875
1600677353.8248748779, 1.8241505622863769531, 1600677353.8438749313, 3.1758494377136230469, 1600677353.8438749313, 35.53094482421875
1600677353.8558747768, 1.7565894126892089844, 1600677353.8748748302, 3.2434105873107910156, 1600677353.8748748302, 37.882122039794921875
1600677353.8868749142, 1.7565894126892089844, 1600677353.9058749676, 3.2434105873107910156, 1600677353.9058749676, 37.882122039794921875
1600677353.9178748131, 1.8241505622863769531, 1600677353.9368748665, 3.1758494377136230469, 1600677353.9368748665, 37.882122039794921875
1600677353.9828748703, 1.8505415916442871094, 1600677354.0018749237, 3.1494584083557128906, 1600677354.0018749237, 37.25754547119140625
1600677354.0138750076, 1.9181027412414550781, 1600677354.0328748226, 3.0818972587585449219, 1600677354.0328748226, 37.25754547119140625
1600677354.0448749065, 1.9181027412414550781, 1600677354.0638749599, 3.0818972587585449219, 1600677354.0638749599, 37.25754547119140625
1600677354.0758748055, 1.9793300628662109375, 1600677354.0948748589, 3.0206699371337890625, 1600677354.0948748589, 37.25754547119140625
1600677354.1068749428, 1.9793300628662109375, 1600677354.1258749962, 3.0206699371337890625, 1600677354.1258749962, 36.271728515625
1600677354.1378748417, 1.9793300628662109375, 1600677354.1568748951, 3.0206699371337890625, 1600677354.1568748951, 36.271728515625
1600677354.168874979, 1.9793300628662109375, 1600677354.187874794, 3.0206699371337890625, 1600677354.187874794, 36.271728515625
1600677354.1998748779, 1.9793300628662109375, 1600677354.2188749313, 3.0206699371337890625, 1600677354.2188749313, 36.271728515625
1600677354.2318749428, 2.0384459495544433594, 1600677354.2508749962, 2.9615540504455566406, 1600677354.2508749962, 35.97672271728515625
1600677354.2628748417, 2.0384459495544433594, 1600677354.2818748951, 2.9615540504455566406, 1600677354.2818748951, 35.97672271728515625
1600677354.2935910225, 2.0120549201965332031, 1600677354.3125910759, 2.9879450798034667969, 1600677354.3125910759, 35.97672271728515625
1600677354.3245909214, 1.9444938898086547852, 1600677354.3435909748, 3.0555062294006347656, 1600677354.3435909748, 35.97672271728515625
1600677354.3555910587, 1.9444938898086547852, 1600677354.3745908737, 3.0555062294006347656, 1600677354.3745908737, 37.22179412841796875
1600677354.3865909576, 1.9508277177810668945, 1600677354.405591011, 3.0491724014282226563, 1600677354.405591011, 37.22179412841796875
1600677354.417591095, 1.9508277177810668945, 1600677354.4375910759, 3.0491724014282226563, 1600677354.4375910759, 37.22179412841796875
1600677354.4485909939, 1.9508277177810668945, 1600677354.4685909748, 3.0491724014282226563, 1600677354.4685909748, 37.22179412841796875
1600677354.4805910587, 1.9508277177810668945, 1600677354.4995908737, 3.0491724014282226563, 1600677354.4995908737, 37.463375091552734375
1600677354.5105910301, 2.0859498977661132813, 1600677354.530591011, 2.9140501022338867188, 1600677354.530591011, 37.463375091552734375
1600677354.541590929, 2.0268340110778808594, 1600677354.56159091, 2.9731659889221191406, 1600677354.56159091, 37.463375091552734375
1600677354.5735909939, 2.0268340110778808594, 1600677354.5925910473, 2.9731659889221191406, 1600677354.5925910473, 37.463375091552734375
1600677354.6045908928, 2.0268340110778808594, 1600677354.6235909462, 2.9731659889221191406, 1600677354.6235909462, 37.000629425048828125
1600677354.6355910301, 2.0943951606750488281, 1600677354.6545910835, 2.9056048393249511719, 1600677354.6545910835, 37.000629425048828125
1600677354.666590929, 2.0943951606750488281, 1600677354.6855909824, 2.9056048393249511719, 1600677354.6855909824, 37.000629425048828125
1600677354.6975910664, 2.0943951606750488281, 1600677354.7165908813, 2.9056048393249511719, 1600677354.7165908813, 37.000629425048828125
1600677354.7285909653, 2.0943951606750488281, 1600677354.7475910187, 2.9056048393249511719, 1600677354.7475910187, 36.61557769775390625
1600677354.7595911026, 2.1619563102722167969, 1600677354.7785909176, 2.8380436897277832031, 1600677354.7785909176, 36.61557769775390625
1600677354.7905910015, 2.1556224822998046875, 1600677354.8095910549, 2.8443775177001953125, 1600677354.8095910549, 36.61557769775390625
1600677354.8215909004, 2.0880613327026367188, 1600677354.8405909538, 2.9119386672973632813, 1600677354.8405909538, 36.61557769775390625
1600677354.8525910378, 2.0880613327026367188, 1600677354.8715910912, 2.9119386672973632813, 1600677354.8715910912, 36.9701080322265625
1600677354.8835909367, 2.0880613327026367188, 1600677354.9025909901, 2.9119386672973632813, 1600677354.9025909901, 36.9701080322265625
1600677354.914591074, 2.0880613327026367188, 1600677354.933590889, 2.9119386672973632813, 1600677354.933590889, 36.9701080322265625
1600677354.9455909729, 2.0880613327026367188, 1600677354.9645910263, 2.9119386672973632813, 1600677354.9645910263, 36.9701080322265625
1600677354.9765908718, 2.02050018310546875, 1600677354.9955909252, 2.97949981689453125, 1600677354.9955909252, 37.94367218017578125
1600677355.0075910091, 2.02050018310546875, 1600677355.0265910625, 2.97949981689453125, 1600677355.0265910625, 37.94367218017578125
1600677355.0385909081, 2.02050018310546875, 1600677355.0575909615, 2.97949981689453125, 1600677355.0575909615, 37.94367218017578125
1600677355.0695910454, 1.9529390335083007813, 1600677355.0885910988, 3.0470609664916992188, 1600677355.0885910988, 37.94367218017578125
1600677355.1005909443, 1.9592728614807128906, 1600677355.1195909977, 3.0407271385192871094, 1600677355.1195909977, 38.860015869140625
1600677355.1315910816, 1.9592728614807128906, 1600677355.1505908966, 3.0407271385192871094, 1600677355.1505908966, 38.860015869140625
1600677355.1625909805, 1.9592728614807128906, 1600677355.1815910339, 3.0407271385192871094, 1600677355.1815910339, 38.860015869140625
1600677355.1935908794, 1.9592728614807128906, 1600677355.2125909328, 3.0407271385192871094, 1600677355.2125909328, 38.860015869140625
1600677355.2245910168, 1.9592728614807128906, 1600677355.2435910702, 3.0407271385192871094, 1600677355.2435910702, 39.164089202880859375
1600677355.2555909157, 1.9592728614807128906, 1600677355.2745909691, 3.0407271385192871094, 1600677355.2745909691, 39.164089202880859375
1600677355.286591053, 2.0943951606750488281, 1600677355.305590868, 2.9056048393249511719, 1600677355.305590868, 39.164089202880859375
1600677355.3175909519, 2.0943951606750488281, 1600677355.3365910053, 2.9056048393249511719, 1600677355.3365910053, 39.164089202880859375
1600677355.3525910378, 2.138111114501953125, 1600677355.3715910912, 2.861888885498046875, 1600677355.3715910912, 37.661895751953125
1600677355.3835909367, 2.138111114501953125, 1600677355.4025909901, 2.861888885498046875, 1600677355.4025909901, 37.661895751953125
1600677355.414591074, 2.1317772865295410156, 1600677355.433590889, 2.8682227134704589844, 1600677355.433590889, 37.661895751953125
1600677355.4455909729, 2.1317772865295410156, 1600677355.4645910263, 2.8682227134704589844, 1600677355.4645910263, 37.661895751953125
1600677355.4765908718, 2.1317772865295410156, 1600677355.4955909252, 2.8682227134704589844, 1600677355.4955909252, 38.012054443359375
1600677355.5075910091, 2.1317772865295410156, 1600677355.5265910625, 2.8682227134704589844, 1600677355.5265910625, 38.012054443359375
1600677355.5385909081, 2.1317772865295410156, 1600677355.5575909615, 2.8682227134704589844, 1600677355.5575909615, 38.012054443359375
1600677355.5695910454, 2.1317772865295410156, 1600677355.5885910988, 2.8682227134704589844, 1600677355.5885910988, 38.012054443359375
1600677355.6005909443, 2.1317772865295410156, 1600677355.6195909977, 2.8682227134704589844, 1600677355.6195909977, 38.298877716064453125
1600677355.6315910816, 2.1317772865295410156, 1600677355.6505908966, 2.8682227134704589844, 1600677355.6505908966, 38.298877716064453125
1600677355.6625909805, 2.0880613327026367188, 1600677355.6815910339, 2.9119386672973632813, 1600677355.6815910339, 38.298877716064453125
1600677355.6935908794, 2.0880613327026367188, 1600677355.7125909328, 2.9119386672973632813, 1600677355.7125909328, 38.298877716064453125
1600677355.7245910168, 2.0943951606750488281, 1600677355.7435910702, 2.9056048393249511719, 1600677355.7435910702, 38.963260650634765625
1600677355.7555909157, 2.1619563102722167969, 1600677355.7745909691, 2.8380436897277832031, 1600677355.7745909691, 38.963260650634765625
1600677355.786591053, 2.1619563102722167969, 1600677355.805590868, 2.8380436897277832031, 1600677355.805590868, 38.963260650634765625
1600677355.8175909519, 2.1619563102722167969, 1600677355.8365910053, 2.8380436897277832031, 1600677355.8365910053, 38.963260650634765625
1600677355.8485910892, 2.1619563102722167969, 1600677355.8675909042, 2.8380436897277832031, 1600677355.8675909042, 38.571453094482421875
1600677355.8795909882, 2.1619563102722167969, 1600677355.8985910416, 2.8380436897277832031, 1600677355.8985910416, 38.571453094482421875
1600677355.9105908871, 2.0943951606750488281, 1600677355.9295909405, 2.9056048393249511719, 1600677355.9295909405, 38.571453094482421875
1600677355.9415910244, 2.1619563102722167969, 1600677355.9605910778, 2.8380436897277832031, 1600677355.9605910778, 38.571453094482421875
1600677355.9725909233, 2.1619563102722167969, 1600677355.9915909767, 2.8380436897277832031, 1600677355.9915909767, 38.855258941650390625
1600677356.036591053, 2.1556224822998046875, 1600677356.0565910339, 2.8443775177001953125, 1600677356.0565910339, 38.855258941650390625
1600677356.0685908794, 2.2231833934783935547, 1600677356.0875909328, 2.7768166065216064453, 1600677356.0875909328, 38.855258941650390625
1600677356.0995910168, 2.1556224822998046875, 1600677356.1185910702, 2.8443775177001953125, 1600677356.1185910702, 39.203033447265625
1600677356.1305909157, 2.1556224822998046875, 1600677356.1495909691, 2.8443775177001953125, 1600677356.1495909691, 39.203033447265625
1600677356.161591053, 2.1556224822998046875, 1600677356.180590868, 2.8443775177001953125, 1600677356.180590868, 39.203033447265625
1600677356.1925909519, 2.2231833934783935547, 1600677356.2115910053, 2.7768166065216064453, 1600677356.2115910053, 39.203033447265625
1600677356.2235910892, 2.2231833934783935547, 1600677356.2425909042, 2.7768166065216064453, 1600677356.2425909042, 38.805103302001953125
1600677356.2545909882, 2.2231833934783935547, 1600677356.2735910416, 2.7768166065216064453, 1600677356.2735910416, 38.805103302001953125
1600677356.2855908871, 2.1492884159088134766, 1600677356.3045909405, 2.8507115840911865234, 1600677356.3045909405, 38.805103302001953125
1600677356.3165910244, 2.2168495655059814453, 1600677356.3355910778, 2.7831504344940185547, 1600677356.3355910778, 38.805103302001953125
1600677356.3475909233, 2.2231833934783935547, 1600677356.3665909767, 2.7768166065216064453, 1600677356.3665909767, 39.08278656005859375
1600677356.3785910606, 2.1556224822998046875, 1600677356.3975908756, 2.8443775177001953125, 1600677356.3975908756, 39.08278656005859375
1600677356.4095909595, 2.1556224822998046875, 1600677356.428591013, 2.8443775177001953125, 1600677356.428591013, 39.08278656005859375
1600677356.4405910969, 2.2231833934783935547, 1600677356.4595909119, 2.7768166065216064453, 1600677356.4595909119, 39.08278656005859375
1600677356.4715909958, 2.2231833934783935547, 1600677356.4905910492, 2.7768166065216064453, 1600677356.4905910492, 39.36046600341796875
1600677356.5025908947, 2.1556224822998046875, 1600677356.5215909481, 2.8443775177001953125, 1600677356.5215909481, 39.36046600341796875
1600677356.533591032, 2.2231833934783935547, 1600677356.5525910854, 2.7768166065216064453, 1600677356.5525910854, 39.36046600341796875
1600677356.5645909309, 2.2231833934783935547, 1600677356.5835909843, 2.7768166065216064453, 1600677356.5835909843, 39.36046600341796875
1600677356.5955910683, 2.2295174598693847656, 1600677356.6145908833, 2.7704825401306152344, 1600677356.6145908833, 39.574176788330078125
1600677356.6265909672, 2.2295174598693847656, 1600677356.6455910206, 2.7704825401306152344, 1600677356.6455910206, 39.574176788330078125
1600677356.6575911045, 2.2295174598693847656, 1600677356.6765909195, 2.7704825401306152344, 1600677356.6765909195, 39.574176788330078125
1600677356.6885910034, 2.2295174598693847656, 1600677356.7075910568, 2.7704825401306152344, 1600677356.7075910568, 39.574176788330078125
1600677356.7195909023, 2.2970786094665527344, 1600677356.7385909557, 2.7029213905334472656, 1600677356.7385909557, 39.168857574462890625
1600677356.7515909672, 2.2231833934783935547, 1600677356.7715909481, 2.7768166065216064453, 1600677356.7715909481, 39.168857574462890625
1600677356.7836511135, 2.2907445430755615234, 1600677356.8026511669, 2.7092554569244384766, 1600677356.8026511669, 39.168857574462890625
1600677356.8146510124, 2.2907445430755615234, 1600677356.8336510658, 2.7092554569244384766, 1600677356.8336510658, 39.168857574462890625
1600677356.8456511497, 2.2231833934783935547, 1600677356.8646509647, 2.7768166065216064453, 1600677356.8646509647, 40.185489654541015625
1600677356.8766510487, 2.2907445430755615234, 1600677356.8956511021, 2.7092554569244384766, 1600677356.8956511021, 40.185489654541015625
1600677356.9076509476, 2.2907445430755615234, 1600677356.926651001, 2.7092554569244384766, 1600677356.926651001, 40.185489654541015625
1600677356.9386510849, 2.2231833934783935547, 1600677356.9576511383, 2.7768166065216064453, 1600677356.9576511383, 40.185489654541015625
1600677356.9696509838, 2.2231833934783935547, 1600677356.9886510372, 2.7768166065216064453, 1600677356.9886510372, 40.46317291259765625
1600677357.0006511211, 2.2168495655059814453, 1600677357.0196509361, 2.7831504344940185547, 1600677357.0196509361, 40.46317291259765625
1600677357.0316510201, 2.2168495655059814453, 1600677357.0506510735, 2.7831504344940185547, 1600677357.0506510735, 40.46317291259765625
1600677357.0626511574, 2.2231833934783935547, 1600677357.0816509724, 2.7768166065216064453, 1600677357.0816509724, 40.46317291259765625
1600677357.0936510563, 2.2231833934783935547, 1600677357.1126511097, 2.7768166065216064453, 1600677357.1126511097, 40.74085235595703125
1600677357.1246509552, 2.2231833934783935547, 1600677357.1436510086, 2.7768166065216064453, 1600677357.1436510086, 40.74085235595703125
1600677357.1556510925, 2.2907445430755615234, 1600677357.1746511459, 2.7092554569244384766, 1600677357.1746511459, 40.74085235595703125
1600677357.1866509914, 2.2231833934783935547, 1600677357.2056510448, 2.7768166065216064453, 1600677357.2056510448, 40.74085235595703125
1600677357.2176511288, 2.2231833934783935547, 1600677357.2366509438, 2.7768166065216064453, 1600677357.2366509438, 41.018535614013671875
1600677357.2486510277, 2.2907445430755615234, 1600677357.2676510811, 2.7092554569244384766, 1600677357.2676510811, 41.018535614013671875
1600677357.279651165, 2.2907445430755615234, 1600677357.29865098, 2.7092554569244384766, 1600677357.29865098, 41.018535614013671875
1600677357.3106510639, 2.3646395206451416016, 1600677357.3296511173, 2.6353604793548583984, 1600677357.3296511173, 41.018535614013671875
1600677357.3416509628, 2.3646395206451416016, 1600677357.3606510162, 2.6353604793548583984, 1600677357.3606510162, 39.8675079345703125
1600677357.3726511002, 2.3646395206451416016, 1600677357.3916511536, 2.6353604793548583984, 1600677357.3916511536, 39.8675079345703125
1600677357.4036509991, 2.2970786094665527344, 1600677357.4226510525, 2.7029213905334472656, 1600677357.4226510525, 39.8675079345703125
1600677357.4346511364, 2.3646395206451416016, 1600677357.4536509514, 2.6353604793548583984, 1600677357.4536509514, 39.8675079345703125
1600677357.4656510353, 2.2970786094665527344, 1600677357.4846510887, 2.7029213905334472656, 1600677357.4846510887, 40.813411712646484375
1600677357.4966509342, 2.2970786094665527344, 1600677357.5156509876, 2.7029213905334472656, 1600677357.5156509876, 40.813411712646484375
1600677357.5276510715, 2.3646395206451416016, 1600677357.546651125, 2.6353604793548583984, 1600677357.546651125, 40.813411712646484375
1600677357.5586509705, 2.2970786094665527344, 1600677357.5776510239, 2.7029213905334472656, 1600677357.5776510239, 40.813411712646484375
1600677357.5896511078, 2.3646395206451416016, 1600677357.6086511612, 2.6353604793548583984, 1600677357.6086511612, 40.401336669921875
1600677357.6206510067, 2.2970786094665527344, 1600677357.6396510601, 2.7029213905334472656, 1600677357.6396510601, 40.401336669921875
1600677357.651651144, 2.2970786094665527344, 1600677357.670650959, 2.7029213905334472656, 1600677357.670650959, 40.401336669921875
1600677357.6826510429, 2.2970786094665527344, 1600677357.7016510963, 2.7029213905334472656, 1600677357.7016510963, 40.401336669921875
1600677357.7136509418, 2.2970786094665527344, 1600677357.7326509953, 2.7029213905334472656, 1600677357.7326509953, 41.347240447998046875
1600677357.7446510792, 2.2970786094665527344, 1600677357.7636511326, 2.7029213905334472656, 1600677357.7636511326, 41.347240447998046875
1600677357.7756509781, 2.2970786094665527344, 1600677357.795650959, 2.7029213905334472656, 1600677357.795650959, 41.347240447998046875
1600677357.8066511154, 2.3646395206451416016, 1600677357.8266510963, 2.6353604793548583984, 1600677357.8266510963, 41.347240447998046875
1600677357.8386509418, 2.2970786094665527344, 1600677357.8576509953, 2.7029213905334472656, 1600677357.8576509953, 41.617534637451171875
1600677357.8686511517, 2.3646395206451416016, 1600677357.8886511326, 2.6353604793548583984, 1600677357.8886511326, 41.617534637451171875
1600677357.8996510506, 2.2970786094665527344, 1600677357.9196510315, 2.7029213905334472656, 1600677357.9196510315, 41.617534637451171875
1600677357.9306509495, 2.3646395206451416016, 1600677357.9506509304, 2.6353604793548583984, 1600677357.9506509304, 41.617534637451171875
1600677357.9626510143, 2.2970786094665527344, 1600677357.9816510677, 2.7029213905334472656, 1600677357.9816510677, 41.88782501220703125
1600677357.9936511517, 2.3646395206451416016, 1600677358.0126509666, 2.6353604793548583984, 1600677358.0126509666, 41.88782501220703125
1600677358.0246510506, 2.3646395206451416016, 1600677358.043651104, 2.6353604793548583984, 1600677358.043651104, 41.88782501220703125
1600677358.0886509418, 2.3521668910980224609, 1600677358.1076509953, 2.6478331089019775391, 1600677358.1076509953, 41.601726531982421875
1600677358.1196510792, 2.3521668910980224609, 1600677358.1386511326, 2.6478331089019775391, 1600677358.1386511326, 41.601726531982421875
1600677358.1506509781, 2.3521668910980224609, 1600677358.1696510315, 2.6478331089019775391, 1600677358.1696510315, 41.601726531982421875
1600677358.1816511154, 2.3521668910980224609, 1600677358.2006509304, 2.6478331089019775391, 1600677358.2006509304, 41.601726531982421875
1600677358.2126510143, 2.3521668910980224609, 1600677358.2316510677, 2.6478331089019775391, 1600677358.2316510677, 41.86650848388671875
1600677358.2436511517, 2.3521668910980224609, 1600677358.2626509666, 2.6478331089019775391, 1600677358.2626509666, 41.86650848388671875
1600677358.2746510506, 2.3521668910980224609, 1600677358.293651104, 2.6478331089019775391, 1600677358.293651104, 41.86650848388671875
1600677358.3056509495, 2.3521668910980224609, 1600677358.3246510029, 2.6478331089019775391, 1600677358.3246510029, 41.86650848388671875
1600677358.3366510868, 2.3521668910980224609, 1600677358.3556511402, 2.6478331089019775391, 1600677358.3556511402, 42.131290435791015625
1600677358.3676509857, 2.3521668910980224609, 1600677358.3866510391, 2.6478331089019775391, 1600677358.3866510391, 42.131290435791015625
1600677358.398651123, 2.3646395206451416016, 1600677358.417650938, 2.6353604793548583984, 1600677358.417650938, 42.131290435791015625
1600677358.429651022, 2.3646395206451416016, 1600677358.4486510754, 2.6353604793548583984, 1600677358.4486510754, 42.131290435791015625
1600677358.4606511593, 2.3646395206451416016, 1600677358.4796509743, 2.6353604793548583984, 1600677358.4796509743, 42.270099639892578125
1600677358.4916510582, 2.4322006702423095703, 1600677358.5106511116, 2.5677993297576904297, 1600677358.5106511116, 42.270099639892578125
1600677358.5226509571, 2.3646395206451416016, 1600677358.5416510105, 2.6353604793548583984, 1600677358.5416510105, 42.270099639892578125
1600677358.5536510944, 2.4322006702423095703, 1600677358.5726511478, 2.5677993297576904297, 1600677358.5726511478, 42.270099639892578125
1600677358.5846509933, 2.3646395206451416016, 1600677358.6036510468, 2.6353604793548583984, 1600677358.6036510468, 42.533634185791015625
1600677358.6156511307, 2.4322006702423095703, 1600677358.6346509457, 2.5677993297576904297, 1600677358.6346509457, 42.533634185791015625
1600677358.6466510296, 2.4322006702423095703, 1600677358.6666510105, 2.5677993297576904297, 1600677358.6666510105, 42.533634185791015625
1600677358.6776511669, 2.4322006702423095703, 1600677358.6976511478, 2.5677993297576904297, 1600677358.6976511478, 42.533634185791015625
1600677358.7096509933, 2.4322006702423095703, 1600677358.7286510468, 2.5677993297576904297, 1600677358.7286510468, 42.114803314208984375
1600677358.7396509647, 2.4322006702423095703, 1600677358.7596509457, 2.5677993297576904297, 1600677358.7596509457, 42.114803314208984375
1600677358.7706511021, 2.3646395206451416016, 1600677358.790651083, 2.6353604793548583984, 1600677358.790651083, 42.114803314208984375
1600677358.801651001, 2.3646395206451416016, 1600677358.8216509819, 2.6353604793548583984, 1600677358.8216509819, 42.114803314208984375
1600677358.8336510658, 2.3646395206451416016, 1600677358.8526511192, 2.6353604793548583984, 1600677358.8526511192, 43.053951263427734375
1600677358.8646509647, 2.3646395206451416016, 1600677358.8836510181, 2.6353604793548583984, 1600677358.8836510181, 43.053951263427734375
1600677358.8956511021, 2.4322006702423095703, 1600677358.9146511555, 2.5677993297576904297, 1600677358.9146511555, 43.053951263427734375
1600677358.926651001, 2.3646395206451416016, 1600677358.9456510544, 2.6353604793548583984, 1600677358.9456510544, 43.053951263427734375
1600677358.9576511383, 2.3646395206451416016, 1600677358.9766509533, 2.6353604793548583984, 1600677358.9766509533, 43.3174896240234375
1600677358.9886510372, 2.4322006702423095703, 1600677359.0076510906, 2.5677993297576904297, 1600677359.0076510906, 43.3174896240234375
1600677359.0196509361, 2.4322006702423095703, 1600677359.0386509895, 2.5677993297576904297, 1600677359.0386509895, 43.3174896240234375
1600677359.0506510735, 2.4258668422698974609, 1600677359.0696511269, 2.5741331577301025391, 1600677359.0696511269, 43.3174896240234375
1600677359.0816509724, 2.4934279918670654297, 1600677359.1006510258, 2.5065720081329345703, 1600677359.1006510258, 42.280261993408203125
1600677359.1126511097, 2.4934279918670654297, 1600677359.1316511631, 2.5065720081329345703, 1600677359.1316511631, 42.280261993408203125
1600677359.1436510086, 2.5609891414642333984, 1600677359.162651062, 2.4390108585357666016, 1600677359.162651062, 42.280261993408203125
1600677359.1746511459, 2.4934279918670654297, 1600677359.1936509609, 2.5065720081329345703, 1600677359.1936509609, 42.280261993408203125
1600677359.2056510448, 2.4934279918670654297, 1600677359.2246510983, 2.5065720081329345703, 1600677359.2246510983, 42.530918121337890625
1600677359.2366509438, 2.5609891414642333984, 1600677359.2556509972, 2.4390108585357666016, 1600677359.2556509972, 42.530918121337890625
1600677359.2686510086, 2.4870941638946533203, 1600677359.287651062, 2.5129058361053466797, 1600677359.287651062, 42.530918121337890625
1600677359.2991309166, 2.4870941638946533203, 1600677359.31813097, 2.5129058361053466797, 1600677359.31813097, 42.530918121337890625
1600677359.3301310539, 2.4870941638946533203, 1600677359.3491311073, 2.5129058361053466797, 1600677359.3491311073, 42.845546722412109375
1600677359.3611309528, 2.4934279918670654297, 1600677359.3811309338, 2.5065720081329345703, 1600677359.3811309338, 42.845546722412109375
1600677359.3921310902, 2.4934279918670654297, 1600677359.4121310711, 2.5065720081329345703, 1600677359.4121310711, 42.845546722412109375
1600677359.4231309891, 2.4934279918670654297, 1600677359.44313097, 2.5065720081329345703, 1600677359.44313097, 42.845546722412109375
1600677359.4551310539, 2.4258668422698974609, 1600677359.4741311073, 2.5741331577301025391, 1600677359.4741311073, 43.71523284912109375
1600677359.4851310253, 2.4934279918670654297, 1600677359.5051310062, 2.5065720081329345703, 1600677359.5051310062, 43.71523284912109375
1600677359.5161309242, 2.4934279918670654297, 1600677359.5361309052, 2.5065720081329345703, 1600677359.5361309052, 43.71523284912109375
1600677359.5481309891, 2.4258668422698974609, 1600677359.5671310425, 2.5741331577301025391, 1600677359.5671310425, 43.71523284912109375
1600677359.5791311264, 2.4997618198394775391, 1600677359.5981309414, 2.5002381801605224609, 1600677359.5981309414, 43.226306915283203125
1600677359.6101310253, 2.4997618198394775391, 1600677359.6291310787, 2.5002381801605224609, 1600677359.6291310787, 43.226306915283203125
1600677359.6411309242, 2.4997618198394775391, 1600677359.6601309776, 2.5002381801605224609, 1600677359.6601309776, 43.226306915283203125
1600677359.6721310616, 2.5673229694366455078, 1600677359.691131115, 2.4326770305633544922, 1600677359.691131115, 43.226306915283203125
1600677359.7031309605, 2.4997618198394775391, 1600677359.7221310139, 2.5002381801605224609, 1600677359.7221310139, 43.476329803466796875
1600677359.7341310978, 2.4997618198394775391, 1600677359.7531309128, 2.5002381801605224609, 1600677359.7531309128, 43.476329803466796875
1600677359.7651309967, 2.5588779449462890625, 1600677359.7841310501, 2.4411220550537109375, 1600677359.7841310501, 43.476329803466796875
1600677359.796131134, 2.5588779449462890625, 1600677359.815130949, 2.4411220550537109375, 1600677359.815130949, 43.476329803466796875
1600677359.8271310329, 2.4913167953491210938, 1600677359.8461310863, 2.5086832046508789063, 1600677359.8461310863, 43.811649322509765625
1600677359.8581309319, 2.5588779449462890625, 1600677359.8771309853, 2.4411220550537109375, 1600677359.8771309853, 43.811649322509765625
1600677359.8891310692, 2.5588779449462890625, 1600677359.9081311226, 2.4411220550537109375, 1600677359.9081311226, 43.811649322509765625
1600677359.9201309681, 2.5588779449462890625, 1600677359.9391310215, 2.4411220550537109375, 1600677359.9391310215, 43.811649322509765625
1600677359.9511311054, 2.5588779449462890625, 1600677359.9701309204, 2.4411220550537109375, 1600677359.9701309204, 43.380153656005859375
1600677359.9821310043, 2.4913167953491210938, 1600677360.0011310577, 2.5086832046508789063, 1600677360.0011310577, 43.380153656005859375
1600677360.0131309032, 2.5588779449462890625, 1600677360.0321309566, 2.4411220550537109375, 1600677360.0321309566, 43.380153656005859375
1600677360.0441310406, 2.5588779449462890625, 1600677360.063131094, 2.4411220550537109375, 1600677360.063131094, 43.380153656005859375
1600677360.0751309395, 2.5673229694366455078, 1600677360.0941309929, 2.4326770305633544922, 1600677360.0941309929, 43.538967132568359375
1600677360.1391310692, 2.5261528491973876953, 1600677360.1581311226, 2.4738471508026123047, 1600677360.1581311226, 43.538967132568359375
1600677360.1701309681, 2.5937139987945556641, 1600677360.1891310215, 2.4062860012054443359, 1600677360.1891310215, 43.538967132568359375
1600677360.2011311054, 2.5937139987945556641, 1600677360.2201309204, 2.4062860012054443359, 1600677360.2201309204, 43.51568603515625
1600677360.2321310043, 2.5937139987945556641, 1600677360.2521309853, 2.4062860012054443359, 1600677360.2521309853, 43.51568603515625
1600677360.2631309032, 2.5261528491973876953, 1600677360.2831311226, 2.4738471508026123047, 1600677360.2831311226, 43.51568603515625
1600677360.2941310406, 2.5261528491973876953, 1600677360.3141310215, 2.4738471508026123047, 1600677360.3141310215, 43.51568603515625
1600677360.3261311054, 2.5937139987945556641, 1600677360.3451309204, 2.4062860012054443359, 1600677360.3451309204, 43.756313323974609375
1600677360.3601310253, 2.5628290176391601563, 1600677360.3791310787, 2.4371709823608398438, 1600677360.3791310787, 43.756313323974609375
1600677360.3911309242, 2.5628290176391601563, 1600677360.4101309776, 2.4371709823608398438, 1600677360.4101309776, 43.756313323974609375
1600677360.4221310616, 2.5628290176391601563, 1600677360.441131115, 2.4371709823608398438, 1600677360.441131115, 43.756313323974609375
1600677360.4531309605, 2.53643798828125, 1600677360.4721310139, 2.46356201171875, 1600677360.4721310139, 44.57543182373046875
1600677360.4841310978, 2.53643798828125, 1600677360.5031309128, 2.46356201171875, 1600677360.5031309128, 44.57543182373046875
1600677360.5151309967, 2.53643798828125, 1600677360.5341310501, 2.46356201171875, 1600677360.5341310501, 44.57543182373046875
1600677360.546131134, 2.53643798828125, 1600677360.565130949, 2.46356201171875, 1600677360.565130949, 44.57543182373046875
1600677360.5771310329, 2.53643798828125, 1600677360.5961310863, 2.46356201171875, 1600677360.5961310863, 44.821788787841796875
1600677360.6081309319, 2.53643798828125, 1600677360.6271309853, 2.46356201171875, 1600677360.6271309853, 44.821788787841796875
1600677360.6391310692, 2.53643798828125, 1600677360.6581311226, 2.46356201171875, 1600677360.6581311226, 44.821788787841796875
1600677360.6701309681, 2.5673229694366455078, 1600677360.6891310215, 2.4326770305633544922, 1600677360.6891310215, 44.821788787841796875
1600677360.7011311054, 2.5673229694366455078, 1600677360.7201309204, 2.4326770305633544922, 1600677360.7201309204, 44.756206512451171875
1600677360.7321310043, 2.4997618198394775391, 1600677360.7511310577, 2.5002381801605224609, 1600677360.7511310577, 44.756206512451171875
1600677360.7631309032, 2.5673229694366455078, 1600677360.7821309566, 2.4326770305633544922, 1600677360.7821309566, 44.756206512451171875
1600677360.7941310406, 2.5673229694366455078, 1600677360.813131094, 2.4326770305633544922, 1600677360.813131094, 44.756206512451171875
1600677360.8251309395, 2.5673229694366455078, 1600677360.8441309929, 2.4326770305633544922, 1600677360.8441309929, 44.99947357177734375
1600677360.8561310768, 2.5673229694366455078, 1600677360.8761310577, 2.4326770305633544922, 1600677360.8761310577, 44.99947357177734375
1600677360.8871309757, 2.5673229694366455078, 1600677360.9071309566, 2.4326770305633544922, 1600677360.9071309566, 44.99947357177734375
1600677360.9181311131, 2.5673229694366455078, 1600677360.938131094, 2.4326770305633544922, 1600677360.938131094, 44.99947357177734375
1600677360.9501309395, 2.5673229694366455078, 1600677360.9691309929, 2.4326770305633544922, 1600677360.9691309929, 45.242740631103515625
1600677360.9801309109, 2.5673229694366455078, 1600677361.0001311302, 2.4326770305633544922, 1600677361.0001311302, 45.242740631103515625
1600677361.0111310482, 2.5673229694366455078, 1600677361.0311310291, 2.4326770305633544922, 1600677361.0311310291, 45.242740631103515625
1600677361.0431311131, 2.6348841190338134766, 1600677361.062130928, 2.3651158809661865234, 1600677361.062130928, 45.242740631103515625
1600677361.074131012, 2.6348841190338134766, 1600677361.0931310654, 2.3651158809661865234, 1600677361.0931310654, 44.80364227294921875
1600677361.1051309109, 2.6348841190338134766, 1600677361.1241309643, 2.3651158809661865234, 1600677361.1241309643, 44.80364227294921875
1600677361.1361310482, 2.5673229694366455078, 1600677361.1551311016, 2.4326770305633544922, 1600677361.1551311016, 44.80364227294921875
1600677361.1671309471, 2.5673229694366455078, 1600677361.1861310005, 2.4326770305633544922, 1600677361.1861310005, 44.80364227294921875
1600677361.1981310844, 2.6348841190338134766, 1600677361.2171308994, 2.3651158809661865234, 1600677361.2171308994, 45.04015350341796875
1600677361.2291309834, 2.6348841190338134766, 1600677361.2481310368, 2.3651158809661865234, 1600677361.2481310368, 45.04015350341796875
1600677361.2601311207, 2.6264390945434570313, 1600677361.2791309357, 2.3735609054565429688, 1600677361.2791309357, 45.04015350341796875
1600677361.2911310196, 2.6264390945434570313, 1600677361.310131073, 2.3735609054565429688, 1600677361.310131073, 45.04015350341796875
1600677361.3221309185, 2.6264390945434570313, 1600677361.3411309719, 2.3735609054565429688, 1600677361.3411309719, 45.36196136474609375
1600677361.3531310558, 2.6264390945434570313, 1600677361.3721311092, 2.3735609054565429688, 1600677361.3721311092, 45.36196136474609375
1600677361.3841309547, 2.6264390945434570313, 1600677361.4031310081, 2.3735609054565429688, 1600677361.4031310081, 45.36196136474609375
1600677361.4151310921, 2.6264390945434570313, 1600677361.4341309071, 2.3735609054565429688, 1600677361.4341309071, 45.36196136474609375
1600677361.446130991, 2.6264390945434570313, 1600677361.4651310444, 2.3735609054565429688, 1600677361.4651310444, 45.599315643310546875
1600677361.4771311283, 2.6264390945434570313, 1600677361.4961309433, 2.3735609054565429688, 1600677361.4961309433, 45.599315643310546875
1600677361.5081310272, 2.6264390945434570313, 1600677361.5271310806, 2.3735609054565429688, 1600677361.5271310806, 45.599315643310546875
1600677361.5391309261, 2.6264390945434570313, 1600677361.5581309795, 2.3735609054565429688, 1600677361.5581309795, 45.599315643310546875
1600677361.5701310635, 2.6348841190338134766, 1600677361.5891311169, 2.3651158809661865234, 1600677361.5891311169, 45.751377105712890625
1600677361.6011309624, 2.6348841190338134766, 1600677361.6201310158, 2.3651158809661865234, 1600677361.6201310158, 45.751377105712890625
1600677361.6321310997, 2.6348841190338134766, 1600677361.6511309147, 2.3651158809661865234, 1600677361.6511309147, 45.751377105712890625
1600677361.6631309986, 2.6348841190338134766, 1600677361.682131052, 2.3651158809661865234, 1600677361.682131052, 45.751377105712890625
1600677361.6941311359, 2.6348841190338134766, 1600677361.7131309509, 2.3651158809661865234, 1600677361.7131309509, 45.987888336181640625
1600677361.7251310349, 2.6348841190338134766, 1600677361.7441310883, 2.3651158809661865234, 1600677361.7441310883, 45.987888336181640625
1600677361.7561309338, 2.7024452686309814453, 1600677361.7751309872, 2.2975547313690185547, 1600677361.7751309872, 45.987888336181640625
1600677361.7891309261, 2.694000244140625, 1600677361.8081309795, 2.305999755859375, 1600677361.8081309795, 45.987888336181640625
1600677361.8201310635, 2.694000244140625, 1600677361.8391311169, 2.305999755859375, 1600677361.8391311169, 45.62732696533203125
1600677361.8511309624, 2.694000244140625, 1600677361.8701310158, 2.305999755859375, 1600677361.8701310158, 45.62732696533203125
1600677361.8821310997, 2.694000244140625, 1600677361.9011309147, 2.305999755859375, 1600677361.9011309147, 45.62732696533203125
1600677361.9131309986, 2.694000244140625, 1600677361.932131052, 2.305999755859375, 1600677361.932131052, 45.62732696533203125
1600677361.9441311359, 2.694000244140625, 1600677361.9631309509, 2.305999755859375, 1600677361.9631309509, 45.857929229736328125
1600677361.9751310349, 2.6855549812316894531, 1600677361.9941310883, 2.3144450187683105469, 1600677361.9941310883, 45.857929229736328125
1600677362.0061309338, 2.6855549812316894531, 1600677362.0251309872, 2.3144450187683105469, 1600677362.0251309872, 45.857929229736328125
1600677362.0371310711, 2.6855549812316894531, 1600677362.0561311245, 2.3144450187683105469, 1600677362.0561311245, 45.857929229736328125
1600677362.06813097, 2.6855549812316894531, 1600677362.0871310234, 2.3144450187683105469, 1600677362.0871310234, 46.173824310302734375
1600677362.0991311073, 2.694000244140625, 1600677362.1181309223, 2.305999755859375, 1600677362.1181309223, 46.173824310302734375
1600677362.1301310062, 2.694000244140625, 1600677362.1491310596, 2.305999755859375, 1600677362.1491310596, 46.173824310302734375
1600677362.1941311359, 2.7182798385620117188, 1600677362.2131309509, 2.2817201614379882813, 1600677362.2131309509, 46.07474517822265625
1600677362.2251310349, 2.7182798385620117188, 1600677362.2441310883, 2.2817201614379882813, 1600677362.2441310883, 46.07474517822265625
1600677362.2561309338, 2.7182798385620117188, 1600677362.2751309872, 2.2817201614379882813, 1600677362.2751309872, 46.07474517822265625
1600677362.2871310711, 2.7182798385620117188, 1600677362.3061311245, 2.2817201614379882813, 1600677362.3061311245, 46.07474517822265625
1600677362.31813097, 2.7267251014709472656, 1600677362.3371310234, 2.2732748985290527344, 1600677362.3371310234, 46.217624664306640625
1600677362.3491311073, 2.7267251014709472656, 1600677362.3681309223, 2.2732748985290527344, 1600677362.3681309223, 46.217624664306640625
1600677362.3801310062, 2.7267251014709472656, 1600677362.3991310596, 2.2732748985290527344, 1600677362.3991310596, 46.217624664306640625
1600677362.4111309052, 2.7267251014709472656, 1600677362.4301309586, 2.2732748985290527344, 1600677362.4301309586, 46.217624664306640625
1600677362.4421310425, 2.7267251014709472656, 1600677362.4621310234, 2.2732748985290527344, 1600677362.4621310234, 46.444950103759765625
1600677362.4731309414, 2.7267251014709472656, 1600677362.4931309223, 2.2732748985290527344, 1600677362.4931309223, 46.444950103759765625
1600677362.5041310787, 2.7024452686309814453, 1600677362.5241310596, 2.2975547313690185547, 1600677362.5241310596, 46.444950103759765625
1600677362.5351309776, 2.7024452686309814453, 1600677362.5551309586, 2.2975547313690185547, 1600677362.5551309586, 46.444950103759765625
1600677362.5671310425, 2.7024452686309814453, 1600677362.5861310959, 2.2975547313690185547, 1600677362.5861310959, 46.91750335693359375
1600677362.5971310139, 2.7024452686309814453, 1600677362.6171309948, 2.2975547313690185547, 1600677362.6171309948, 46.91750335693359375
1600677362.6291310787, 2.7024452686309814453, 1600677362.6481311321, 2.2975547313690185547, 1600677362.6481311321, 46.91750335693359375
1600677362.6601309776, 2.7024452686309814453, 1600677362.679131031, 2.2975547313690185547, 1600677362.679131031, 46.91750335693359375
1600677362.691131115, 2.7024452686309814453, 1600677362.7101309299, 2.2975547313690185547, 1600677362.7101309299, 47.147258758544921875
1600677362.7221310139, 2.7700064182281494141, 1600677362.7411310673, 2.2299935817718505859, 1600677362.7411310673, 47.147258758544921875
1600677362.7531309128, 2.7700064182281494141, 1600677362.7721309662, 2.2299935817718505859, 1600677362.7721309662, 47.147258758544921875
1600677362.7841310501, 2.7700064182281494141, 1600677362.8031311035, 2.2299935817718505859, 1600677362.8031311035, 47.147258758544921875
1600677362.815130949, 2.7700064182281494141, 1600677362.8341310024, 2.2299935817718505859, 1600677362.8341310024, 46.69464874267578125
1600677362.8461310863, 2.7615613937377929688, 1600677362.8651309013, 2.2384386062622070313, 1600677362.8651309013, 46.69464874267578125
1600677362.8771309853, 2.7615613937377929688, 1600677362.8961310387, 2.2384386062622070313, 1600677362.8961310387, 46.69464874267578125
1600677362.9081311226, 2.7615613937377929688, 1600677362.9271309376, 2.2384386062622070313, 1600677362.9271309376, 46.69464874267578125
1600677362.9391310215, 2.7615613937377929688, 1600677362.9581310749, 2.2384386062622070313, 1600677362.9581310749, 47.002941131591796875
1600677362.9701309204, 2.7615613937377929688, 1600677362.9891309738, 2.2384386062622070313, 1600677362.9891309738, 47.002941131591796875
1600677363.0011310577, 2.7615613937377929688, 1600677363.0201311111, 2.2384386062622070313, 1600677363.0201311111, 47.002941131591796875
1600677363.0321309566, 2.694000244140625, 1600677363.0511310101, 2.305999755859375, 1600677363.0511310101, 47.002941131591796875
1600677363.063131094, 2.694000244140625, 1600677363.082130909, 2.305999755859375, 1600677363.082130909, 47.909152984619140625
1600677363.0941309929, 2.694000244140625, 1600677363.1131310463, 2.305999755859375, 1600677363.1131310463, 47.909152984619140625
1600677363.1251311302, 2.694000244140625, 1600677363.1441309452, 2.305999755859375, 1600677363.1441309452, 47.909152984619140625
1600677363.1561310291, 2.7024452686309814453, 1600677363.1751310825, 2.2975547313690185547, 1600677363.1751310825, 47.909152984619140625
1600677363.187130928, 2.7024452686309814453, 1600677363.2061309814, 2.2975547313690185547, 1600677363.2061309814, 48.0544586181640625
1600677363.2181310654, 2.7024452686309814453, 1600677363.2371311188, 2.2975547313690185547, 1600677363.2371311188, 48.0544586181640625
1600677363.2491309643, 2.7024452686309814453, 1600677363.2681310177, 2.2975547313690185547, 1600677363.2681310177, 48.0544586181640625
1600677363.2801311016, 2.7700064182281494141, 1600677363.2991309166, 2.2299935817718505859, 1600677363.2991309166, 48.0544586181640625
1600677363.3111310005, 2.7700064182281494141, 1600677363.3301310539, 2.2299935817718505859, 1600677363.3301310539, 47.60184478759765625
1600677363.3421308994, 2.7700064182281494141, 1600677363.3611309528, 2.2299935817718505859, 1600677363.3611309528, 47.60184478759765625
1600677363.3731310368, 2.7700064182281494141, 1600677363.3921310902, 2.2299935817718505859, 1600677363.3921310902, 47.60184478759765625
1600677363.4041309357, 2.7700064182281494141, 1600677363.4231309891, 2.2299935817718505859, 1600677363.4231309891, 47.60184478759765625
1600677363.435131073, 2.7700064182281494141, 1600677363.4541311264, 2.2299935817718505859, 1600677363.4541311264, 47.8248443603515625
1600677363.4661309719, 2.7700064182281494141, 1600677363.4851310253, 2.2299935817718505859, 1600677363.4851310253, 47.8248443603515625
1600677363.4971311092, 2.7700064182281494141, 1600677363.5161309242, 2.2299935817718505859, 1600677363.5161309242, 47.8248443603515625
1600677363.5281310081, 2.7700064182281494141, 1600677363.5471310616, 2.2299935817718505859, 1600677363.5471310616, 47.8248443603515625
1600677363.5591309071, 2.7700064182281494141, 1600677363.5781309605, 2.2299935817718505859, 1600677363.5781309605, 48.04784393310546875
1600677363.5901310444, 2.7024452686309814453, 1600677363.6091310978, 2.2975547313690185547, 1600677363.6091310978, 48.04784393310546875
1600677363.6211309433, 2.7024452686309814453, 1600677363.6411309242, 2.2975547313690185547, 1600677363.6411309242, 48.04784393310546875
1600677363.6521310806, 2.7700064182281494141, 1600677363.6721310616, 2.2299935817718505859, 1600677363.6721310616, 48.04784393310546875
1600677363.6841309071, 2.7700064182281494141, 1600677363.7031309605, 2.2299935817718505859, 1600677363.7031309605, 48.270843505859375
1600677363.7141311169, 2.7700064182281494141, 1600677363.7341310978, 2.2299935817718505859, 1600677363.7341310978, 48.270843505859375
1600677363.7461309433, 2.7700064182281494141, 1600677363.7651309967, -2.7700064182281494141, 1600677363.7651309967, 48.270843505859375
1600677363.7771310806, 2.8375675678253173828, 1600677363.796131134, -2.8375675678253173828, 1600677363.796131134, 48.270843505859375
1600677363.8081309795, 2.8375675678253173828, 1600677363.8271310329, -2.8375675678253173828, 1600677363.8271310329, -2.6885242462158203125
1600677363.8391311169, 2.7024452686309814453, 1600677363.8581309319, -2.7024452686309814453, 1600677363.8581309319, -2.6885242462158203125
1600677363.8701310158, 2.4322006702423095703, 1600677363.8891310692, -2.4322006702423095703, 1600677363.8891310692, -2.6885242462158203125
1600677363.9011309147, 2.1619563102722167969, 1600677363.9201309681, -2.1619563102722167969, 1600677363.9201309681, -2.6885242462158203125
1600677363.932131052, 1.8917117118835449219, 1600677363.9511311054, -1.8917117118835449219, 1600677363.9511311054, 6.5808629989624023438
1600677363.9631309509, 1.5539060831069946289, 1600677363.9821310043, -1.5539060831069946289, 1600677363.9821310043, 6.5808629989624023438
1600677363.9941310883, 1.2836614847183227539, 1600677364.0131309032, -1.2836614847183227539, 1600677364.0131309032, 6.5808629989624023438
1600677364.0251309872, 1.0134170055389404297, 1600677364.0441310406, -1.0134170055389404297, 1600677364.0441310406, 6.5808629989624023438
1600677364.0561311245, 0.74317246675491333008, 1600677364.0751309395, -0.74317246675491333008, 1600677364.0751309395, 17.991937637329101563
1600677364.0871310234, 0.40536680817604064941, 1600677364.1061310768, -0.40536680817604064941, 1600677364.1061310768, 17.991937637329101563
1600677364.1181309223, 0.1351222693920135498, 1600677364.1371309757, -0.1351222693920135498, 1600677364.1371309757, 17.991937637329101563
1600677364.1491310596, -7.1054274634801202655e-16, 1600677364.1681311131, 7.1054274634801202655e-16, 1600677364.1681311131, 17.991937637329101563
1600677364.1801309586, -7.1054274634801202655e-16, 1600677364.199131012, 7.1054274634801202655e-16, 1600677364.199131012, 25.423662185668945313
1600677364.2441310883, -7.1054274634801202655e-16, 1600677364.2631309032, 7.1054274634801202655e-16, 1600677364.2631309032, 25.423662185668945313
1600677364.2751309872, -7.1054274634801202655e-16, 1600677364.2941310406, 7.1054274634801202655e-16, 1600677364.2941310406, 25.423662185668945313
1600677364.3081309795, -7.1054274634801202655e-16, 1600677364.3271310329, 7.1054274634801202655e-16, 1600677364.3271310329, 25.423662185668945313
1600677364.3388180733, -7.1054274634801202655e-16, 1600677364.3578181267, 7.1054274634801202655e-16, 1600677364.3578181267, 25.423662185668945313
1600677364.3698179722, -7.1054274634801202655e-16, 1600677364.3888180256, 7.1054274634801202655e-16, 1600677364.3888180256, 25.423662185668945313
1600677364.4008181095, -7.1054274634801202655e-16, 1600677364.4198179245, 7.1054274634801202655e-16, 1600677364.4198179245, 25.423662185668945313
1600677364.4318180084, -7.1054274634801202655e-16, 1600677364.4508180618, 7.1054274634801202655e-16, 1600677364.4508180618, 25.423662185668945313
1600677364.4628179073, -7.1054274634801202655e-16, 1600677364.4818179607, 7.1054274634801202655e-16, 1600677364.4818179607, 25.423662185668945313
1600677364.4938180447, -7.1054274634801202655e-16, 1600677364.5128180981, 7.1054274634801202655e-16, 1600677364.5128180981, 25.423662185668945313
1600677364.5248179436, -7.1054274634801202655e-16, 1600677364.543817997, 7.1054274634801202655e-16, 1600677364.543817997, 25.423662185668945313
1600677364.5558180809, -7.1054274634801202655e-16, 1600677364.5748178959, 7.1054274634801202655e-16, 1600677364.5748178959, 25.423662185668945313
1600677364.5868179798, -7.1054274634801202655e-16, 1600677364.6058180332, 7.1054274634801202655e-16, 1600677364.6058180332, 25.423662185668945313
1600677364.6178181171, -7.1054274634801202655e-16, 1600677364.6368179321, 7.1054274634801202655e-16, 1600677364.6368179321, 25.423662185668945313
1600677364.6488180161, -7.1054274634801202655e-16, 1600677364.6678180695, 7.1054274634801202655e-16, 1600677364.6678180695, 25.423662185668945313
1600677364.679817915, -7.1054274634801202655e-16, 1600677364.6988179684, 7.1054274634801202655e-16, 1600677364.6988179684, 25.423662185668945313
1600677364.7108180523, -7.1054274634801202655e-16, 1600677364.7298181057, 7.1054274634801202655e-16, 1600677364.7298181057, 25.423662185668945313
1600677364.7418179512, -7.1054274634801202655e-16, 1600677364.7608180046, 7.1054274634801202655e-16, 1600677364.7608180046, 25.423662185668945313
1600677364.7728180885, -7.1054274634801202655e-16, 1600677364.7918179035, 7.1054274634801202655e-16, 1600677364.7918179035, 25.423662185668945313
1600677364.8038179874, -7.1054274634801202655e-16, 1600677364.8228180408, 7.1054274634801202655e-16, 1600677364.8228180408, 25.423662185668945313
1600677364.8348181248, -7.1054274634801202655e-16, 1600677364.8538179398, 7.1054274634801202655e-16, 1600677364.8538179398, 25.423662185668945313
1600677364.8658180237, -7.1054274634801202655e-16, 1600677364.8848180771, 7.1054274634801202655e-16, 1600677364.8848180771, 25.423662185668945313
1600677364.8968179226, -7.1054274634801202655e-16, 1600677364.915817976, 7.1054274634801202655e-16, 1600677364.915817976, 25.423662185668945313
1600677364.9278180599, -7.1054274634801202655e-16, 1600677364.9468181133, 7.1054274634801202655e-16, 1600677364.9468181133, 25.423662185668945313
1600677364.9588179588, -7.1054274634801202655e-16, 1600677364.9778180122, 7.1054274634801202655e-16, 1600677364.9778180122, 25.423662185668945313
1600677364.9898180962, -7.1054274634801202655e-16, 1600677365.0088179111, 7.1054274634801202655e-16, 1600677365.0088179111, 25.423662185668945313
1600677365.0208179951, -7.1054274634801202655e-16, 1600677365.0398180485, 7.1054274634801202655e-16, 1600677365.0398180485, 25.423662185668945313
1600677365.051817894, -7.1054274634801202655e-16, 1600677365.0708179474, 7.1054274634801202655e-16, 1600677365.0708179474, 25.423662185668945313
1600677365.0828180313, -7.1054274634801202655e-16, 1600677365.1018180847, 7.1054274634801202655e-16, 1600677365.1018180847, 25.423662185668945313
1600677365.1138179302, -7.1054274634801202655e-16, 1600677365.1328179836, 7.1054274634801202655e-16, 1600677365.1328179836, 25.423662185668945313
1600677365.1448180676, -7.1054274634801202655e-16, 1600677365.163818121, 7.1054274634801202655e-16, 1600677365.163818121, 25.423662185668945313
1600677365.1758179665, -7.1054274634801202655e-16, 1600677365.1948180199, 7.1054274634801202655e-16, 1600677365.1948180199, 25.423662185668945313
1600677365.2068181038, -7.1054274634801202655e-16, 1600677365.2268180847, 7.1054274634801202655e-16, 1600677365.2268180847, 25.423662185668945313
1600677365.2378180027, -7.1054274634801202655e-16, 1600677365.2578179836, 7.1054274634801202655e-16, 1600677365.2578179836, 25.423662185668945313
1600677365.2688179016, -7.1054274634801202655e-16, 1600677365.288818121, 7.1054274634801202655e-16, 1600677365.288818121, 25.423662185668945313
1600677365.3008179665, -7.1054274634801202655e-16, 1600677365.3198180199, 7.1054274634801202655e-16, 1600677365.3198180199, 25.423662185668945313
1600677365.3308179379, -7.1054274634801202655e-16, 1600677365.3508179188, 7.1054274634801202655e-16, 1600677365.3508179188, 25.423662185668945313
1600677365.3658180237, -7.1054274634801202655e-16, 1600677365.3848180771, 7.1054274634801202655e-16, 1600677365.3848180771, 25.423662185668945313
1600677365.3968179226, -7.1054274634801202655e-16, 1600677365.415817976, 7.1054274634801202655e-16, 1600677365.415817976, 25.423662185668945313
1600677365.4278180599, -7.1054274634801202655e-16, 1600677365.4468181133, 7.1054274634801202655e-16, 1600677365.4468181133, 25.423662185668945313
1600677365.4588179588, -7.1054274634801202655e-16, 1600677365.4778180122, 7.1054274634801202655e-16, 1600677365.4778180122, 25.423662185668945313
1600677365.4898180962, -7.1054274634801202655e-16, 1600677365.5088179111, 7.1054274634801202655e-16, 1600677365.5088179111, 25.423662185668945313
1600677365.5208179951, -7.1054274634801202655e-16, 1600677365.5398180485, 7.1054274634801202655e-16, 1600677365.5398180485, 25.423662185668945313
1600677365.551817894, -7.1054274634801202655e-16, 1600677365.5708179474, 7.1054274634801202655e-16, 1600677365.5708179474, 25.423662185668945313
1600677365.5828180313, -7.1054274634801202655e-16, 1600677365.6018180847, 7.1054274634801202655e-16, 1600677365.6018180847, 25.423662185668945313
1600677365.6138179302, -7.1054274634801202655e-16, 1600677365.6328179836, 7.1054274634801202655e-16, 1600677365.6328179836, 25.423662185668945313
1600677365.6448180676, -7.1054274634801202655e-16, 1600677365.663818121, 7.1054274634801202655e-16, 1600677365.663818121, 25.423662185668945313
1600677365.6758179665, -7.1054274634801202655e-16, 1600677365.6948180199, 7.1054274634801202655e-16, 1600677365.6948180199, 25.423662185668945313
1600677365.7068181038, -7.1054274634801202655e-16, 1600677365.7258179188, 7.1054274634801202655e-16, 1600677365.7258179188, 25.423662185668945313
1600677365.7378180027, -7.1054274634801202655e-16, 1600677365.7568180561, 7.1054274634801202655e-16, 1600677365.7568180561, 25.423662185668945313
1600677365.7688179016, -7.1054274634801202655e-16, 1600677365.787817955, 7.1054274634801202655e-16, 1600677365.787817955, 25.423662185668945313
1600677365.7998180389, -7.1054274634801202655e-16, 1600677365.8188180923, 7.1054274634801202655e-16, 1600677365.8188180923, 25.423662185668945313
1600677365.8308179379, -7.1054274634801202655e-16, 1600677365.8508179188, 7.1054274634801202655e-16, 1600677365.8508179188, 25.423662185668945313
1600677365.8618180752, -7.1054274634801202655e-16, 1600677365.8818180561, 7.1054274634801202655e-16, 1600677365.8818180561, 25.423662185668945313
1600677365.8928179741, -7.1054274634801202655e-16, 1600677365.912817955, 7.1054274634801202655e-16, 1600677365.912817955, 25.423662185668945313
1600677365.9248180389, -7.1054274634801202655e-16, 1600677365.9438180923, 7.1054274634801202655e-16, 1600677365.9438180923, 25.423662185668945313
1600677365.9548180103, -7.1054274634801202655e-16, 1600677365.9748179913, 7.1054274634801202655e-16, 1600677365.9748179913, 25.423662185668945313
1600677365.9858179092, -7.1054274634801202655e-16, 1600677366.0058178902, 7.1054274634801202655e-16, 1600677366.0058178902, 25.423662185668945313
1600677366.0168180466, -7.1054274634801202655e-16, 1600677366.0368180275, 7.1054274634801202655e-16, 1600677366.0368180275, 25.423662185668945313
1600677366.0488181114, -7.1054274634801202655e-16, 1600677366.0678179264, 7.1054274634801202655e-16, 1600677366.0678179264, 25.423662185668945313
1600677366.0798180103, -7.1054274634801202655e-16, 1600677366.0988180637, 7.1054274634801202655e-16, 1600677366.0988180637, 25.423662185668945313
1600677366.1108179092, -7.1054274634801202655e-16, 1600677366.1298179626, 7.1054274634801202655e-16, 1600677366.1298179626, 25.423662185668945313
1600677366.1418180466, -7.1054274634801202655e-16, 1600677366.1608181, 7.1054274634801202655e-16, 1600677366.1608181, 25.423662185668945313
1600677366.1728179455, -7.1054274634801202655e-16, 1600677366.1918179989, 7.1054274634801202655e-16, 1600677366.1918179989, 25.423662185668945313
1600677366.2038180828, -7.1054274634801202655e-16, 1600677366.2228178978, 7.1054274634801202655e-16, 1600677366.2228178978, 25.423662185668945313
1600677366.2348179817, -7.1054274634801202655e-16, 1600677366.2538180351, 7.1054274634801202655e-16, 1600677366.2538180351, 25.423662185668945313
1600677366.2988181114, -7.1054274634801202655e-16, 1600677366.3178179264, 7.1054274634801202655e-16, 1600677366.3178179264, 25.423662185668945313
1600677366.3298180103, -7.1054274634801202655e-16, 1600677366.3488180637, 7.1054274634801202655e-16, 1600677366.3488180637, 25.423662185668945313
