# /joint_state/header/stamp, /joint_state/velocity/0, /pid_left_state/header/stamp, /pid_left_state/error, /pid_left_state/header/stamp, /pid_left_state/output
1600680356.4441671371, -8.4376948812720713004e-16, 1600680356.4631669521, 5, 1600680356.4631669521, 0
1600680356.4751670361, -8.4376948812720713004e-16, 1600680356.4941670895, 5, 1600680356.4941670895, 0
1600680356.5391671658, -8.4376948812720713004e-16, 1600680356.5581669807, 5, 1600680356.5581669807, 0
1600680356.5701670647, -8.4376948812720713004e-16, 1600680356.5891671181, 5, 1600680356.5891671181, 0
1600680356.6021671295, -8.4376948812720713004e-16, 1600680356.6221671104, 5, 1600680356.6221671104, 0
1600680356.6335339546, -8.4376948812720713004e-16, 1600680356.653534174, 5, 1600680356.653534174, 0
1600680356.6645340919, -8.4376948812720713004e-16, 1600680356.6845340729, 5, 1600680356.6845340729, 0
1600680356.6955339909, -8.4376948812720713004e-16, 1600680356.7155339718, 5, 1600680356.7155339718, 0
1600680356.7275340557, -8.4376948812720713004e-16, 1600680356.7465341091, 5, 1600680356.7465341091, 0
1600680356.7585339546, -8.4376948812720713004e-16, 1600680356.777534008, 5, 1600680356.777534008, 0
1600680356.7895340919, -8.4376948812720713004e-16, 1600680356.8085341454, 5, 1600680356.8085341454, 0
1600680356.8205339909, -8.4376948812720713004e-16, 1600680356.8395340443, 5, 1600680356.8395340443, 0
1600680356.8515341282, -8.4376948812720713004e-16, 1600680356.8705339432, 5, 1600680356.8705339432, 0
1600680356.8825340271, -8.4376948812720713004e-16, 1600680356.9015340805, 5, 1600680356.9015340805, 0
1600680356.9135341644, -8.4376948812720713004e-16, 1600680356.9325339794, 5, 1600680356.9325339794, 0
1600680356.9445340633, -8.4376948812720713004e-16, 1600680356.9635341167, 5, 1600680356.9635341167, 0
1600680356.9755339622, -8.4376948812720713004e-16, 1600680356.9945340157, 5, 1600680356.9945340157, 0
1600680357.0065340996, -8.4376948812720713004e-16, 1600680357.025534153, 5, 1600680357.025534153, 0
1600680357.0375339985, -8.4376948812720713004e-16, 1600680357.0565340519, 5, 1600680357.0565340519, 0
1600680357.0685341358, -8.4376948812720713004e-16, 1600680357.0875339508, 5, 1600680357.0875339508, 0
1600680357.0995340347, -8.4376948812720713004e-16, 1600680357.1185340881, 5, 1600680357.1185340881, 0
1600680357.1305341721, -8.4376948812720713004e-16, 1600680357.149533987, 5, 1600680357.149533987, 0
1600680357.161534071, -8.4376948812720713004e-16, 1600680357.1805341244, 5, 1600680357.1805341244, 0
1600680357.1925339699, -8.4376948812720713004e-16, 1600680357.2115340233, 5, 1600680357.2115340233, 0
1600680357.2235341072, -8.4376948812720713004e-16, 1600680357.2425341606, 5, 1600680357.2425341606, 0
1600680357.2545340061, -8.4376948812720713004e-16, 1600680357.2735340595, 5, 1600680357.2735340595, 0
1600680357.2855341434, -8.4376948812720713004e-16, 1600680357.3045339584, 5, 1600680357.3045339584, 0
1600680357.3165340424, -8.4376948812720713004e-16, 1600680357.3355340958, 5, 1600680357.3355340958, 0
1600680357.3475339413, -8.4376948812720713004e-16, 1600680357.3665339947, 5, 1600680357.3665339947, 0
1600680357.3785340786, -8.4376948812720713004e-16, 1600680357.397534132, 5, 1600680357.397534132, 0
1600680357.4095339775, -8.4376948812720713004e-16, 1600680357.4285340309, 5, 1600680357.4285340309, 0
1600680357.4405341148, -8.4376948812720713004e-16, 1600680357.4595341682, 5, 1600680357.4595341682, 0
1600680357.4715340137, -8.4376948812720713004e-16, 1600680357.4905340672, 5, 1600680357.4905340672, 0
1600680357.5025341511, -8.4376948812720713004e-16, 1600680357.5215339661, 5, 1600680357.5215339661, 0
1600680357.53353405, -8.4376948812720713004e-16, 1600680357.5525341034, 5, 1600680357.5525341034, 0
1600680357.5645339489, -8.4376948812720713004e-16, 1600680357.5835340023, 5, 1600680357.5835340023, 0
1600680357.5955340862, -8.4376948812720713004e-16, 1600680357.6145341396, 5, 1600680357.6145341396, 0
1600680357.6265339851, -8.4376948812720713004e-16, 1600680357.6455340385, 5, 1600680357.6455340385, 0
1600680357.6575341225, -8.4376948812720713004e-16, 1600680357.6775341034, 5, 1600680357.6775341034, 0
1600680357.6885340214, -8.4376948812720713004e-16, 1600680357.7085340023, 5, 1600680357.7085340023, 0
1600680357.7195341587, -8.4376948812720713004e-16, 1600680357.7395341396, 5, 1600680357.7395341396, 0
1600680357.7505340576, -8.4376948812720713004e-16, 1600680357.7705340385, 5, 1600680357.7705340385, 0
1600680357.7815339565, -8.4376948812720713004e-16, 1600680357.8015339375, 5, 1600680357.8015339375, 0
1600680357.8125340939, -8.4376948812720713004e-16, 1600680357.8325340748, 5, 1600680357.8325340748, 0
1600680357.8435339928, -8.4376948812720713004e-16, 1600680357.8635339737, 5, 1600680357.8635339737, 0
1600680357.8755340576, -8.4376948812720713004e-16, 1600680357.894534111, 5, 1600680357.894534111, 0
1600680357.9065339565, -8.4376948812720713004e-16, 1600680357.9255340099, 5, 1600680357.9255340099, 0
1600680357.9375340939, -8.4376948812720713004e-16, 1600680357.9565341473, 5, 1600680357.9565341473, 0
1600680357.9685339928, -8.4376948812720713004e-16, 1600680357.9875340462, 5, 1600680357.9875340462, 0
1600680357.9995341301, -8.4376948812720713004e-16, 1600680358.0185339451, 5, 1600680358.0185339451, 0
1600680358.030534029, -8.4376948812720713004e-16, 1600680358.0495340824, 5, 1600680358.0495340824, 0
1600680358.0615341663, -8.4376948812720713004e-16, 1600680358.0805339813, 5, 1600680358.0805339813, 0
1600680358.0925340652, -8.4376948812720713004e-16, 1600680358.1115341187, 5, 1600680358.1115341187, 0
1600680358.1235339642, -8.4376948812720713004e-16, 1600680358.1425340176, 5, 1600680358.1425340176, 0
1600680358.1545341015, -8.4376948812720713004e-16, 1600680358.1735341549, 5, 1600680358.1735341549, 0
1600680358.1855340004, -8.4376948812720713004e-16, 1600680358.2045340538, 5, 1600680358.2045340538, 0
1600680358.2165341377, -8.4376948812720713004e-16, 1600680358.2355339527, 5, 1600680358.2355339527, 0
1600680358.2475340366, -8.4376948812720713004e-16, 1600680358.26653409, 5, 1600680358.26653409, 0
1600680358.278534174, -8.4376948812720713004e-16, 1600680358.297533989, 5, 1600680358.297533989, 0
1600680358.3095340729, -8.4376948812720713004e-16, 1600680358.3285341263, 5, 1600680358.3285341263, 0
1600680358.3405339718, -8.4376948812720713004e-16, 1600680358.3595340252, 5, 1600680358.3595340252, 0
1600680358.3715341091, -8.4376948812720713004e-16, 1600680358.3905341625, 5, 1600680358.3905341625, 0
1600680358.402534008, -8.4376948812720713004e-16, 1600680358.4215340614, 5, 1600680358.4215340614, 0
1600680358.4335341454, -8.4376948812720713004e-16, 1600680358.4525339603, 5, 1600680358.4525339603, 0
1600680358.4645340443, -8.4376948812720713004e-16, 1600680358.4835340977, 5, 1600680358.4835340977, 0
1600680358.4955339432, -8.4376948812720713004e-16, 1600680358.5145339966, 5, 1600680358.5145339966, 0
1600680358.5265340805, -8.4376948812720713004e-16, 1600680358.5455341339, 5, 1600680358.5455341339, 0
1600680358.5905339718, -8.4376948812720713004e-16, 1600680358.6105339527, 5, 1600680358.6105339527, 0
1600680358.6215341091, -8.4376948812720713004e-16, 1600680358.64153409, 5, 1600680358.64153409, 0
1600680358.652534008, -8.4376948812720713004e-16, 1600680358.672533989, 5, 1600680358.672533989, 0
1600680358.6835341454, -8.4376948812720713004e-16, 1600680358.7035341263, 5, 1600680358.7035341263, 0
1600680358.7145340443, -8.4376948812720713004e-16, 1600680358.7345340252, 5, 1600680358.7345340252, 0
1600680358.7465341091, -8.4376948812720713004e-16, 1600680358.7655341625, 5, 1600680358.7655341625, 0
1600680358.777534008, -8.4376948812720713004e-16, 1600680358.7965340614, 5, 1600680358.7965340614, 0
1600680358.8085341454, -8.4376948812720713004e-16, 1600680358.8275339603, 5, 1600680358.8275339603, 0
1600680358.8395340443, -8.4376948812720713004e-16, 1600680358.8585340977, 5, 1600680358.8585340977, 0
1600680358.8705339432, -8.4376948812720713004e-16, 1600680358.8895339966, 5, 1600680358.8895339966, 0
1600680358.9015340805, -8.4376948812720713004e-16, 1600680358.9205341339, 5, 1600680358.9205341339, 0
1600680358.9325339794, -8.4376948812720713004e-16, 1600680358.9515340328, 5, 1600680358.9515340328, 0
1600680358.9635341167, -8.4376948812720713004e-16, 1600680358.9825341702, 5, 1600680358.9825341702, 0
1600680358.9945340157, -8.4376948812720713004e-16, 1600680359.0135340691, 5, 1600680359.0135340691, 0
1600680359.025534153, -8.4376948812720713004e-16, 1600680359.044533968, 5, 1600680359.044533968, 0
1600680359.0565340519, -8.4376948812720713004e-16, 1600680359.0755341053, 5, 1600680359.0755341053, 0
1600680359.0875339508, -8.4376948812720713004e-16, 1600680359.1065340042, 5, 1600680359.1065340042, 0
1600680359.1195340157, -8.4376948812720713004e-16, 1600680359.1385340691, 5, 1600680359.1385340691, 0
1600680359.1499278545, -8.4376948812720713004e-16, 1600680359.1689279079, 5, 1600680359.1689279079, 0
1600680359.1809279919, -8.4376948812720713004e-16, 1600680359.1999280453, 5, 1600680359.1999280453, 0
1600680359.2119278908, -8.4376948812720713004e-16, 1600680359.2309279442, 5, 1600680359.2309279442, 0
1600680359.2429280281, -8.4376948812720713004e-16, 1600680359.262928009, 5, 1600680359.262928009, 0
1600680359.273927927, -8.4376948812720713004e-16, 1600680359.2939279079, 5, 1600680359.2939279079, 0
1600680359.3049280643, -8.4376948812720713004e-16, 1600680359.3249280453, 5, 1600680359.3249280453, 0
1600680359.3359279633, -8.4376948812720713004e-16, 1600680359.3559279442, 5, 1600680359.3559279442, 0
1600680359.3669278622, -8.4376948812720713004e-16, 1600680359.3869278431, 5, 1600680359.3869278431, 0
1600680359.3979279995, -8.4376948812720713004e-16, 1600680359.4179279804, 5, 1600680359.4179279804, 0
1600680359.4289278984, -8.4376948812720713004e-16, 1600680359.4489278793, 5, 1600680359.4489278793, 0
1600680359.4609279633, -8.4376948812720713004e-16, 1600680359.4799280167, 5, 1600680359.4799280167, 0
1600680359.4919278622, -8.4376948812720713004e-16, 1600680359.5109279156, 5, 1600680359.5109279156, 0
1600680359.5229279995, -8.4376948812720713004e-16, 1600680359.5419280529, 5, 1600680359.5419280529, 0
1600680359.5539278984, -8.4376948812720713004e-16, 1600680359.5729279518, 5, 1600680359.5729279518, 0
1600680359.5849280357, -8.4376948812720713004e-16, 1600680359.6039278507, 5, 1600680359.6039278507, 0
1600680359.6159279346, -8.4376948812720713004e-16, 1600680359.6349279881, 5, 1600680359.6349279881, 0
1600680359.646928072, -8.4376948812720713004e-16, 1600680359.665927887, 5, 1600680359.665927887, 0
1600680359.6779279709, -8.4376948812720713004e-16, 1600680359.6969280243, 5, 1600680359.6969280243, 0
1600680359.7089278698, -8.4376948812720713004e-16, 1600680359.7279279232, 5, 1600680359.7279279232, 0
1600680359.7399280071, -8.4376948812720713004e-16, 1600680359.7589280605, 5, 1600680359.7589280605, 0
1600680359.770927906, -8.4376948812720713004e-16, 1600680359.7899279594, 5, 1600680359.7899279594, 0
1600680359.8019280434, -8.4376948812720713004e-16, 1600680359.8209278584, 5, 1600680359.8209278584, 0
1600680359.8329279423, -8.4376948812720713004e-16, 1600680359.8519279957, 5, 1600680359.8519279957, 0
1600680359.8639278412, -8.4376948812720713004e-16, 1600680359.8829278946, 5, 1600680359.8829278946, 0
1600680359.8949279785, -8.4376948812720713004e-16, 1600680359.9139280319, 5, 1600680359.9139280319, 0
1600680359.9259278774, -8.4376948812720713004e-16, 1600680359.9449279308, 5, 1600680359.9449279308, 0
1600680359.9599280357, -8.4376948812720713004e-16, 1600680359.9799280167, 5, 1600680359.9799280167, 0
1600680359.9909279346, -8.4376948812720713004e-16, 1600680360.0109279156, 5, 1600680360.0109279156, 0
1600680360.021928072, -8.4376948812720713004e-16, 1600680360.0419280529, 5, 1600680360.0419280529, 0
1600680360.0539278984, -8.4376948812720713004e-16, 1600680360.0729279518, 5, 1600680360.0729279518, 50
1600680360.0849280357, 0.1351222693920135498, 1600680360.1039278507, 4.8648777008056640625, 1600680360.1039278507, 50
1600680360.1159279346, 0.33780565857887268066, 1600680360.1349279881, 4.6621942520141601563, 1600680360.1349279881, 50
1600680360.146928072, 0.67561131715774536133, 1600680360.165927887, 4.3243885040283203125, 1600680360.165927887, 50
1600680360.1779279709, 0.94585585594177246094, 1600680360.1969280243, 4.0541443824768066406, 1600680360.1969280243, 65.54144287109375
1600680360.2089278698, 1.2836614847183227539, 1600680360.2279279232, 3.7163383960723876953, 1600680360.2279279232, 65.54144287109375
1600680360.2399280071, 1.6763606071472167969, 1600680360.2589280605, 3.3236393928527832031, 1600680360.2589280605, 65.54144287109375
1600680360.270927906, 2.0141663551330566406, 1600680360.2899279594, 2.9858336448669433594, 1600680360.2899279594, 65.54144287109375
1600680360.3019280434, 2.4195330142974853516, 1600680360.3209278584, 2.5804669857025146484, 1600680360.3209278584, 71.0753936767578125
1600680360.3329279423, 2.8248999118804931641, 1600680360.3519279957, 2.1751000881195068359, 1600680360.3519279957, 71.0753936767578125
1600680360.3639278412, 3.2978277206420898438, 1600680360.3829278946, 1.7021722793579101563, 1600680360.3829278946, 71.0753936767578125
1600680360.3949279785, 3.5680723190307617188, 1600680360.4139280319, 1.4319276809692382813, 1600680360.4139280319, 71.0753936767578125
1600680360.4259278774, 3.8383169174194335938, 1600680360.4449279308, 1.161683201789855957, 1600680360.4449279308, 69.789886474609375
1600680360.4569280148, 3.9058780670166015625, 1600680360.4759280682, 1.0941220521926879883, 1600680360.4759280682, 69.789886474609375
1600680360.4879279137, 4.1085615158081054688, 1600680360.5069279671, 0.89143866300582885742, 1600680360.5069279671, 69.789886474609375
1600680360.518928051, 4.1761226654052734375, 1600680360.537927866, 0.82387751340866088867, 1600680360.537927866, 69.789886474609375
1600680360.5499279499, 4.1887903213500976563, 1600680360.5689280033, 0.81120979785919189453, 1600680360.5689280033, 72.09356689453125
1600680360.5809278488, 4.3239126205444335938, 1600680360.5999279022, 0.67608755826950073242, 1600680360.5999279022, 72.09356689453125
1600680360.6449279785, 4.3766946792602539063, 1600680360.6639280319, 0.62330538034439086914, 1600680360.6639280319, 72.09356689453125
1600680360.6759278774, 4.3766946792602539063, 1600680360.6949279308, 0.62330538034439086914, 1600680360.6949279308, 74.27057647705078125
1600680360.7069280148, 4.3766946792602539063, 1600680360.7259280682, 0.62330538034439086914, 1600680360.7259280682, 74.27057647705078125
1600680360.7379279137, 4.444255828857421875, 1600680360.7579278946, 0.55574429035186767578, 1600680360.7579278946, 74.27057647705078125
1600680360.768928051, 4.444255828857421875, 1600680360.7889280319, 0.55574429035186767578, 1600680360.7889280319, 74.27057647705078125
1600680360.8009278774, 4.444255828857421875, 1600680360.8199279308, 0.55574429035186767578, 1600680360.8199279308, 76.71148681640625
1600680360.8309278488, 4.444255828857421875, 1600680360.8509280682, 0.55574429035186767578, 1600680360.8509280682, 76.71148681640625
1600680360.8619279861, 4.5118169784545898438, 1600680360.8819279671, 0.48818314075469970703, 1600680360.8819279671, 76.71148681640625
1600680360.893928051, 4.5793781280517578125, 1600680360.912927866, 0.42062199115753173828, 1600680360.912927866, 76.71148681640625
1600680360.9249279499, 4.5793781280517578125, 1600680360.9439280033, 0.42062199115753173828, 1600680360.9439280033, 78.1389923095703125
1600680360.9559278488, 4.5941572189331054688, 1600680360.9749279022, 0.40584298968315124512, 1600680360.9749279022, 78.1389923095703125
1600680360.9869279861, 4.6617183685302734375, 1600680361.0059280396, 0.33828186988830566406, 1600680361.0059280396, 78.1389923095703125
1600680361.0179278851, 4.6617183685302734375, 1600680361.0369279385, 0.33828186988830566406, 1600680361.0369279385, 78.1389923095703125
1600680361.0489280224, 4.6617183685302734375, 1600680361.0679278374, 0.33828186988830566406, 1600680361.0679278374, 79.41869354248046875
1600680361.0799279213, 4.6617183685302734375, 1600680361.0989279747, 0.33828186988830566406, 1600680361.0989279747, 79.41869354248046875
1600680361.1109280586, 4.7799501419067382813, 1600680361.1299278736, 0.22004988789558410645, 1600680361.1299278736, 79.41869354248046875
1600680361.1419279575, 4.7799501419067382813, 1600680361.1609280109, 0.22004988789558410645, 1600680361.1609280109, 79.41869354248046875
1600680361.1729278564, 4.7799501419067382813, 1600680361.1919279099, 0.22004988789558410645, 1600680361.1919279099, 79.92778778076171875
1600680361.2039279938, 4.84751129150390625, 1600680361.2229280472, 0.15248875319957733154, 1600680361.2229280472, 79.92778778076171875
1600680361.2349278927, 4.84751129150390625, 1600680361.2539279461, 0.15248875319957733154, 1600680361.2539279461, 79.92778778076171875
1600680361.26592803, 4.84751129150390625, 1600680361.284927845, 0.15248875319957733154, 1600680361.284927845, 79.92778778076171875
1600680361.2969279289, 4.9150724411010742188, 1600680361.3159279823, 0.084927625954151153564, 1600680361.3159279823, 79.67681121826171875
1600680361.3279280663, 4.9150724411010742188, 1600680361.3469278812, 0.084927625954151153564, 1600680361.3469278812, 79.67681121826171875
1600680361.3589279652, 4.9150724411010742188, 1600680361.3779280186, 0.084927625954151153564, 1600680361.3779280186, 79.67681121826171875
1600680361.3899278641, 4.9150724411010742188, 1600680361.4089279175, 0.084927625954151153564, 1600680361.4089279175, 79.67681121826171875
1600680361.4209280014, 4.9319624900817871094, 1600680361.4399280548, 0.068037338554859161377, 1600680361.4399280548, 79.93254852294921875
1600680361.4519279003, 4.9319624900817871094, 1600680361.4709279537, 0.068037338554859161377, 1600680361.4709279537, 79.93254852294921875
1600680361.4829280376, 4.9319624900817871094, 1600680361.5019278526, 0.068037338554859161377, 1600680361.5019278526, 79.93254852294921875
1600680361.5139279366, 4.9319624900817871094, 1600680361.53292799, 0.068037338554859161377, 1600680361.53292799, 79.93254852294921875
1600680361.5449280739, 4.9319624900817871094, 1600680361.5639278889, 0.068037338554859161377, 1600680361.5639278889, 80.272735595703125
1600680361.5759279728, 4.9319624900817871094, 1600680361.5949280262, 0.068037338554859161377, 1600680361.5949280262, 80.272735595703125
1600680361.6069278717, 4.9319624900817871094, 1600680361.6259279251, 0.068037338554859161377, 1600680361.6259279251, 80.272735595703125
1600680361.6399278641, 4.9171838760375976563, 1600680361.6589279175, 0.082816340029239654541, 1600680361.6589279175, 80.272735595703125
1600680361.6709289551, 4.984745025634765625, 1600680361.6899290085, 0.015255205333232879639, 1600680361.6899290085, 80.0850982666015625
1600680361.701928854, 4.984745025634765625, 1600680361.7209289074, 0.015255205333232879639, 1600680361.7209289074, 80.0850982666015625
1600680361.7329289913, 4.984745025634765625, 1600680361.7519288063, 0.015255205333232879639, 1600680361.7519288063, 80.0850982666015625
1600680361.7639288902, 4.984745025634765625, 1600680361.7829289436, 0.015255205333232879639, 1600680361.7829289436, 80.0850982666015625
1600680361.7949287891, 5.0523056983947753906, 1600680361.8139288425, -0.052305925637483596802, 1600680361.8139288425, 79.4857635498046875
1600680361.8259289265, 4.9699659347534179688, 1600680361.8449289799, 0.030034203082323074341, 1600680361.8449289799, 79.4857635498046875
1600680361.8569288254, 4.9699659347534179688, 1600680361.8759288788, 0.030034203082323074341, 1600680361.8759288788, 79.4857635498046875
1600680361.8879289627, 5.0375270843505859375, 1600680361.9069287777, -0.0375269278883934021, 1600680361.9069287777, 79.4857635498046875
1600680361.9189288616, 4.9699659347534179688, 1600680361.937928915, 0.030034203082323074341, 1600680361.937928915, 80.047637939453125
1600680361.9499289989, 5.0523056983947753906, 1600680361.9689288139, -0.052305925637483596802, 1600680361.9689288139, 80.047637939453125
1600680361.9809288979, 4.984745025634765625, 1600680361.9999289513, 0.015255205333232879639, 1600680361.9999289513, 80.047637939453125
1600680362.0119287968, 5.0523056983947753906, 1600680362.0309288502, -0.052305925637483596802, 1600680362.0309288502, 80.047637939453125
1600680362.0429289341, 4.984745025634765625, 1600680362.0619289875, 0.015255205333232879639, 1600680362.0619289875, 80.050018310546875
1600680362.073928833, 4.984745025634765625, 1600680362.0929288864, 0.015255205333232879639, 1600680362.0929288864, 80.050018310546875
1600680362.1049289703, 4.984745025634765625, 1600680362.1239287853, 0.015255205333232879639, 1600680362.1239287853, 80.050018310546875
1600680362.1359288692, 5.0670847892761230469, 1600680362.1549289227, -0.067084923386573791504, 1600680362.1549289227, 80.050018310546875
1600680362.1669290066, 5.0670847892761230469, 1600680362.1859288216, -0.067084923386573791504, 1600680362.1859288216, 79.30289459228515625
1600680362.1979289055, 5.0670847892761230469, 1600680362.2169289589, -0.067084923386573791504, 1600680362.2169289589, 79.30289459228515625
1600680362.2289288044, 5.0670847892761230469, 1600680362.2479288578, -0.067084923386573791504, 1600680362.2479288578, 79.30289459228515625
1600680362.2599289417, 5.0670847892761230469, 1600680362.2789289951, -0.067084923386573791504, 1600680362.2789289951, 79.30289459228515625
1600680362.2909288406, 5.0670847892761230469, 1600680362.309928894, -0.067084923386573791504, 1600680362.309928894, 78.96746826171875
1600680362.321928978, 4.9995236396789550781, 1600680362.340928793, 0.00047620717668905854225, 1600680362.340928793, 78.96746826171875
1600680362.3529288769, 5.0670847892761230469, 1600680362.3719289303, -0.067084923386573791504, 1600680362.3719289303, 78.96746826171875
1600680362.3839287758, 5.0670847892761230469, 1600680362.4029288292, -0.067084923386573791504, 1600680362.4029288292, 78.96746826171875
1600680362.4149289131, 4.9995236396789550781, 1600680362.4339289665, 0.00047620717668905854225, 1600680362.4339289665, 79.30765533447265625
1600680362.445928812, 4.9319624900817871094, 1600680362.4649288654, 0.068037338554859161377, 1600680362.4649288654, 79.30765533447265625
1600680362.4769289494, 4.9995236396789550781, 1600680362.4959290028, 0.00047620717668905854225, 1600680362.4959290028, 79.30765533447265625
1600680362.5079288483, 4.9319624900817871094, 1600680362.5269289017, 0.068037338554859161377, 1600680362.5269289017, 79.30765533447265625
1600680362.5389289856, 4.9319624900817871094, 1600680362.5579288006, 0.068037338554859161377, 1600680362.5579288006, 79.98564910888671875
1600680362.5699288845, 4.9319624900817871094, 1600680362.5889289379, 0.068037338554859161377, 1600680362.5889289379, 79.98564910888671875
1600680362.6009287834, 4.9319624900817871094, 1600680362.6209290028, 0.068037338554859161377, 1600680362.6209290028, 79.98564910888671875
1600680362.6319289207, 4.9319624900817871094, 1600680362.6519289017, 0.068037338554859161377, 1600680362.6519289017, 79.98564910888671875
1600680362.696928978, 4.8823475837707519531, 1600680362.715928793, 0.11765254288911819458, 1600680362.715928793, 80.82198333740234375
1600680362.7279288769, 4.9330182075500488281, 1600680362.7469289303, 0.066981695592403411865, 1600680362.7469289303, 80.82198333740234375
1600680362.7589287758, 4.9330182075500488281, 1600680362.7779288292, 0.066981695592403411865, 1600680362.7779288292, 80.82198333740234375
1600680362.7899289131, 5.0005793571472167969, 1600680362.8089289665, -0.00057943549472838640213, 1600680362.8089289665, 80.82198333740234375
1600680362.820928812, 4.9330182075500488281, 1600680362.8399288654, 0.066981695592403411865, 1600680362.8399288654, 80.90354156494140625
1600680362.8519289494, 5.0005793571472167969, 1600680362.8709290028, -0.00057943549472838640213, 1600680362.8709290028, 80.90354156494140625
1600680362.8829288483, 5.0005793571472167969, 1600680362.9019289017, -0.00057943549472838640213, 1600680362.9019289017, 80.90354156494140625
1600680362.9139289856, 4.9330182075500488281, 1600680362.9329288006, 0.066981695592403411865, 1600680362.9329288006, 80.90354156494140625
1600680362.9449288845, 5.0005793571472167969, 1600680362.9639289379, -0.00057943549472838640213, 1600680362.9639289379, 80.562835693359375
1600680362.9759287834, 5.0005793571472167969, 1600680362.9949288368, -0.00057943549472838640213, 1600680362.9949288368, 80.562835693359375
1600680363.0069289207, 5.0501947402954101563, 1600680363.0259289742, -0.05019464343786239624, 1600680363.0259289742, 80.562835693359375
1600680363.0379288197, 4.9995236396789550781, 1600680363.0569288731, 0.00047620717668905854225, 1600680363.0569288731, 80.562835693359375
1600680363.068928957, 5.0670847892761230469, 1600680363.087928772, -0.067084923386573791504, 1600680363.087928772, 79.8948822021484375
1600680363.0999288559, 4.9995236396789550781, 1600680363.1189289093, 0.00047620717668905854225, 1600680363.1189289093, 79.8948822021484375
1600680363.1309289932, 5.0670847892761230469, 1600680363.1499288082, -0.067084923386573791504, 1600680363.1499288082, 79.8948822021484375
1600680363.1619288921, 4.9995236396789550781, 1600680363.1809289455, 0.00047620717668905854225, 1600680363.1809289455, 79.8948822021484375
1600680363.192928791, 5.0670847892761230469, 1600680363.2119288445, -0.067084923386573791504, 1600680363.2119288445, 79.5594635009765625
1600680363.2239289284, 5.0670847892761230469, 1600680363.2429289818, -0.067084923386573791504, 1600680363.2429289818, 79.5594635009765625
1600680363.2549288273, 4.9995236396789550781, 1600680363.2739288807, 0.00047620717668905854225, 1600680363.2739288807, 79.5594635009765625
1600680363.2859289646, 5.0670847892761230469, 1600680363.3049287796, -0.067084923386573791504, 1600680363.3049287796, 79.5594635009765625
1600680363.3169288635, 4.9995236396789550781, 1600680363.3359289169, 0.00047620717668905854225, 1600680363.3359289169, 79.89965057373046875
1600680363.3479290009, 4.9995236396789550781, 1600680363.3669288158, 0.00047620717668905854225, 1600680363.3669288158, 79.89965057373046875
1600680363.3789288998, 4.9995236396789550781, 1600680363.3979289532, 0.00047620717668905854225, 1600680363.3979289532, 79.89965057373046875
1600680363.4099287987, 4.9995236396789550781, 1600680363.4289288521, 0.00047620717668905854225, 1600680363.4289288521, 79.89965057373046875
1600680363.440928936, 4.9319624900817871094, 1600680363.4599289894, 0.068037338554859161377, 1600680363.4599289894, 80.57763671875
1600680363.4719288349, 4.9995236396789550781, 1600680363.4919288158, 0.00047620717668905854225, 1600680363.4919288158, 80.57763671875
1600680363.5029289722, 4.9319624900817871094, 1600680363.5229289532, 0.068037338554859161377, 1600680363.5229289532, 80.57763671875
1600680363.5339288712, 4.9995236396789550781, 1600680363.5539288521, 0.00047620717668905854225, 1600680363.5539288521, 80.57763671875
1600680363.565928936, 4.9995236396789550781, 1600680363.5849289894, 0.00047620717668905854225, 1600680363.5849289894, 80.242218017578125
1600680363.5959289074, 4.9995236396789550781, 1600680363.6159288883, 0.00047620717668905854225, 1600680363.6159288883, 80.242218017578125
1600680363.6269288063, 4.9995236396789550781, 1600680363.6469287872, 0.00047620717668905854225, 1600680363.6469287872, 80.242218017578125
1600680363.6589288712, 5.0670847892761230469, 1600680363.6779289246, -0.067084923386573791504, 1600680363.6779289246, 80.242218017578125
1600680363.6899290085, 5.0670847892761230469, 1600680363.7089288235, -0.067084923386573791504, 1600680363.7089288235, 79.5689849853515625
1600680363.7209289074, 5.0670847892761230469, 1600680363.7399289608, -0.067084923386573791504, 1600680363.7399289608, 79.5689849853515625
1600680363.7519288063, 5.1346459388732910156, 1600680363.7709288597, -0.13464605808258056641, 1600680363.7709288597, 79.5689849853515625
1600680363.7829289436, 5.0670847892761230469, 1600680363.801928997, -0.067084923386573791504, 1600680363.801928997, 79.5689849853515625
1600680363.8139288425, 5.0670847892761230469, 1600680363.832928896, -0.067084923386573791504, 1600680363.832928896, 79.23355865478515625
1600680363.8449289799, 5.0670847892761230469, 1600680363.8639287949, -0.067084923386573791504, 1600680363.8639287949, 79.23355865478515625
1600680363.8759288788, 5.0523056983947753906, 1600680363.8949289322, -0.052305925637483596802, 1600680363.8949289322, 79.23355865478515625
1600680363.9069287777, 4.984745025634765625, 1600680363.9259288311, 0.015255205333232879639, 1600680363.9259288311, 79.23355865478515625
1600680363.937928915, 5.0523056983947753906, 1600680363.9569289684, -0.052305925637483596802, 1600680363.9569289684, 79.045928955078125
1600680363.9689288139, 4.984745025634765625, 1600680363.9879288673, 0.015255205333232879639, 1600680363.9879288673, 79.045928955078125
1600680363.9999289513, 4.9171838760375976563, 1600680364.0189290047, 0.082816340029239654541, 1600680364.0189290047, 79.045928955078125
1600680364.0309288502, 4.984745025634765625, 1600680364.0499289036, 0.015255205333232879639, 1600680364.0499289036, 79.045928955078125
1600680364.0619289875, 4.9171838760375976563, 1600680364.0809288025, 0.082816340029239654541, 1600680364.0809288025, 80.1356201171875
1600680364.0929288864, 4.9171838760375976563, 1600680364.1119289398, 0.082816340029239654541, 1600680364.1119289398, 80.1356201171875
1600680364.1239287853, 4.984745025634765625, 1600680364.1429288387, 0.015255205333232879639, 1600680364.1429288387, 80.1356201171875
1600680364.1559288502, 4.9678544998168945313, 1600680364.1749289036, 0.032145489007234573364, 1600680364.1749289036, 80.1356201171875
1600680364.1869289875, 4.9826335906982421875, 1600680364.2069289684, 0.017366489395499229431, 1600680364.2069289684, 79.89520263671875
1600680364.2181639671, 4.9826335906982421875, 1600680364.2381639481, 0.017366489395499229431, 1600680364.2381639481, 79.89520263671875
1600680364.249163866, 4.9150724411010742188, 1600680364.269163847, 0.084927625954151153564, 1600680364.269163847, 79.89520263671875
1600680364.2801640034, 4.9150724411010742188, 1600680364.3001639843, 0.084927625954151153564, 1600680364.3001639843, 79.89520263671875
1600680364.3121638298, 4.9826335906982421875, 1600680364.3311638832, 0.017366489395499229431, 1600680364.3311638832, 79.98203277587890625
1600680364.3421640396, 4.9150724411010742188, 1600680364.3621640205, 0.084927625954151153564, 1600680364.3621640205, 79.98203277587890625
1600680364.374163866, 4.9150724411010742188, 1600680364.3931639194, 0.084927625954151153564, 1600680364.3931639194, 79.98203277587890625
1600680364.4051640034, 4.9826335906982421875, 1600680364.4241638184, 0.017366489395499229431, 1600680364.4241638184, 79.98203277587890625
1600680364.4361639023, 4.9150724411010742188, 1600680364.4551639557, 0.084927625954151153564, 1600680364.4551639557, 80.744476318359375
1600680364.4671640396, 4.8644013404846191406, 1600680364.4861638546, 0.13559846580028533936, 1600680364.4861638546, 80.744476318359375
1600680364.4981639385, 4.9319624900817871094, 1600680364.5171639919, 0.068037338554859161377, 1600680364.5171639919, 80.744476318359375
1600680364.5291638374, 4.9319624900817871094, 1600680364.5481638908, 0.068037338554859161377, 1600680364.5481638908, 80.744476318359375
1600680364.5601639748, 4.9319624900817871094, 1600680364.5791640282, 0.068037338554859161377, 1600680364.5791640282, 81.000213623046875
1600680364.5911638737, 4.9826335906982421875, 1600680364.6101639271, 0.017366489395499229431, 1600680364.6101639271, 81.000213623046875
1600680364.622164011, 4.9150724411010742188, 1600680364.641163826, 0.084927625954151153564, 1600680364.641163826, 81.000213623046875
1600680364.6531639099, 4.9826335906982421875, 1600680364.6721639633, 0.017366489395499229431, 1600680364.6721639633, 81.000213623046875
1600680364.6841640472, 4.9826335906982421875, 1600680364.7031638622, 0.017366489395499229431, 1600680364.7031638622, 80.8336944580078125
1600680364.7481639385, 4.9657430648803710938, 1600680364.7671639919, 0.034256774932146072388, 1600680364.7671639919, 80.8336944580078125
1600680364.7791638374, 5.0333042144775390625, 1600680364.7981638908, -0.033304359763860702515, 1600680364.7981638908, 80.8336944580078125
1600680364.8101639748, 5.0333042144775390625, 1600680364.8291640282, -0.033304359763860702515, 1600680364.8291640282, 80.413818359375
1600680364.8411638737, 5.0333042144775390625, 1600680364.8601639271, -0.033304359763860702515, 1600680364.8601639271, 80.413818359375
1600680364.872164011, 5.0333042144775390625, 1600680364.891163826, -0.033304359763860702515, 1600680364.891163826, 80.413818359375
1600680364.9031639099, 5.1008653640747070313, 1600680364.9221639633, -0.10086549073457717896, 1600680364.9221639633, 80.413818359375
1600680364.9341640472, 5.117755889892578125, 1600680364.9531638622, -0.11775577068328857422, 1600680364.9531638622, 79.40277862548828125
1600680364.9691638947, 5.123546600341796875, 1600680364.9881639481, -0.12354672700166702271, 1600680364.9881639481, 79.40277862548828125
1600680365.000164032, 5.0559854507446289063, 1600680365.019163847, -0.055985596030950546265, 1600680365.019163847, 79.40277862548828125
1600680365.0311639309, 5.123546600341796875, 1600680365.0501639843, -0.12354672700166702271, 1600680365.0501639843, 79.40277862548828125
1600680365.0621638298, 5.0728759765625, 1600680365.0811638832, -0.07287587970495223999, 1600680365.0811638832, 79.2628021240234375
1600680365.0931639671, 5.0053148269653320313, 1600680365.1121640205, -0.0053147468715906143188, 1600680365.1121640205, 79.2628021240234375
1600680365.124163866, 5.0728759765625, 1600680365.1431639194, -0.07287587970495223999, 1600680365.1431639194, 79.2628021240234375
1600680365.1551640034, 5.0053148269653320313, 1600680365.1741638184, -0.0053147468715906143188, 1600680365.1741638184, 79.2628021240234375
1600680365.1861639023, 5.0053148269653320313, 1600680365.2051639557, -0.0053147468715906143188, 1600680365.2051639557, 79.57402801513671875
1600680365.2171640396, 5.0053148269653320313, 1600680365.2361638546, -0.0053147468715906143188, 1600680365.2361638546, 79.57402801513671875
1600680365.2481639385, 4.9377536773681640625, 1600680365.2671639919, 0.062246385961771011353, 1600680365.2671639919, 79.57402801513671875
1600680365.2791638374, 4.9319624900817871094, 1600680365.2981638908, 0.068037338554859161377, 1600680365.2981638908, 79.57402801513671875
1600680365.3101639748, 4.9995236396789550781, 1600680365.3291640282, 0.00047620717668905854225, 1600680365.3291640282, 79.60536956787109375
1600680365.3411638737, 4.9319624900817871094, 1600680365.3601639271, 0.068037338554859161377, 1600680365.3601639271, 79.60536956787109375
1600680365.372164011, 4.9319624900817871094, 1600680365.391163826, 0.068037338554859161377, 1600680365.391163826, 79.60536956787109375
1600680365.4031639099, 4.9995236396789550781, 1600680365.4221639633, 0.00047620717668905854225, 1600680365.4221639633, 79.60536956787109375
1600680365.4341640472, 4.9319624900817871094, 1600680365.4531638622, 0.068037338554859161377, 1600680365.4531638622, 80.28336334228515625
1600680365.4651639462, 4.9319624900817871094, 1600680365.4841639996, 0.068037338554859161377, 1600680365.4841639996, 80.28336334228515625
1600680365.4961638451, 4.9319624900817871094, 1600680365.5151638985, 0.068037338554859161377, 1600680365.5151638985, 80.28336334228515625
1600680365.5271639824, 4.8644013404846191406, 1600680365.5461640358, 0.13559846580028533936, 1600680365.5461640358, 80.28336334228515625
1600680365.5581638813, 4.9319624900817871094, 1600680365.5771639347, 0.068037338554859161377, 1600680365.5771639347, 80.6235504150390625
1600680365.5891640186, 4.9319624900817871094, 1600680365.6081638336, 0.068037338554859161377, 1600680365.6081638336, 80.6235504150390625
1600680365.6201639175, 4.9319624900817871094, 1600680365.6391639709, 0.068037338554859161377, 1600680365.6391639709, 80.6235504150390625
1600680365.6511638165, 4.9995236396789550781, 1600680365.6701638699, 0.00047620717668905854225, 1600680365.6701638699, 80.6235504150390625
1600680365.6821639538, 4.9995236396789550781, 1600680365.7021639347, 0.00047620717668905854225, 1600680365.7021639347, 80.28812408447265625
1600680365.7131638527, 4.9995236396789550781, 1600680365.7331638336, 0.00047620717668905854225, 1600680365.7331638336, 80.28812408447265625
1600680365.74416399, 4.9995236396789550781, 1600680365.7641639709, 0.00047620717668905854225, 1600680365.7641639709, 80.28812408447265625
1600680365.7751638889, 5.0670847892761230469, 1600680365.7951638699, -0.067084923386573791504, 1600680365.7951638699, 80.28812408447265625
1600680365.8071639538, 5.0670847892761230469, 1600680365.8261640072, -0.067084923386573791504, 1600680365.8261640072, 79.61489105224609375
1600680365.8371639252, 5.0670847892761230469, 1600680365.8571639061, -0.067084923386573791504, 1600680365.8571639061, 79.61489105224609375
1600680365.86916399, 5.0670847892761230469, 1600680365.8881640434, -0.067084923386573791504, 1600680365.8881640434, 79.61489105224609375
1600680365.9001638889, 5.0670847892761230469, 1600680365.9191639423, -0.067084923386573791504, 1600680365.9191639423, 79.61489105224609375
1600680365.9311640263, 5.0670847892761230469, 1600680365.9501638412, -0.067084923386573791504, 1600680365.9501638412, 79.2794647216796875
1600680365.9621639252, 4.9995236396789550781, 1600680365.9811639786, 0.00047620717668905854225, 1600680365.9811639786, 79.2794647216796875
1600680365.9931638241, 5.0670847892761230469, 1600680366.0121638775, -0.067084923386573791504, 1600680366.0121638775, 79.2794647216796875
1600680366.0241639614, 4.9995236396789550781, 1600680366.0431640148, 0.00047620717668905854225, 1600680366.0431640148, 79.2794647216796875
1600680366.0551638603, 4.9995236396789550781, 1600680366.0741639137, 0.00047620717668905854225, 1600680366.0741639137, 79.61965179443359375
1600680366.0861639977, 4.9826335906982421875, 1600680366.1051638126, 0.017366489395499229431, 1600680366.1051638126, 79.61965179443359375
1600680366.1171638966, 4.9826335906982421875, 1600680366.13616395, 0.017366489395499229431, 1600680366.13616395, 79.61965179443359375
1600680366.1481640339, 4.9826335906982421875, 1600680366.1671638489, 0.017366489395499229431, 1600680366.1671638489, 79.61965179443359375
1600680366.1791639328, 4.9826335906982421875, 1600680366.1981639862, 0.017366489395499229431, 1600680366.1981639862, 79.7909393310546875
1600680366.2101638317, 4.9826335906982421875, 1600680366.2291638851, 0.017366489395499229431, 1600680366.2291638851, 79.7909393310546875
1600680366.241163969, 4.9150724411010742188, 1600680366.2601640224, 0.084927625954151153564, 1600680366.2601640224, 79.7909393310546875
1600680366.272163868, 4.9826335906982421875, 1600680366.2911639214, 0.017366489395499229431, 1600680366.2911639214, 79.7909393310546875
1600680366.3031640053, 4.9150724411010742188, 1600680366.3221638203, 0.084927625954151153564, 1600680366.3221638203, 80.55338287353515625
1600680366.3341639042, 4.9150724411010742188, 1600680366.3531639576, 0.084927625954151153564, 1600680366.3531639576, 80.55338287353515625
1600680366.3651640415, 4.9826335906982421875, 1600680366.3841638565, 0.017366489395499229431, 1600680366.3841638565, 80.55338287353515625
1600680366.3961639404, 4.9319624900817871094, 1600680366.4151639938, 0.068037338554859161377, 1600680366.4151639938, 80.55338287353515625
1600680366.4271638393, 4.9995236396789550781, 1600680366.4461638927, 0.00047620717668905854225, 1600680366.4461638927, 80.13350677490234375
1600680366.4581639767, 4.9995236396789550781, 1600680366.4771640301, 0.00047620717668905854225, 1600680366.4771640301, 80.13350677490234375
1600680366.4891638756, 4.9995236396789550781, 1600680366.508163929, 0.00047620717668905854225, 1600680366.508163929, 80.13350677490234375
1600680366.5201640129, 4.9995236396789550781, 1600680366.5391638279, 0.00047620717668905854225, 1600680366.5391638279, 80.13350677490234375
1600680366.5511639118, 5.0670847892761230469, 1600680366.5701639652, -0.067084923386573791504, 1600680366.5701639652, 79.46027374267578125
1600680366.5821640491, 4.9995236396789550781, 1600680366.6011638641, 0.00047620717668905854225, 1600680366.6011638641, 79.46027374267578125
1600680366.6131639481, 5.0670847892761230469, 1600680366.6321640015, -0.067084923386573791504, 1600680366.6321640015, 79.46027374267578125
1600680366.644163847, 5.0670847892761230469, 1600680366.6631639004, -0.067084923386573791504, 1600680366.6631639004, 79.46027374267578125
1600680366.6771638393, 5.0501947402954101563, 1600680366.6961638927, -0.05019464343786239624, 1600680366.6961638927, 79.29375457763671875
1600680366.7073471546, 5.0501947402954101563, 1600680366.726347208, -0.05019464343786239624, 1600680366.726347208, 79.29375457763671875
1600680366.7383470535, 4.9826335906982421875, 1600680366.7573471069, 0.017366489395499229431, 1600680366.7573471069, 79.29375457763671875
1600680366.8023471832, 5.0252490043640136719, 1600680366.8213469982, -0.025248993188142776489, 1600680366.8213469982, 79.292236328125
1600680366.8333470821, 4.9576878547668457031, 1600680366.8523471355, 0.042312137782573699951, 1600680366.8523471355, 79.292236328125
1600680366.864346981, 4.9576878547668457031, 1600680366.8833470345, 0.042312137782573699951, 1600680366.8833470345, 79.292236328125
1600680366.8953471184, 4.9576878547668457031, 1600680366.9143471718, 0.042312137782573699951, 1600680366.9143471718, 79.292236328125
1600680366.9263470173, 4.9576878547668457031, 1600680366.9453470707, 0.042312137782573699951, 1600680366.9453470707, 79.84160614013671875
1600680366.9573471546, 4.9576878547668457031, 1600680366.976347208, 0.042312137782573699951, 1600680366.976347208, 79.84160614013671875
1600680366.9883470535, 4.9576878547668457031, 1600680367.0073471069, 0.042312137782573699951, 1600680367.0073471069, 79.84160614013671875
1600680367.0193471909, 4.9070172309875488281, 1600680367.0383470058, 0.092982985079288482666, 1600680367.0383470058, 79.84160614013671875
1600680367.0503470898, 4.9745783805847167969, 1600680367.0693471432, 0.025421855971217155457, 1600680367.0693471432, 79.8842620849609375
1600680367.0813469887, 4.9745783805847167969, 1600680367.1003470421, 0.025421855971217155457, 1600680367.1003470421, 79.8842620849609375
1600680367.112347126, 4.9995236396789550781, 1600680367.1313471794, 0.00047620717668905854225, 1600680367.1313471794, 79.8842620849609375
1600680367.1433470249, 4.9995236396789550781, 1600680367.1623470783, 0.00047620717668905854225, 1600680367.1623470783, 79.8842620849609375
1600680367.1743471622, 4.9995236396789550781, 1600680367.1933469772, 0.00047620717668905854225, 1600680367.1933469772, 79.7619171142578125
1600680367.2053470612, 4.9995236396789550781, 1600680367.2243471146, 0.00047620717668905854225, 1600680367.2243471146, 79.7619171142578125
1600680367.2363471985, 4.9995236396789550781, 1600680367.2553470135, 0.00047620717668905854225, 1600680367.2553470135, 79.7619171142578125
1600680367.2673470974, 4.9319624900817871094, 1600680367.2873470783, 0.068037338554859161377, 1600680367.2873470783, 79.7619171142578125
1600680367.2983469963, 4.9995236396789550781, 1600680367.3183469772, 0.00047620717668905854225, 1600680367.3183469772, 79.7642974853515625
1600680367.3293471336, 4.9995236396789550781, 1600680367.3493471146, 0.00047620717668905854225, 1600680367.3493471146, 79.7642974853515625
1600680367.3603470325, 4.9995236396789550781, 1600680367.3803470135, 0.00047620717668905854225, 1600680367.3803470135, 79.7642974853515625
1600680367.3913471699, 4.9995236396789550781, 1600680367.4113471508, 0.00047620717668905854225, 1600680367.4113471508, 79.7642974853515625
1600680367.4233469963, 4.9319624900817871094, 1600680367.4423470497, 0.068037338554859161377, 1600680367.4423470497, 80.44228363037109375
1600680367.4543471336, 4.9995236396789550781, 1600680367.473347187, 0.00047620717668905854225, 1600680367.473347187, 80.44228363037109375
1600680367.4853470325, 4.9995236396789550781, 1600680367.504347086, 0.00047620717668905854225, 1600680367.504347086, 80.44228363037109375
1600680367.5163471699, 4.9995236396789550781, 1600680367.5353469849, 0.00047620717668905854225, 1600680367.5353469849, 80.44228363037109375
1600680367.5473470688, 4.9995236396789550781, 1600680367.5663471222, 0.00047620717668905854225, 1600680367.5663471222, 80.10686492919921875
1600680367.5783472061, 4.9995236396789550781, 1600680367.5973470211, 0.00047620717668905854225, 1600680367.5973470211, 80.10686492919921875
1600680367.609347105, 4.9995236396789550781, 1600680367.6283471584, 0.00047620717668905854225, 1600680367.6283471584, 80.10686492919921875
1600680367.6403470039, 4.9995236396789550781, 1600680367.6593470573, 0.00047620717668905854225, 1600680367.6593470573, 80.10686492919921875
1600680367.6713471413, 4.9826335906982421875, 1600680367.6903471947, 0.017366489395499229431, 1600680367.6903471947, 80.27814483642578125
1600680367.7023470402, 4.9826335906982421875, 1600680367.7213470936, 0.017366489395499229431, 1600680367.7213470936, 80.27814483642578125
1600680367.7333471775, 5.0501947402954101563, 1600680367.7523469925, -0.05019464343786239624, 1600680367.7523469925, 80.27814483642578125
1600680367.7643470764, 4.9826335906982421875, 1600680367.7833471298, 0.017366489395499229431, 1600680367.7833471298, 80.27814483642578125
1600680367.7953469753, 5.0501947402954101563, 1600680367.8143470287, -0.05019464343786239624, 1600680367.8143470287, 79.68936920166015625
1600680367.8263471127, 4.9826335906982421875, 1600680367.8453471661, 0.017366489395499229431, 1600680367.8453471661, 79.68936920166015625
1600680367.8573470116, 5.0501947402954101563, 1600680367.876347065, -0.05019464343786239624, 1600680367.876347065, 79.68936920166015625
1600680367.8883471489, 5.0501947402954101563, 1600680367.9073472023, -0.05019464343786239624, 1600680367.9073472023, 79.68936920166015625
1600680367.9193470478, 4.9826335906982421875, 1600680367.9383471012, 0.017366489395499229431, 1600680367.9383471012, 80.11400604248046875
1600680367.9503471851, 5.0501947402954101563, 1600680367.9693470001, -0.05019464343786239624, 1600680367.9693470001, 80.11400604248046875
1600680367.981347084, 4.9995236396789550781, 1600680368.0003471375, 0.00047620717668905854225, 1600680368.0003471375, 80.11400604248046875
1600680368.012346983, 5.0670847892761230469, 1600680368.0313470364, -0.067084923386573791504, 1600680368.0313470364, 80.11400604248046875
1600680368.0433471203, 4.9995236396789550781, 1600680368.0623471737, 0.00047620717668905854225, 1600680368.0623471737, 80.0319366455078125
1600680368.0743470192, 5.0670847892761230469, 1600680368.0933470726, -0.067084923386573791504, 1600680368.0933470726, 80.0319366455078125
1600680368.1053471565, 4.9995236396789550781, 1600680368.1243469715, 0.00047620717668905854225, 1600680368.1243469715, 80.0319366455078125
1600680368.1363470554, 5.0670847892761230469, 1600680368.1553471088, -0.067084923386573791504, 1600680368.1553471088, 80.0319366455078125
1600680368.1673471928, 4.9995236396789550781, 1600680368.1863470078, 0.00047620717668905854225, 1600680368.1863470078, 80.0343170166015625
1600680368.1983470917, 5.0670847892761230469, 1600680368.2173471451, -0.067084923386573791504, 1600680368.2173471451, 80.0343170166015625
1600680368.2293469906, 5.1346459388732910156, 1600680368.248347044, -0.13464605808258056641, 1600680368.248347044, 80.0343170166015625
1600680368.2603471279, 5.0670847892761230469, 1600680368.2793471813, -0.067084923386573791504, 1600680368.2793471813, 80.0343170166015625
1600680368.2913470268, 5.1346459388732910156, 1600680368.3103470802, -0.13464605808258056641, 1600680368.3103470802, 78.68547821044921875
1600680368.3223471642, 5.0670847892761230469, 1600680368.3413469791, -0.067084923386573791504, 1600680368.3413469791, 78.68547821044921875
1600680368.3533470631, 5.1346459388732910156, 1600680368.3723471165, -0.13464605808258056641, 1600680368.3723471165, 78.68547821044921875
1600680368.3843472004, 5.0670847892761230469, 1600680368.4033470154, -0.067084923386573791504, 1600680368.4033470154, 78.68547821044921875
1600680368.4153470993, 5.0670847892761230469, 1600680368.4343471527, -0.067084923386573791504, 1600680368.4343471527, 78.68785858154296875
1600680368.4463469982, 4.9995236396789550781, 1600680368.4663469791, 0.00047620717668905854225, 1600680368.4663469791, 78.68785858154296875
1600680368.4773471355, 5.0670847892761230469, 1600680368.4973471165, -0.067084923386573791504, 1600680368.4973471165, 78.68785858154296875
1600680368.5083470345, 4.9995236396789550781, 1600680368.5283470154, 0.00047620717668905854225, 1600680368.5283470154, 78.68785858154296875
1600680368.5403470993, 4.9319624900817871094, 1600680368.5593471527, 0.068037338554859161377, 1600680368.5593471527, 79.70365142822265625
1600680368.5703470707, 4.9995236396789550781, 1600680368.5903470516, 0.00047620717668905854225, 1600680368.5903470516, 79.70365142822265625
1600680368.6023471355, 4.9319624900817871094, 1600680368.6213471889, 0.068037338554859161377, 1600680368.6213471889, 79.70365142822265625
1600680368.6333470345, 4.9319624900817871094, 1600680368.6523470879, 0.068037338554859161377, 1600680368.6523470879, 79.70365142822265625
1600680368.6643471718, 4.8644013404846191406, 1600680368.6833469868, 0.13559846580028533936, 1600680368.6833469868, 80.719451904296875
1600680368.6953470707, 4.8644013404846191406, 1600680368.7143471241, 0.13559846580028533936, 1600680368.7143471241, 80.719451904296875
1600680368.726347208, 4.8644013404846191406, 1600680368.745347023, 0.13559846580028533936, 1600680368.745347023, 80.719451904296875
1600680368.7573471069, 4.9319624900817871094, 1600680368.7763471603, 0.068037338554859161377, 1600680368.7763471603, 80.719451904296875
1600680368.7883470058, 4.8644013404846191406, 1600680368.8073470592, 0.13559846580028533936, 1600680368.8073470592, 81.3974456787109375
1600680368.8523471355, 4.9070172309875488281, 1600680368.8713471889, 0.092982985079288482666, 1600680368.8713471889, 81.3974456787109375
1600680368.8833470345, 4.9745783805847167969, 1600680368.9023470879, 0.025421855971217155457, 1600680368.9023470879, 81.3974456787109375
1600680368.9143471718, 4.9070172309875488281, 1600680368.9333469868, 0.092982985079288482666, 1600680368.9333469868, 81.64928436279296875
1600680368.9453470707, 4.9745783805847167969, 1600680368.9643471241, 0.025421855971217155457, 1600680368.9643471241, 81.64928436279296875
1600680368.976347208, 4.9745783805847167969, 1600680368.995347023, 0.025421855971217155457, 1600680368.995347023, 0
1600680369.0073471069, 4.7718949317932128906, 1600680369.0263471603, 0.22810524702072143555, 1600680369.0263471603, 0
1600680369.0383470058, 4.3665280342102050781, 1600680369.0573470592, 0.63347202539443969727, 1600680369.0573470592, 0
1600680369.0693471432, 3.8935999870300292969, 1600680369.0883471966, 1.1064000129699707031, 1600680369.0883471966, 0
1600680369.1003470421, 3.3531110286712646484, 1600680369.1193470955, 1.6468890905380249023, 1600680369.1193470955, 0
1600680369.1313471794, 2.8801829814910888672, 1600680369.1503469944, 2.1198170185089111328, 1600680369.1503469944, 0
1600680369.1623470783, 2.3646395206451416016, 1600680369.1813471317, 2.6353604793548583984, 1600680369.1813471317, 0
1600680369.1953470707, 1.8241505622863769531, 1600680369.2143471241, 3.1758494377136230469, 1600680369.2143471241, 0
1600680369.2267670631, 1.3512226343154907227, 1600680369.2457671165, 3.6487772464752197266, 1600680369.2457671165, 0
1600680369.2577669621, 0.81073361635208129883, 1600680369.2767670155, 4.189266204833984375, 1600680369.2767670155, 0
1600680369.2887670994, 0.33780565857887268066, 1600680369.3077669144, 4.6621942520141601563, 1600680369.3077669144, 0
1600680369.3197669983, 0.067561134696006774902, 1600680369.3387670517, 4.9324388504028320313, 1600680369.3387670517, 0
1600680369.3507668972, -1.199040887770992745e-15, 1600680369.3697669506, 5, 1600680369.3697669506, 0
1600680369.3817670345, -1.199040887770992745e-15, 1600680369.4007670879, 5, 1600680369.4007670879, 0
1600680369.4127669334, -1.199040887770992745e-15, 1600680369.4317669868, 5, 1600680369.4317669868, 0
1600680369.4437670708, -1.199040887770992745e-15, 1600680369.4627668858, 5, 1600680369.4627668858, 0
1600680369.4747669697, -1.199040887770992745e-15, 1600680369.4937670231, 5, 1600680369.4937670231, 0
1600680369.505767107, -1.199040887770992745e-15, 1600680369.524766922, 5, 1600680369.524766922, 0
1600680369.5367670059, -1.199040887770992745e-15, 1600680369.5557670593, 5, 1600680369.5557670593, 0
1600680369.5677669048, -1.199040887770992745e-15, 1600680369.5867669582, 5, 1600680369.5867669582, 0
1600680369.5987670422, -1.199040887770992745e-15, 1600680369.6177670956, 5, 1600680369.6177670956, 0
1600680369.6297669411, -1.199040887770992745e-15, 1600680369.6487669945, 5, 1600680369.6487669945, 0
1600680369.6607670784, -1.199040887770992745e-15, 1600680369.6797668934, 5, 1600680369.6797668934, 0
1600680369.6917669773, -1.199040887770992745e-15, 1600680369.7107670307, 5, 1600680369.7107670307, 0
1600680369.7227671146, -1.199040887770992745e-15, 1600680369.7417669296, 5, 1600680369.7417669296, 0
1600680369.7537670135, -1.199040887770992745e-15, 1600680369.772767067, 5, 1600680369.772767067, 0
1600680369.7847669125, -1.199040887770992745e-15, 1600680369.8037669659, 5, 1600680369.8037669659, 0
1600680369.8157670498, -1.199040887770992745e-15, 1600680369.8347671032, 5, 1600680369.8347671032, 0
1600680369.8467669487, -1.199040887770992745e-15, 1600680369.8657670021, 5, 1600680369.8657670021, 0
1600680369.877767086, -1.199040887770992745e-15, 1600680369.896766901, 5, 1600680369.896766901, 0
1600680369.9087669849, -1.199040887770992745e-15, 1600680369.9277670383, 5, 1600680369.9277670383, 0
1600680369.9397668839, -1.199040887770992745e-15, 1600680369.9587669373, 5, 1600680369.9587669373, 0
1600680369.9747669697, -1.199040887770992745e-15, 1600680369.9937670231, 5, 1600680369.9937670231, 0
1600680370.005767107, -1.199040887770992745e-15, 1600680370.024766922, 5, 1600680370.024766922, 0
1600680370.0367670059, -1.199040887770992745e-15, 1600680370.0557670593, 5, 1600680370.0557670593, 0
1600680370.0677669048, -1.199040887770992745e-15, 1600680370.0867669582, 5, 1600680370.0867669582, 0
1600680370.0987670422, -1.199040887770992745e-15, 1600680370.1177670956, 5, 1600680370.1177670956, 0
1600680370.1297669411, -1.199040887770992745e-15, 1600680370.1487669945, 5, 1600680370.1487669945, 0
1600680370.1607670784, -1.199040887770992745e-15, 1600680370.1797668934, 5, 1600680370.1797668934, 0
1600680370.1917669773, -1.199040887770992745e-15, 1600680370.2107670307, 5, 1600680370.2107670307, 0
1600680370.2227671146, -1.199040887770992745e-15, 1600680370.2417669296, 5, 1600680370.2417669296, 0
1600680370.2537670135, -1.199040887770992745e-15, 1600680370.272767067, 5, 1600680370.272767067, 0
1600680370.2847669125, -1.199040887770992745e-15, 1600680370.3037669659, 5, 1600680370.3037669659, 0
1600680370.3157670498, -1.199040887770992745e-15, 1600680370.3347671032, 5, 1600680370.3347671032, 0
1600680370.3467669487, -1.199040887770992745e-15, 1600680370.3657670021, 5, 1600680370.3657670021, 0
1600680370.377767086, -1.199040887770992745e-15, 1600680370.396766901, 5, 1600680370.396766901, 0
1600680370.4087669849, -1.199040887770992745e-15, 1600680370.4277670383, 5, 1600680370.4277670383, 0
1600680370.4397668839, -1.199040887770992745e-15, 1600680370.4587669373, 5, 1600680370.4587669373, 0
1600680370.4707670212, -1.199040887770992745e-15, 1600680370.4897670746, 5, 1600680370.4897670746, 0
1600680370.5017669201, -1.199040887770992745e-15, 1600680370.5207669735, 5, 1600680370.5207669735, 0
1600680370.5327670574, -1.199040887770992745e-15, 1600680370.5517671108, 5, 1600680370.5517671108, 0
1600680370.5637669563, -1.199040887770992745e-15, 1600680370.5827670097, 5, 1600680370.5827670097, 0
1600680370.5947670937, -1.199040887770992745e-15, 1600680370.6137669086, 5, 1600680370.6137669086, 0
1600680370.6257669926, -1.199040887770992745e-15, 1600680370.644767046, 5, 1600680370.644767046, 0
1600680370.6567668915, -1.199040887770992745e-15, 1600680370.6767671108, 5, 1600680370.6767671108, 0
1600680370.6877670288, -1.199040887770992745e-15, 1600680370.7077670097, 5, 1600680370.7077670097, 0
1600680370.7187669277, -1.199040887770992745e-15, 1600680370.7387669086, 5, 1600680370.7387669086, 0
1600680370.749767065, -1.199040887770992745e-15, 1600680370.769767046, 5, 1600680370.769767046, 0
1600680370.780766964, -1.199040887770992745e-15, 1600680370.8007669449, 5, 1600680370.8007669449, 0
1600680370.8117671013, -1.199040887770992745e-15, 1600680370.8317670822, 5, 1600680370.8317670822, 0
1600680370.8427670002, -1.199040887770992745e-15, 1600680370.8627669811, 5, 1600680370.8627669811, 0
1600680370.9077670574, -1.199040887770992745e-15, 1600680370.9267671108, 5, 1600680370.9267671108, 0
1600680370.9387669563, -1.199040887770992745e-15, 1600680370.9577670097, 5, 1600680370.9577670097, 0
1600680370.9697670937, -1.199040887770992745e-15, 1600680370.9887669086, 5, 1600680370.9887669086, 0
1600680371.0007669926, -1.199040887770992745e-15, 1600680371.019767046, 5, 1600680371.019767046, 0
1600680371.0317668915, -1.199040887770992745e-15, 1600680371.0507669449, 5, 1600680371.0507669449, 0
1600680371.0627670288, -1.199040887770992745e-15, 1600680371.0817670822, 5, 1600680371.0817670822, 0
1600680371.0937669277, -1.199040887770992745e-15, 1600680371.1127669811, 5, 1600680371.1127669811, 0
1600680371.124767065, -1.199040887770992745e-15, 1600680371.14376688, 5, 1600680371.14376688, 0
1600680371.155766964, -1.199040887770992745e-15, 1600680371.1747670174, 5, 1600680371.1747670174, 0
1600680371.1867671013, -1.199040887770992745e-15, 1600680371.2057669163, 5, 1600680371.2057669163, 0
1600680371.2177670002, -1.199040887770992745e-15, 1600680371.2367670536, 5, 1600680371.2367670536, 0
1600680371.2487668991, -1.199040887770992745e-15, 1600680371.2677669525, 5, 1600680371.2677669525, 0
1600680371.2797670364, -1.199040887770992745e-15, 1600680371.2987670898, 5, 1600680371.2987670898, 0
1600680371.3107669353, -1.199040887770992745e-15, 1600680371.3297669888, 5, 1600680371.3297669888, 0
1600680371.3417670727, -1.199040887770992745e-15, 1600680371.3607668877, 5, 1600680371.3607668877, 0
1600680371.3727669716, -1.199040887770992745e-15, 1600680371.391767025, 5, 1600680371.391767025, 0
1600680371.4037671089, -1.199040887770992745e-15, 1600680371.4227669239, 5, 1600680371.4227669239, 0
1600680371.4347670078, -1.199040887770992745e-15, 1600680371.4537670612, 5, 1600680371.4537670612, 0
1600680371.4657669067, -1.199040887770992745e-15, 1600680371.4847669601, 5, 1600680371.4847669601, 0
1600680371.4967670441, -1.199040887770992745e-15, , , , 
