# /joint_state/header/stamp, /joint_state/velocity/0, /pid_left_state/header/stamp, /pid_left_state/error, /pid_left_state/header/stamp, /pid_left_state/output
1600455335.7590870857, 1.9539925656919228739e-15, 1600455335.7790870667, -1.9539925656919228739e-15, 1600455335.7790870667, -5.8619775700208265334e-14
1600455335.7910869122, 1.9539925656919228739e-15, 1600455335.8100869656, -1.9539925656919228739e-15, 1600455335.8100869656, -5.8619775700208265334e-14
1600455335.8220870495, 1.9539925656919228739e-15, 1600455335.8410871029, -1.9539925656919228739e-15, 1600455335.8410871029, -5.8619775700208265334e-14
1600455335.8530869484, 1.9539925656919228739e-15, 1600455335.8720870018, -1.9539925656919228739e-15, 1600455335.8720870018, -5.8619775700208265334e-14
1600455335.8840870857, 1.9539925656919228739e-15, 1600455335.9030869007, -1.9539925656919228739e-15, 1600455335.9030869007, -5.8619775700208265334e-14
1600455335.9150869846, 1.9539925656919228739e-15, 1600455335.934087038, -1.9539925656919228739e-15, 1600455335.934087038, -5.8619775700208265334e-14
1600455335.9460868835, 1.9539925656919228739e-15, 1600455335.965086937, -1.9539925656919228739e-15, 1600455335.965086937, -5.8619775700208265334e-14
1600455335.9770870209, 1.9539925656919228739e-15, 1600455335.9960870743, -1.9539925656919228739e-15, 1600455335.9960870743, -5.8619775700208265334e-14
1600455336.0080869198, 1.9539925656919228739e-15, 1600455336.0270869732, -1.9539925656919228739e-15, 1600455336.0270869732, -5.8619775700208265334e-14
1600455336.0390870571, 1.9539925656919228739e-15, 1600455336.0580868721, -1.9539925656919228739e-15, 1600455336.0580868721, -5.8619775700208265334e-14
1600455336.070086956, 1.9539925656919228739e-15, 1600455336.0890870094, -1.9539925656919228739e-15, 1600455336.0890870094, -5.8619775700208265334e-14
1600455336.1010870934, 1.9539925656919228739e-15, 1600455336.1200869083, -1.9539925656919228739e-15, 1600455336.1200869083, -5.8619775700208265334e-14
1600455336.1320869923, 1.9539925656919228739e-15, 1600455336.1510870457, -1.9539925656919228739e-15, 1600455336.1510870457, -5.8619775700208265334e-14
1600455336.1630868912, 1.9539925656919228739e-15, 1600455336.1820869446, -1.9539925656919228739e-15, 1600455336.1820869446, -5.8619775700208265334e-14
1600455336.1940870285, 1.9539925656919228739e-15, 1600455336.2130870819, -1.9539925656919228739e-15, 1600455336.2130870819, -5.8619775700208265334e-14
1600455336.2250869274, 1.9539925656919228739e-15, 1600455336.2440869808, -1.9539925656919228739e-15, 1600455336.2440869808, -5.8619775700208265334e-14
1600455336.2560870647, 1.9539925656919228739e-15, 1600455336.2750868797, -1.9539925656919228739e-15, 1600455336.2750868797, -5.8619775700208265334e-14
1600455336.2870869637, 1.9539925656919228739e-15, 1600455336.3060870171, -1.9539925656919228739e-15, 1600455336.3060870171, -5.8619775700208265334e-14
1600455336.318087101, 1.9539925656919228739e-15, 1600455336.337086916, -1.9539925656919228739e-15, 1600455336.337086916, -5.8619775700208265334e-14
1600455336.3490869999, 1.9539925656919228739e-15, 1600455336.3680870533, -1.9539925656919228739e-15, 1600455336.3680870533, -5.8619775700208265334e-14
1600455336.4130868912, 1.9539925656919228739e-15, 1600455336.4330868721, -1.9539925656919228739e-15, 1600455336.4330868721, -5.8619775700208265334e-14
1600455336.4440870285, 1.9539925656919228739e-15, 1600455336.4640870094, -1.9539925656919228739e-15, 1600455336.4640870094, -5.8619775700208265334e-14
1600455336.4750869274, 1.9539925656919228739e-15, 1600455336.4950869083, -1.9539925656919228739e-15, 1600455336.4950869083, -5.8619775700208265334e-14
1600455336.5060870647, 1.9539925656919228739e-15, 1600455336.5260870457, -1.9539925656919228739e-15, 1600455336.5260870457, -5.8619775700208265334e-14
1600455336.5370869637, 1.9539925656919228739e-15, 1600455336.5570869446, -1.9539925656919228739e-15, 1600455336.5570869446, -5.8619775700208265334e-14
1600455336.568087101, 1.9539925656919228739e-15, 1600455336.5880870819, -1.9539925656919228739e-15, 1600455336.5880870819, -5.8619775700208265334e-14
1600455336.6000869274, 1.9539925656919228739e-15, 1600455336.6190869808, -1.9539925656919228739e-15, 1600455336.6190869808, -5.8619775700208265334e-14
1600455336.6320869923, 1.9539925656919228739e-15, 1600455336.6510870457, -1.9539925656919228739e-15, 1600455336.6510870457, -5.8619775700208265334e-14
1600455336.6630868912, 1.9539925656919228739e-15, 1600455336.6820869446, -1.9539925656919228739e-15, 1600455336.6820869446, -5.8619775700208265334e-14
1600455336.6945059299, 1.9539925656919228739e-15, 1600455336.7135059834, -1.9539925656919228739e-15, 1600455336.7135059834, -5.8619775700208265334e-14
1600455336.7255058289, 1.9539925656919228739e-15, 1600455336.7445058823, -1.9539925656919228739e-15, 1600455336.7445058823, -5.8619775700208265334e-14
1600455336.7565059662, 1.9539925656919228739e-15, 1600455336.7755057812, -1.9539925656919228739e-15, 1600455336.7755057812, -5.8619775700208265334e-14
1600455336.7875058651, 1.9539925656919228739e-15, 1600455336.8065059185, -1.9539925656919228739e-15, 1600455336.8065059185, -5.8619775700208265334e-14
1600455336.8185060024, 1.9539925656919228739e-15, 1600455336.8375058174, -1.9539925656919228739e-15, 1600455336.8375058174, -5.8619775700208265334e-14
1600455336.8495059013, 1.9539925656919228739e-15, 1600455336.8685059547, -1.9539925656919228739e-15, 1600455336.8685059547, -5.8619775700208265334e-14
1600455336.8805058002, 1.9539925656919228739e-15, 1600455336.8995058537, -1.9539925656919228739e-15, 1600455336.8995058537, -5.8619775700208265334e-14
1600455336.9115059376, 1.9539925656919228739e-15, 1600455336.930505991, -1.9539925656919228739e-15, 1600455336.930505991, -5.8619775700208265334e-14
1600455336.9425058365, 1.9539925656919228739e-15, 1600455336.9615058899, -1.9539925656919228739e-15, 1600455336.9615058899, -5.8619775700208265334e-14
1600455336.9735059738, 1.9539925656919228739e-15, 1600455336.9925057888, -1.9539925656919228739e-15, 1600455336.9925057888, -5.8619775700208265334e-14
1600455337.0045058727, 1.9539925656919228739e-15, 1600455337.0235059261, -1.9539925656919228739e-15, 1600455337.0235059261, -5.8619775700208265334e-14
1600455337.0355060101, 1.9539925656919228739e-15, 1600455337.054505825, -1.9539925656919228739e-15, 1600455337.054505825, -5.8619775700208265334e-14
1600455337.066505909, 1.9539925656919228739e-15, 1600455337.0855059624, -1.9539925656919228739e-15, 1600455337.0855059624, -5.8619775700208265334e-14
1600455337.0975058079, 1.9539925656919228739e-15, 1600455337.1165058613, -1.9539925656919228739e-15, 1600455337.1165058613, -5.8619775700208265334e-14
1600455337.1285059452, 1.9539925656919228739e-15, 1600455337.1485059261, -1.9539925656919228739e-15, 1600455337.1485059261, -5.8619775700208265334e-14
1600455337.1595058441, 1.9539925656919228739e-15, 1600455337.179505825, -1.9539925656919228739e-15, 1600455337.179505825, -5.8619775700208265334e-14
1600455337.1905059814, 1.9539925656919228739e-15, 1600455337.2105059624, -1.9539925656919228739e-15, 1600455337.2105059624, -5.8619775700208265334e-14
1600455337.2215058804, 1.9539925656919228739e-15, 1600455337.2415058613, -1.9539925656919228739e-15, 1600455337.2415058613, -5.8619775700208265334e-14
1600455337.2525057793, 1.9539925656919228739e-15, 1600455337.2725059986, -1.9539925656919228739e-15, 1600455337.2725059986, -5.8619775700208265334e-14
1600455337.2835059166, 1.9539925656919228739e-15, 1600455337.3035058975, -1.9539925656919228739e-15, 1600455337.3035058975, -5.8619775700208265334e-14
1600455337.3145058155, 1.9539925656919228739e-15, 1600455337.3345057964, -1.9539925656919228739e-15, 1600455337.3345057964, -5.8619775700208265334e-14
1600455337.3465058804, 1.9539925656919228739e-15, 1600455337.3655059338, -1.9539925656919228739e-15, 1600455337.3655059338, -5.8619775700208265334e-14
1600455337.3775057793, 1.9539925656919228739e-15, 1600455337.3965058327, -1.9539925656919228739e-15, 1600455337.3965058327, -5.8619775700208265334e-14
1600455337.4085059166, 1.9539925656919228739e-15, 1600455337.42750597, -1.9539925656919228739e-15, 1600455337.42750597, -5.8619775700208265334e-14
1600455337.4395058155, 1.9539925656919228739e-15, 1600455337.4585058689, -1.9539925656919228739e-15, 1600455337.4585058689, -5.8619775700208265334e-14
1600455337.4705059528, 1.9539925656919228739e-15, 1600455337.4895060062, -1.9539925656919228739e-15, 1600455337.4895060062, -5.8619775700208265334e-14
1600455337.5015058517, 1.9539925656919228739e-15, 1600455337.5205059052, -1.9539925656919228739e-15, 1600455337.5205059052, -5.8619775700208265334e-14
1600455337.5325059891, 1.9539925656919228739e-15, 1600455337.5515058041, -1.9539925656919228739e-15, 1600455337.5515058041, -5.8619775700208265334e-14
1600455337.563505888, 1.9539925656919228739e-15, 1600455337.5825059414, -1.9539925656919228739e-15, 1600455337.5825059414, -5.8619775700208265334e-14
1600455337.5945057869, 1.9539925656919228739e-15, 1600455337.6135058403, -1.9539925656919228739e-15, 1600455337.6135058403, -5.8619775700208265334e-14
1600455337.6255059242, 1.9539925656919228739e-15, 1600455337.6445059776, -1.9539925656919228739e-15, 1600455337.6445059776, -5.8619775700208265334e-14
1600455337.6565058231, 1.9539925656919228739e-15, 1600455337.6755058765, -1.9539925656919228739e-15, 1600455337.6755058765, -5.8619775700208265334e-14
1600455337.6875059605, 1.9539925656919228739e-15, 1600455337.7065057755, -1.9539925656919228739e-15, 1600455337.7065057755, -5.8619775700208265334e-14
1600455337.7185058594, 1.9539925656919228739e-15, 1600455337.7375059128, -1.9539925656919228739e-15, 1600455337.7375059128, -5.8619775700208265334e-14
1600455337.7495059967, 1.9539925656919228739e-15, 1600455337.7685058117, -1.9539925656919228739e-15, 1600455337.7685058117, -5.8619775700208265334e-14
1600455337.7805058956, 1.9539925656919228739e-15, 1600455337.799505949, -1.9539925656919228739e-15, 1600455337.799505949, -5.8619775700208265334e-14
1600455337.8115057945, 1.9539925656919228739e-15, 1600455337.8305058479, -1.9539925656919228739e-15, 1600455337.8305058479, -5.8619775700208265334e-14
1600455337.8425059319, 1.9539925656919228739e-15, 1600455337.8615059853, -1.9539925656919228739e-15, 1600455337.8615059853, -5.8619775700208265334e-14
1600455337.8735058308, 1.9539925656919228739e-15, 1600455337.8925058842, -1.9539925656919228739e-15, 1600455337.8925058842, -5.8619775700208265334e-14
1600455337.9045059681, 1.9539925656919228739e-15, 1600455337.9235057831, -1.9539925656919228739e-15, 1600455337.9235057831, -5.8619775700208265334e-14
1600455337.935505867, 1.9539925656919228739e-15, 1600455337.9545059204, -1.9539925656919228739e-15, 1600455337.9545059204, -5.8619775700208265334e-14
1600455337.9665060043, 1.9539925656919228739e-15, 1600455337.9855058193, -1.9539925656919228739e-15, 1600455337.9855058193, -5.8619775700208265334e-14
1600455337.9975059032, 1.9539925656919228739e-15, 1600455338.0165059566, -1.9539925656919228739e-15, 1600455338.0165059566, -5.8619775700208265334e-14
1600455338.0285058022, 1.9539925656919228739e-15, 1600455338.0475058556, -1.9539925656919228739e-15, 1600455338.0475058556, -5.8619775700208265334e-14
1600455338.0595059395, 1.9539925656919228739e-15, 1600455338.0785059929, -1.9539925656919228739e-15, 1600455338.0785059929, -5.8619775700208265334e-14
1600455338.0905058384, 1.9539925656919228739e-15, 1600455338.1095058918, -1.9539925656919228739e-15, 1600455338.1095058918, -5.8619775700208265334e-14
1600455338.1215059757, 1.9539925656919228739e-15, 1600455338.1405057907, -1.9539925656919228739e-15, 1600455338.1405057907, -5.8619775700208265334e-14
1600455338.1525058746, 1.9539925656919228739e-15, 1600455338.171505928, -1.9539925656919228739e-15, 1600455338.171505928, -5.8619775700208265334e-14
1600455338.183506012, 1.9539925656919228739e-15, 1600455338.202505827, -1.9539925656919228739e-15, 1600455338.202505827, -5.8619775700208265334e-14
1600455338.2145059109, 1.9539925656919228739e-15, 1600455338.2335059643, -1.9539925656919228739e-15, 1600455338.2335059643, -5.8619775700208265334e-14
1600455338.2455058098, 1.9539925656919228739e-15, 1600455338.2645058632, -1.9539925656919228739e-15, 1600455338.2645058632, -5.8619775700208265334e-14
1600455338.2765059471, 1.9539925656919228739e-15, 1600455338.2955060005, -1.9539925656919228739e-15, 1600455338.2955060005, -5.8619775700208265334e-14
1600455338.307505846, 1.9539925656919228739e-15, 1600455338.327505827, -1.9539925656919228739e-15, 1600455338.327505827, -5.8619775700208265334e-14
1600455338.3385059834, 1.9539925656919228739e-15, 1600455338.3585059643, -1.9539925656919228739e-15, 1600455338.3585059643, -5.8619775700208265334e-14
1600455338.3695058823, 1.9539925656919228739e-15, 1600455338.3895058632, -1.9539925656919228739e-15, 1600455338.3895058632, -5.8619775700208265334e-14
1600455338.4005057812, 1.9539925656919228739e-15, 1600455338.4205060005, -1.9539925656919228739e-15, 1600455338.4205060005, -5.8619775700208265334e-14
1600455338.4655058384, 1.9539925656919228739e-15, 1600455338.4845058918, -1.9539925656919228739e-15, 1600455338.4845058918, -5.8619775700208265334e-14
1600455338.4965059757, 1.9539925656919228739e-15, 1600455338.5155057907, -1.9539925656919228739e-15, 1600455338.5155057907, -5.8619775700208265334e-14
1600455338.5275058746, 1.9539925656919228739e-15, 1600455338.546505928, -1.9539925656919228739e-15, 1600455338.546505928, -5.8619775700208265334e-14
1600455338.558506012, 1.9539925656919228739e-15, 1600455338.577505827, -1.9539925656919228739e-15, 1600455338.577505827, -5.8619775700208265334e-14
1600455338.5895059109, 1.9539925656919228739e-15, 1600455338.6085059643, -1.9539925656919228739e-15, 1600455338.6085059643, -5.8619775700208265334e-14
1600455338.6205058098, 1.9539925656919228739e-15, 1600455338.6395058632, -1.9539925656919228739e-15, 1600455338.6395058632, -5.8619775700208265334e-14
1600455338.6515059471, 1.9539925656919228739e-15, 1600455338.6705060005, -1.9539925656919228739e-15, 1600455338.6705060005, -5.8619775700208265334e-14
1600455338.682505846, 1.9539925656919228739e-15, 1600455338.7015058994, -1.9539925656919228739e-15, 1600455338.7015058994, -5.8619775700208265334e-14
1600455338.7135059834, 1.9539925656919228739e-15, 1600455338.7325057983, -1.9539925656919228739e-15, 1600455338.7325057983, -5.8619775700208265334e-14
1600455338.7445058823, 1.9539925656919228739e-15, 1600455338.7635059357, -1.9539925656919228739e-15, 1600455338.7635059357, -5.8619775700208265334e-14
1600455338.7755057812, 1.9539925656919228739e-15, 1600455338.7945058346, -1.9539925656919228739e-15, 1600455338.7945058346, -5.8619775700208265334e-14
1600455338.8065059185, 1.9539925656919228739e-15, 1600455338.8255059719, -1.9539925656919228739e-15, 1600455338.8255059719, -5.8619775700208265334e-14
1600455338.8375058174, 1.9539925656919228739e-15, 1600455338.8565058708, -1.9539925656919228739e-15, 1600455338.8565058708, -5.8619775700208265334e-14
1600455338.8685059547, 1.9539925656919228739e-15, 1600455338.8875060081, -1.9539925656919228739e-15, 1600455338.8875060081, -5.8619775700208265334e-14
1600455338.8995058537, 1.9539925656919228739e-15, 1600455338.9185059071, -1.9539925656919228739e-15, 1600455338.9185059071, -5.8619775700208265334e-14
1600455338.930505991, 1.9539925656919228739e-15, 1600455338.949505806, -1.9539925656919228739e-15, 1600455338.949505806, -5.8619775700208265334e-14
1600455338.9615058899, 1.9539925656919228739e-15, 1600455338.9805059433, -1.9539925656919228739e-15, 1600455338.9805059433, -5.8619775700208265334e-14
1600455338.9925057888, 1.9539925656919228739e-15, 1600455339.0115058422, -1.9539925656919228739e-15, 1600455339.0115058422, -5.8619775700208265334e-14
1600455339.0235059261, 1.9539925656919228739e-15, 1600455339.0425059795, -1.9539925656919228739e-15, 1600455339.0425059795, -5.8619775700208265334e-14
1600455339.054505825, 1.9539925656919228739e-15, 1600455339.0735058784, -1.9539925656919228739e-15, 1600455339.0735058784, -5.8619775700208265334e-14
1600455339.0855059624, 1.9539925656919228739e-15, 1600455339.1045057774, -1.9539925656919228739e-15, 1600455339.1045057774, -5.8619775700208265334e-14
1600455339.1165058613, 1.9539925656919228739e-15, 1600455339.1355059147, -1.9539925656919228739e-15, 1600455339.1355059147, -5.8619775700208265334e-14
1600455339.1495058537, 1.9539925656919228739e-15, 1600455339.1685059071, -1.9539925656919228739e-15, 1600455339.1685059071, -5.8619775700208265334e-14
1600455339.1789059639, 1.9539925656919228739e-15, 1600455339.1979060173, -1.9539925656919228739e-15, 1600455339.1979060173, -5.8619775700208265334e-14
1600455339.2099061012, 1.9539925656919228739e-15, 1600455339.2289061546, -1.9539925656919228739e-15, 1600455339.2289061546, -5.8619775700208265334e-14
1600455339.2409060001, 1.9539925656919228739e-15, 1600455339.2599060535, -1.9539925656919228739e-15, 1600455339.2599060535, -5.8619775700208265334e-14
1600455339.2719061375, 1.9539925656919228739e-15, 1600455339.2909059525, -1.9539925656919228739e-15, 1600455339.2909059525, -5.8619775700208265334e-14
1600455339.3029060364, 1.9539925656919228739e-15, 1600455339.3219060898, -1.9539925656919228739e-15, 1600455339.3219060898, -5.8619775700208265334e-14
1600455339.3339061737, 1.9539925656919228739e-15, 1600455339.3529059887, -1.9539925656919228739e-15, 1600455339.3529059887, -5.8619775700208265334e-14
1600455339.3649060726, 1.9539925656919228739e-15, 1600455339.383906126, -1.9539925656919228739e-15, 1600455339.383906126, -5.8619775700208265334e-14
1600455339.3959059715, 1.9539925656919228739e-15, 1600455339.4149060249, -1.9539925656919228739e-15, 1600455339.4149060249, -5.8619775700208265334e-14
1600455339.4269061089, 1.9539925656919228739e-15, 1600455339.4459061623, -1.9539925656919228739e-15, 1600455339.4459061623, -5.8619775700208265334e-14
1600455339.4579060078, 1.9539925656919228739e-15, 1600455339.4769060612, -1.9539925656919228739e-15, 1600455339.4769060612, -5.8619775700208265334e-14
1600455339.4889061451, 1.9539925656919228739e-15, 1600455339.5079059601, -1.9539925656919228739e-15, 1600455339.5079059601, -5.8619775700208265334e-14
1600455339.519906044, 1.9539925656919228739e-15, 1600455339.5389060974, -1.9539925656919228739e-15, 1600455339.5389060974, -5.8619775700208265334e-14
1600455339.5509061813, 1.9539925656919228739e-15, 1600455339.5699059963, -1.9539925656919228739e-15, 1600455339.5699059963, -5.8619775700208265334e-14
1600455339.5819060802, 1.9539925656919228739e-15, 1600455339.6009061337, -1.9539925656919228739e-15, 1600455339.6009061337, -5.8619775700208265334e-14
1600455339.6129059792, 1.9539925656919228739e-15, 1600455339.6319060326, -1.9539925656919228739e-15, 1600455339.6319060326, -5.8619775700208265334e-14
1600455339.6439061165, 1.9539925656919228739e-15, 1600455339.6629061699, -1.9539925656919228739e-15, 1600455339.6629061699, -5.8619775700208265334e-14
1600455339.6749060154, 1.9539925656919228739e-15, 1600455339.6939060688, -1.9539925656919228739e-15, 1600455339.6939060688, -5.8619775700208265334e-14
1600455339.7059061527, 1.9539925656919228739e-15, 1600455339.7249059677, -1.9539925656919228739e-15, 1600455339.7249059677, -5.8619775700208265334e-14
1600455339.7369060516, 1.9539925656919228739e-15, 1600455339.755906105, -1.9539925656919228739e-15, 1600455339.755906105, -5.8619775700208265334e-14
1600455339.7679059505, 1.9539925656919228739e-15, 1600455339.786906004, -1.9539925656919228739e-15, 1600455339.786906004, -5.8619775700208265334e-14
1600455339.7989060879, 1.9539925656919228739e-15, 1600455339.8179061413, -1.9539925656919228739e-15, 1600455339.8179061413, -5.8619775700208265334e-14
1600455339.8299059868, 1.9539925656919228739e-15, 1600455339.8489060402, -1.9539925656919228739e-15, 1600455339.8489060402, -5.8619775700208265334e-14
1600455339.8609061241, 1.9539925656919228739e-15, 1600455339.8799061775, -1.9539925656919228739e-15, 1600455339.8799061775, -5.8619775700208265334e-14
1600455339.891906023, 1.9539925656919228739e-15, 1600455339.911906004, -1.9539925656919228739e-15, 1600455339.911906004, -5.8619775700208265334e-14
1600455339.9229061604, 1.9539925656919228739e-15, 1600455339.9429061413, 5, 1600455339.9429061413, -5.8619775700208265334e-14
1600455339.9539060593, 1.9539925656919228739e-15, 1600455339.9739060402, 5, 1600455339.9739060402, 150
1600455339.9849059582, 0.40536680817604064941, 1600455340.0049061775, 4.5946331024169921875, 1600455340.0049061775, 150
1600455340.0159060955, 1.1485393047332763672, 1600455340.0359060764, 3.8514606952667236328, 1600455340.0359060764, 150
1600455340.0479061604, 2.0268340110778808594, 1600455340.0669059753, 2.9731659889221191406, 1600455340.0669059753, 150
1600455340.0789060593, 2.9726898670196533203, 1600455340.0979061127, 2.0273101329803466797, 1600455340.0979061127, 60.819305419921875
1600455340.1099059582, 3.6483011245727539063, 1600455340.1289060116, 1.3516988754272460938, 1600455340.1289060116, 60.819305419921875
1600455340.1409060955, 4.1212291717529296875, 1600455340.1599061489, 0.87877094745635986328, 1600455340.1599061489, 60.819305419921875
1600455340.1719059944, 4.5265960693359375, 1600455340.1909060478, 0.47340413928031921387, 1600455340.1909060478, 60.819305419921875
1600455340.2029061317, 4.9319624900817871094, 1600455340.2219059467, 0.068037338554859161377, 1600455340.2219059467, 2.0411202907562255859
1600455340.2339060307, 5.1346459388732910156, 1600455340.2529060841, -0.13464605808258056641, 1600455340.2529060841, 2.0411202907562255859
1600455340.264906168, 5.20009613037109375, 1600455340.283905983, -0.20009590685367584229, 1600455340.283905983, 2.0411202907562255859
1600455340.2959060669, 4.7947292327880859375, 1600455340.3149061203, 0.20527088642120361328, 1600455340.3149061203, 2.0411202907562255859
1600455340.3269059658, 4.0515565872192382813, 1600455340.3459060192, 0.94844335317611694336, 1600455340.3459060192, 28.45330047607421875
1600455340.3579061031, 3.2408230304718017578, 1600455340.3769061565, 1.7591769695281982422, 1600455340.3769061565, 28.45330047607421875
1600455340.388906002, 2.3625283241271972656, 1600455340.4079060555, 2.6374716758728027344, 1600455340.4079060555, 28.45330047607421875
1600455340.4199061394, 1.6869170665740966797, 1600455340.4389059544, 3.3130829334259033203, 1600455340.4389059544, 28.45330047607421875
1600455340.4509060383, 1.2139891386032104492, 1600455340.4699060917, 3.7860109806060791016, 1600455340.4699060917, 113.58032989501953125
1600455340.514906168, 1.2340463399887084961, 1600455340.533905983, 3.7659537792205810547, 1600455340.533905983, 113.58032989501953125
1600455340.5459060669, 1.4367296695709228516, 1600455340.5649061203, 3.5632703304290771484, 1600455340.5649061203, 113.58032989501953125
1600455340.5769059658, 1.9772187471389770508, 1600455340.5959060192, 3.0227811336517333984, 1600455340.5959060192, 90.68343353271484375
1600455340.6119060516, 2.5101675987243652344, 1600455340.630906105, 2.4898324012756347656, 1600455340.630906105, 90.68343353271484375
1600455340.6429059505, 3.1182177066802978516, 1600455340.661906004, 1.8817822933197021484, 1600455340.661906004, 90.68343353271484375
1600455340.6739060879, 3.7262678146362304688, 1600455340.6929061413, 1.2737320661544799805, 1600455340.6929061413, 90.68343353271484375
1600455340.7049059868, 4.19919586181640625, 1600455340.7239060402, 0.80080419778823852539, 1600455340.7239060402, 24.024126052856445313
1600455340.7359061241, 4.5370016098022460938, 1600455340.7549061775, 0.46299850940704345703, 1600455340.7549061775, 24.024126052856445313
1600455340.766906023, 4.73968505859375, 1600455340.7859060764, 0.26031512022018432617, 1600455340.7859060764, 24.024126052856445313
1600455340.7979061604, 4.8748073577880859375, 1600455340.8169059753, 0.12519285082817077637, 1600455340.8169059753, 24.024126052856445313
1600455340.8289060593, 4.5845055580139160156, 1600455340.8479061127, 0.41549459099769592285, 1600455340.8479061127, 12.464838027954101563
1600455340.8599059582, 4.0440163612365722656, 1600455340.8789060116, 0.95598363876342773438, 1600455340.8789060116, 12.464838027954101563
1600455340.8909060955, 3.3684051036834716797, 1600455340.9099061489, 1.6315950155258178711, 1600455340.9099061489, 12.464838027954101563
1600455340.9219059944, 2.7700064182281494141, 1600455340.9409060478, 2.2299935817718505859, 1600455340.9409060478, 12.464838027954101563
1600455340.9529061317, 2.1619563102722167969, 1600455340.9719059467, 2.8380436897277832031, 1600455340.9719059467, 85.1413116455078125
1600455340.9839060307, 1.7565894126892089844, 1600455341.0029060841, 3.2434105873107910156, 1600455341.0029060841, 85.1413116455078125
1600455341.014906168, 1.6890282630920410156, 1600455341.033905983, 3.3109717369079589844, 1600455341.033905983, 85.1413116455078125
1600455341.0459060669, 1.7565894126892089844, 1600455341.0649061203, 3.2434105873107910156, 1600455341.0649061203, 85.1413116455078125
1600455341.0769059658, 2.0268340110778808594, 1600455341.0959060192, 2.9731659889221191406, 1600455341.0959060192, 89.19498443603515625
1600455341.1079061031, 2.4322006702423095703, 1600455341.1269061565, 2.5677993297576904297, 1600455341.1269061565, 89.19498443603515625
1600455341.138906002, 2.8375675678253173828, 1600455341.1579060555, 2.1624324321746826172, 1600455341.1579060555, 89.19498443603515625
1600455341.1699061394, 3.3104953765869140625, 1600455341.1889059544, 1.6895045042037963867, 1600455341.1889059544, 89.19498443603515625
1600455341.2009060383, 3.7834234237670898438, 1600455341.2199060917, 1.2165765762329101563, 1600455341.2199060917, 36.4972991943359375
1600455341.2319061756, 4.256351470947265625, 1600455341.2509059906, 0.74364864826202392578, 1600455341.2509059906, 36.4972991943359375
1600455341.2629060745, 4.5265960693359375, 1600455341.2819061279, 0.47340413928031921387, 1600455341.2819061279, 36.4972991943359375
1600455341.2939059734, 4.5941572189331054688, 1600455341.3129060268, 0.40584298968315124512, 1600455341.3129060268, 36.4972991943359375
1600455341.3249061108, 4.3239126205444335938, 1600455341.3439061642, 0.67608755826950073242, 1600455341.3439061642, 20.282625198364257813
1600455341.3559060097, 3.98610687255859375, 1600455341.3749060631, 1.0138932466506958008, 1600455341.3749060631, 20.282625198364257813
1600455341.386906147, 3.6483011245727539063, 1600455341.4069061279, 1.3516988754272460938, 1600455341.4069061279, 20.282625198364257813
1600455341.4179060459, 3.1753733158111572266, 1600455341.4379060268, 1.8246268033981323242, 1600455341.4379060268, 20.282625198364257813
1600455341.4499061108, 2.7700064182281494141, 1600455341.4689061642, 2.2299935817718505859, 1600455341.4689061642, 66.899810791015625
1600455341.4799060822, 2.4322006702423095703, 1600455341.4999060631, 2.5677993297576904297, 1600455341.4999060631, 66.899810791015625
1600455341.5109059811, 2.2295174598693847656, 1600455341.530905962, 2.7704825401306152344, 1600455341.530905962, 66.899810791015625
1600455341.5429060459, 2.1619563102722167969, 1600455341.5619060993, 2.8380436897277832031, 1600455341.5619060993, 66.899810791015625
1600455341.5739059448, 2.2970786094665527344, 1600455341.5929059982, 2.7029213905334472656, 1600455341.5929059982, 81.087646484375
1600455341.6049060822, 2.4997618198394775391, 1600455341.6239061356, 2.5002381801605224609, 1600455341.6239061356, 81.087646484375
1600455341.6359059811, 2.7700064182281494141, 1600455341.6549060345, 2.2299935817718505859, 1600455341.6549060345, 81.087646484375
1600455341.6679060459, 3.14261627197265625, 1600455341.6869060993, 1.85738372802734375, 1600455341.6869060993, 81.087646484375
1600455341.6988859177, 3.4804220199584960938, 1600455341.7178859711, 1.5195779800415039063, 1600455341.7178859711, 45.58734130859375
1600455341.729886055, 3.8182275295257568359, 1600455341.7488861084, 1.1817723512649536133, 1600455341.7488861084, 45.58734130859375
1600455341.7608859539, 4.0209112167358398438, 1600455341.7798860073, 0.97908896207809448242, 1600455341.7798860073, 45.58734130859375
1600455341.7918860912, 4.0884723663330078125, 1600455341.8108859062, 0.91152781248092651367, 1600455341.8108859062, 45.58734130859375
1600455341.8228859901, 4.0209112167358398438, 1600455341.8418860435, 0.97908896207809448242, 1600455341.8418860435, 29.372669219970703125
1600455341.8538861275, 3.8182275295257568359, 1600455341.8728859425, 1.1817723512649536133, 1600455341.8728859425, 29.372669219970703125
1600455341.8848860264, 3.6155443191528320313, 1600455341.9038860798, 1.3844558000564575195, 1600455341.9038860798, 29.372669219970703125
1600455341.9158859253, 3.2777385711669921875, 1600455341.9348859787, 1.7222614288330078125, 1600455341.9348859787, 29.372669219970703125
1600455341.9468860626, 3.0074939727783203125, 1600455341.965886116, 1.9925059080123901367, 1600455341.965886116, 59.775177001953125
1600455341.9778859615, 2.7024452686309814453, 1600455341.9968860149, 2.2975547313690185547, 1600455341.9968860149, 59.775177001953125
1600455342.0088860989, 2.5673229694366455078, 1600455342.0278859138, 2.4326770305633544922, 1600455342.0278859138, 59.775177001953125
1600455342.0398859978, 2.4997618198394775391, 1600455342.0588860512, 2.5002381801605224609, 1600455342.0588860512, 59.775177001953125
1600455342.0708861351, 2.4997618198394775391, 1600455342.0898859501, 2.5002381801605224609, 1600455342.0898859501, 75.00714111328125
1600455342.101886034, 2.6348841190338134766, 1600455342.1218860149, 2.3651158809661865234, 1600455342.1218860149, 75.00714111328125
1600455342.1328859329, 2.8375675678253173828, 1600455342.1528859138, 2.1624324321746826172, 1600455342.1528859138, 75.00714111328125
1600455342.1638860703, 3.1078121662139892578, 1600455342.1838860512, 1.892187952995300293, 1600455342.1838860512, 75.00714111328125
1600455342.1958861351, 3.3780565261840820313, 1600455342.2148859501, 1.621943354606628418, 1600455342.2148859501, 48.65830230712890625
1600455342.2258861065, 3.6483011245727539063, 1600455342.2458860874, 1.3516988754272460938, 1600455342.2458860874, 48.65830230712890625
1600455342.2578859329, 3.715862274169921875, 1600455342.2768859863, 1.284137725830078125, 1600455342.2768859863, 48.65830230712890625
1600455342.2888860703, 3.7834234237670898438, 1600455342.3078861237, 1.2165765762329101563, 1600455342.3078861237, 48.65830230712890625
1600455342.3198859692, 3.715862274169921875, 1600455342.3388860226, 1.284137725830078125, 1600455342.3388860226, 38.52413177490234375
1600455342.3508861065, 3.6483011245727539063, 1600455342.3698859215, 1.3516988754272460938, 1600455342.3698859215, 38.52413177490234375
1600455342.3818860054, 3.5807399749755859375, 1600455342.4008860588, 1.4192600250244140625, 1600455342.4008860588, 38.52413177490234375
1600455342.4128859043, 3.3780565261840820313, 1600455342.4318859577, 1.621943354606628418, 1600455342.4318859577, 38.52413177490234375
1600455342.4438860416, 3.1078121662139892578, 1600455342.462886095, 1.892187952995300293, 1600455342.462886095, 56.765636444091796875
1600455342.4748859406, 2.9621334075927734375, 1600455342.493885994, 2.0378665924072265625, 1600455342.493885994, 56.765636444091796875
1600455342.5058860779, 2.7594499588012695313, 1600455342.5248861313, 2.2405500411987304688, 1600455342.5248861313, 56.765636444091796875
1600455342.5698859692, 2.7140574455261230469, 1600455342.5888860226, 2.2859425544738769531, 1600455342.5888860226, 68.578277587890625
1600455342.6008861065, 2.7816185951232910156, 1600455342.6198859215, 2.2183814048767089844, 1600455342.6198859215, 68.578277587890625
1600455342.6318860054, 2.9167406558990478516, 1600455342.6508860588, 2.0832593441009521484, 1600455342.6508860588, 68.578277587890625
1600455342.6628859043, 3.1194241046905517578, 1600455342.6818859577, 1.8805758953094482422, 1600455342.6818859577, 68.578277587890625
1600455342.6938860416, 3.2545464038848876953, 1600455342.712886095, 1.7454535961151123047, 1600455342.712886095, 52.363605499267578125
1600455342.7248859406, 3.3221075534820556641, 1600455342.743885994, 1.6778924465179443359, 1600455342.743885994, 52.363605499267578125
1600455342.7558860779, 3.4572298526763916016, 1600455342.7748861313, 1.5427701473236083984, 1600455342.7748861313, 52.363605499267578125
1600455342.7868859768, 3.5923521518707275391, 1600455342.8058860302, 1.4076479673385620117, 1600455342.8058860302, 52.363605499267578125
1600455342.8178861141, 3.6029086112976074219, 1600455342.8368859291, 1.3970915079116821289, 1600455342.8368859291, 41.912746429443359375
1600455342.848886013, 3.6029086112976074219, 1600455342.8678860664, 1.3970915079116821289, 1600455342.8678860664, 41.912746429443359375
1600455342.8798859119, 3.5131788253784179688, 1600455342.8988859653, 1.4868211746215820313, 1600455342.8988859653, 41.912746429443359375
1600455342.9108860493, 3.44561767578125, 1600455342.9298861027, 1.5543822050094604492, 1600455342.9298861027, 41.912746429443359375
1600455342.9418859482, 3.2429344654083251953, 1600455342.9608860016, 1.7570656538009643555, 1600455342.9608860016, 52.711971282958984375
1600455342.9728860855, 3.0402510166168212891, 1600455342.9928860664, 1.9597491025924682617, 1600455342.9928860664, 52.711971282958984375
1600455343.0038859844, 2.9726898670196533203, 1600455343.0238859653, 2.0273101329803466797, 1600455343.0238859653, 52.711971282958984375
1600455343.0348861217, 2.9051287174224853516, 1600455343.0548861027, 2.0948712825775146484, 1600455343.0548861027, 52.711971282958984375
1600455343.0668859482, 2.9051287174224853516, 1600455343.0858860016, 2.0948712825775146484, 1600455343.0858860016, 62.84613800048828125
1600455343.0968859196, 2.9051287174224853516, 1600455343.1168859005, 2.0948712825775146484, 1600455343.1168859005, 62.84613800048828125
1600455343.1288859844, 2.9051287174224853516, 1600455343.1478860378, 2.0948712825775146484, 1600455343.1478860378, 62.84613800048828125
1600455343.1598861217, 3.0402510166168212891, 1600455343.1788859367, 1.9597491025924682617, 1600455343.1788859367, 62.84613800048828125
1600455343.1908860207, 3.1753733158111572266, 1600455343.2098860741, 1.8246268033981323242, 1600455343.2098860741, 54.738803863525390625
1600455343.2218859196, 3.2429344654083251953, 1600455343.240885973, 1.7570656538009643555, 1600455343.240885973, 54.738803863525390625
1600455343.2528860569, 3.3780565261840820313, 1600455343.2718861103, 1.621943354606628418, 1600455343.2718861103, 54.738803863525390625
1600455343.2838859558, 3.44561767578125, 1600455343.3028860092, 1.5543822050094604492, 1600455343.3028860092, 54.738803863525390625
1600455343.3148860931, 3.44561767578125, 1600455343.3338859081, 1.5543822050094604492, 1600455343.3338859081, 46.631465911865234375
1600455343.3458859921, 3.4371726512908935547, 1600455343.3648860455, 1.5628273487091064453, 1600455343.3648860455, 46.631465911865234375
1600455343.3768861294, 3.3696115016937255859, 1600455343.3958859444, 1.6303884983062744141, 1600455343.3958859444, 46.631465911865234375
1600455343.4078860283, 3.3696115016937255859, 1600455343.4268860817, 1.6303884983062744141, 1600455343.4268860817, 46.631465911865234375
1600455343.4388859272, 3.3020503520965576172, 1600455343.4578859806, 1.6979496479034423828, 1600455343.4578859806, 50.938488006591796875
1600455343.4698860645, 3.1669280529022216797, 1600455343.4888861179, 1.8330719470977783203, 1600455343.4888861179, 50.938488006591796875
1600455343.5008859634, 3.0318057537078857422, 1600455343.5198860168, 1.968194127082824707, 1600455343.5198860168, 50.938488006591796875
1600455343.5318861008, 3.0318057537078857422, 1600455343.5508859158, 1.968194127082824707, 1600455343.5508859158, 50.938488006591796875
1600455343.5628859997, 2.9642446041107177734, 1600455343.5818860531, 2.0357553958892822266, 1600455343.5818860531, 61.072658538818359375
1600455343.593886137, 2.9642446041107177734, 1600455343.612885952, 2.0357553958892822266, 1600455343.612885952, 61.072658538818359375
1600455343.6248860359, 3.0318057537078857422, 1600455343.6438860893, 1.968194127082824707, 1600455343.6438860893, 61.072658538818359375
1600455343.6558859348, 3.1078121662139892578, 1600455343.6748859882, 1.892187952995300293, 1600455343.6748859882, 61.072658538818359375
1600455343.6868860722, 3.2429344654083251953, 1600455343.7058861256, 1.7570656538009643555, 1600455343.7058861256, 52.711971282958984375
1600455343.7178859711, 3.2429344654083251953, 1600455343.7368860245, 1.7570656538009643555, 1600455343.7368860245, 52.711971282958984375
1600455343.7488861084, 3.3104953765869140625, 1600455343.7678859234, 1.6895045042037963867, 1600455343.7678859234, 52.711971282958984375
1600455343.7798860073, 3.3104953765869140625, 1600455343.7988860607, 1.6895045042037963867, 1600455343.7988860607, 52.711971282958984375
1600455343.8108859062, 3.3780565261840820313, 1600455343.8298859596, 1.621943354606628418, 1600455343.8298859596, 48.65830230712890625
1600455343.8418860435, 3.3780565261840820313, 1600455343.860886097, 1.621943354606628418, 1600455343.860886097, 48.65830230712890625
1600455343.8728859425, 3.3780565261840820313, 1600455343.8918859959, 1.621943354606628418, 1600455343.8918859959, 48.65830230712890625
1600455343.9038860798, 3.3780565261840820313, 1600455343.9228861332, 1.621943354606628418, 1600455343.9228861332, 48.65830230712890625
1600455343.9348859787, 3.2429344654083251953, 1600455343.9538860321, 1.7570656538009643555, 1600455343.9538860321, 52.711971282958984375
1600455343.965886116, 3.1753733158111572266, 1600455343.984885931, 1.8246268033981323242, 1600455343.984885931, 52.711971282958984375
1600455343.9968860149, 3.1078121662139892578, 1600455344.0158860683, 1.892187952995300293, 1600455344.0158860683, 52.711971282958984375
1600455344.0278859138, 3.1078121662139892578, 1600455344.0468859673, 1.892187952995300293, 1600455344.0468859673, 52.711971282958984375
1600455344.0588860512, 3.0402510166168212891, 1600455344.0778861046, 1.9597491025924682617, 1600455344.0778861046, 58.79247283935546875
1600455344.0898859501, 3.1078121662139892578, 1600455344.1088860035, 1.892187952995300293, 1600455344.1088860035, 58.79247283935546875
1600455344.1208860874, 3.1078121662139892578, 1600455344.1408860683, 1.892187952995300293, 1600455344.1408860683, 58.79247283935546875
1600455344.1518859863, 3.1753733158111572266, 1600455344.1718859673, 1.8246268033981323242, 1600455344.1718859673, 58.79247283935546875
1600455344.1848859787, 3.2224612236022949219, 1600455344.2038860321, 1.7775387763977050781, 1600455344.2038860321, 53.326160430908203125
1600455344.2152869701, 3.2224612236022949219, 1600455344.2342870235, 1.7775387763977050781, 1600455344.2342870235, 53.326160430908203125
1600455344.2462871075, 3.2900223731994628906, 1600455344.2652871609, 1.7099776268005371094, 1600455344.2652871609, 53.326160430908203125
1600455344.2772870064, 3.3575835227966308594, 1600455344.2962870598, 1.6424164772033691406, 1600455344.2962870598, 53.326160430908203125
1600455344.3082871437, 3.3575835227966308594, 1600455344.3272869587, 1.6424164772033691406, 1600455344.3272869587, 49.272495269775390625
1600455344.3392870426, 3.3575835227966308594, 1600455344.358287096, 1.6424164772033691406, 1600455344.358287096, 49.272495269775390625
1600455344.3702871799, 3.3575835227966308594, 1600455344.3892869949, 1.6424164772033691406, 1600455344.3892869949, 49.272495269775390625
1600455344.4012870789, 3.2900223731994628906, 1600455344.4202871323, 1.7099776268005371094, 1600455344.4202871323, 49.272495269775390625
1600455344.4322869778, 3.2224612236022949219, 1600455344.4512870312, 1.7775387763977050781, 1600455344.4512870312, 53.326160430908203125
1600455344.4632871151, 3.0873389244079589844, 1600455344.4822871685, 1.9126609563827514648, 1600455344.4822871685, 53.326160430908203125
1600455344.494287014, 3.1078121662139892578, 1600455344.5132870674, 1.892187952995300293, 1600455344.5132870674, 53.326160430908203125
1600455344.5252871513, 3.1078121662139892578, 1600455344.5442869663, 1.892187952995300293, 1600455344.5442869663, 53.326160430908203125
1600455344.5562870502, 3.1078121662139892578, 1600455344.5752871037, 1.892187952995300293, 1600455344.5752871037, 56.765636444091796875
1600455344.6202871799, 3.097255706787109375, 1600455344.6402871609, 1.902744293212890625, 1600455344.6402871609, 56.765636444091796875
1600455344.6512870789, 3.097255706787109375, 1600455344.6712870598, 1.902744293212890625, 1600455344.6712870598, 56.765636444091796875
1600455344.6832871437, 3.097255706787109375, 1600455344.7022869587, 1.902744293212890625, 1600455344.7022869587, 57.08232879638671875
1600455344.7142870426, 3.1648168563842773438, 1600455344.733287096, 1.835183262825012207, 1600455344.733287096, 57.08232879638671875
1600455344.7452871799, 3.2999391555786132813, 1600455344.7642869949, 1.7000609636306762695, 1600455344.7642869949, 57.08232879638671875
1600455344.7762870789, 3.36750030517578125, 1600455344.7952871323, 1.6324998140335083008, 1600455344.7952871323, 57.08232879638671875
1600455344.8072869778, 3.4350612163543701172, 1600455344.8262870312, 1.564938664436340332, 1600455344.8262870312, 46.948162078857421875
1600455344.8382871151, 3.4350612163543701172, 1600455344.8572871685, 1.564938664436340332, 1600455344.8572871685, 46.948162078857421875
1600455344.869287014, 3.36750030517578125, 1600455344.8882870674, 1.6324998140335083008, 1600455344.8882870674, 46.948162078857421875
1600455344.9002871513, 3.2999391555786132813, 1600455344.9192869663, 1.7000609636306762695, 1600455344.9192869663, 46.948162078857421875
1600455344.9312870502, 3.2344892024993896484, 1600455344.9502871037, 1.7655107975006103516, 1600455344.9502871037, 52.96532440185546875
1600455344.9622871876, 3.2344892024993896484, 1600455344.9812870026, 1.7655107975006103516, 1600455344.9812870026, 52.96532440185546875
1600455344.9932870865, 3.1669280529022216797, 1600455345.0122871399, 1.8330719470977783203, 1600455345.0122871399, 52.96532440185546875
1600455345.0242869854, 3.1669280529022216797, 1600455345.0432870388, 1.8330719470977783203, 1600455345.0432870388, 52.96532440185546875
1600455345.0552871227, 3.0318057537078857422, 1600455345.0742871761, 1.968194127082824707, 1600455345.0742871761, 59.045825958251953125
1600455345.0862870216, 3.0318057537078857422, 1600455345.105287075, 1.968194127082824707, 1600455345.105287075, 59.045825958251953125
1600455345.117287159, 3.0318057537078857422, 1600455345.136286974, 1.968194127082824707, 1600455345.136286974, 59.045825958251953125
1600455345.1482870579, 3.0318057537078857422, 1600455345.1672871113, 1.968194127082824707, 1600455345.1672871113, 59.045825958251953125
1600455345.1792869568, 3.0993669033050537109, 1600455345.1982870102, 1.9006330966949462891, 1600455345.1982870102, 57.018993377685546875
1600455345.2102870941, 3.1669280529022216797, 1600455345.2292871475, 1.8330719470977783203, 1600455345.2292871475, 57.018993377685546875
1600455345.241286993, 3.3104953765869140625, 1600455345.2602870464, 1.6895045042037963867, 1600455345.2602870464, 57.018993377685546875
1600455345.2722871304, 3.3104953765869140625, 1600455345.2912871838, 1.6895045042037963867, 1600455345.2912871838, 57.018993377685546875
1600455345.3032870293, 3.3780565261840820313, 1600455345.3222870827, 1.621943354606628418, 1600455345.3222870827, 48.65830230712890625
1600455345.3342871666, 3.3780565261840820313, 1600455345.3532869816, 1.621943354606628418, 1600455345.3532869816, 48.65830230712890625
1600455345.3652870655, 3.3780565261840820313, 1600455345.3842871189, 1.621943354606628418, 1600455345.3842871189, 48.65830230712890625
1600455345.3962869644, 3.3104953765869140625, 1600455345.4152870178, 1.6895045042037963867, 1600455345.4152870178, 48.65830230712890625
1600455345.4272871017, 3.3104953765869140625, 1600455345.4462871552, 1.6895045042037963867, 1600455345.4462871552, 50.6851348876953125
1600455345.4582870007, 3.2429344654083251953, 1600455345.4772870541, 1.7570656538009643555, 1600455345.4772870541, 50.6851348876953125
1600455345.489287138, 3.2429344654083251953, 1600455345.508286953, 1.7570656538009643555, 1600455345.508286953, 50.6851348876953125
1600455345.5202870369, 3.1753733158111572266, 1600455345.5392870903, 1.8246268033981323242, 1600455345.5392870903, 50.6851348876953125
1600455345.5512871742, 3.0402510166168212891, 1600455345.5702869892, 1.9597491025924682617, 1600455345.5702869892, 58.79247283935546875
1600455345.5822870731, 2.9726898670196533203, 1600455345.6012871265, 2.0273101329803466797, 1600455345.6012871265, 58.79247283935546875
1600455345.617287159, 2.9939234256744384766, 1600455345.636286974, 2.0060765743255615234, 1600455345.636286974, 58.79247283935546875
1600455345.6482870579, 2.9939234256744384766, 1600455345.6672871113, 2.0060765743255615234, 1600455345.6672871113, 58.79247283935546875
1600455345.6792869568, 3.0614843368530273438, 1600455345.6982870102, 1.9385155439376831055, 1600455345.6982870102, 58.155467987060546875
1600455345.7102870941, 3.1966066360473632813, 1600455345.7292871475, 1.803393244743347168, 1600455345.7292871475, 58.155467987060546875
1600455345.741286993, 3.1966066360473632813, 1600455345.7602870464, 1.803393244743347168, 1600455345.7602870464, 58.155467987060546875
1600455345.7722871304, 3.26416778564453125, 1600455345.7912871838, 1.7358320951461791992, 1600455345.7912871838, 58.155467987060546875
1600455345.8032870293, 3.3317289352416992188, 1600455345.8222870827, 1.6682710647583007813, 1600455345.8222870827, 50.048130035400390625
1600455345.8342871666, 3.3992900848388671875, 1600455345.8532869816, 1.6007099151611328125, 1600455345.8532869816, 50.048130035400390625
1600455345.8652870655, 3.3992900848388671875, 1600455345.8842871189, 1.6007099151611328125, 1600455345.8842871189, 50.048130035400390625
1600455345.8962869644, 3.4668512344360351563, 1600455345.9152870178, 1.5331487655639648438, 1600455345.9152870178, 50.048130035400390625
1600455345.9272871017, 3.3780565261840820313, 1600455345.9462871552, 1.621943354606628418, 1600455345.9462871552, 48.65830230712890625
1600455345.9582870007, 3.3780565261840820313, 1600455345.9772870541, 1.621943354606628418, 1600455345.9772870541, 48.65830230712890625
1600455345.989287138, 3.3104953765869140625, 1600455346.008286953, 1.6895045042037963867, 1600455346.008286953, 48.65830230712890625
1600455346.0202870369, 3.2429344654083251953, 1600455346.0392870903, 1.7570656538009643555, 1600455346.0392870903, 48.65830230712890625
1600455346.0512871742, 3.1753733158111572266, 1600455346.0702869892, 1.8246268033981323242, 1600455346.0702869892, 54.738803863525390625
1600455346.0822870731, 3.1078121662139892578, 1600455346.1012871265, 1.892187952995300293, 1600455346.1012871265, 54.738803863525390625
1600455346.113286972, 3.0402510166168212891, 1600455346.1322870255, 1.9597491025924682617, 1600455346.1322870255, 54.738803863525390625
1600455346.1442871094, 3.0402510166168212891, 1600455346.1632871628, 1.9597491025924682617, 1600455346.1632871628, 54.738803863525390625
1600455346.1752870083, 3.1078121662139892578, 1600455346.1942870617, 1.892187952995300293, 1600455346.1942870617, 56.765636444091796875
1600455346.2062871456, 3.1078121662139892578, 1600455346.2252869606, 1.892187952995300293, 1600455346.2252869606, 56.765636444091796875
1600455346.2372870445, 3.1753733158111572266, 1600455346.2562870979, 1.8246268033981323242, 1600455346.2562870979, 56.765636444091796875
1600455346.2682871819, 3.1753733158111572266, 1600455346.2872869968, 1.8246268033981323242, 1600455346.2872869968, 56.765636444091796875
1600455346.2992870808, 3.2429344654083251953, 1600455346.3182871342, 1.7570656538009643555, 1600455346.3182871342, 52.711971282958984375
1600455346.3302869797, 3.2429344654083251953, 1600455346.3502869606, 1.7570656538009643555, 1600455346.3502869606, 52.711971282958984375
1600455346.361287117, 3.3104953765869140625, 1600455346.3812870979, 1.6895045042037963867, 1600455346.3812870979, 52.711971282958984375
1600455346.3922870159, 3.3104953765869140625, 1600455346.4122869968, 1.6895045042037963867, 1600455346.4122869968, 52.711971282958984375
1600455346.4242870808, 3.3104953765869140625, 1600455346.4432871342, 1.6895045042037963867, 1600455346.4432871342, 50.6851348876953125
1600455346.4542870522, 3.3104953765869140625, 1600455346.4742870331, 1.6895045042037963867, 1600455346.4742870331, 50.6851348876953125
1600455346.4852871895, 3.2429344654083251953, 1600455346.5052871704, 1.7570656538009643555, 1600455346.5052871704, 50.6851348876953125
1600455346.5172870159, 3.2429344654083251953, 1600455346.5362870693, 1.7570656538009643555, 1600455346.5362870693, 50.6851348876953125
1600455346.5482871532, 3.1753733158111572266, 1600455346.5672869682, 1.8246268033981323242, 1600455346.5672869682, 54.738803863525390625
1600455346.5792870522, 3.1753733158111572266, 1600455346.5982871056, 1.8246268033981323242, 1600455346.5982871056, 54.738803863525390625
1600455346.6102871895, 3.1753733158111572266, 1600455346.6292870045, 1.8246268033981323242, 1600455346.6292870045, 54.738803863525390625
1600455346.6742870808, 3.1597821712493896484, 1600455346.6932871342, 1.8402178287506103516, 1600455346.6932871342, 55.20653533935546875
1600455346.7062871456, 3.1492257118225097656, 1600455346.7252869606, 1.8507742881774902344, 1600455346.7252869606, 55.20653533935546875
1600455346.7375729084, 3.2167868614196777344, 1600455346.7565729618, 1.7832131385803222656, 1600455346.7565729618, 55.20653533935546875
1600455346.7685730457, 3.2167868614196777344, 1600455346.7885730267, 1.7832131385803222656, 1600455346.7885730267, 55.20653533935546875
1600455346.7995729446, 3.2167868614196777344, 1600455346.8195729256, 1.7832131385803222656, 1600455346.8195729256, 53.49639129638671875
1600455346.830573082, 3.2843480110168457031, 1600455346.8505730629, 1.7156519889831542969, 1600455346.8505730629, 53.49639129638671875
1600455346.8615729809, 3.2843480110168457031, 1600455346.8815729618, 1.7156519889831542969, 1600455346.8815729618, 53.49639129638671875
1600455346.8925731182, 3.3519091606140136719, 1600455346.9125730991, 1.6480908393859863281, 1600455346.9125730991, 53.49639129638671875
1600455346.9245729446, 3.2843480110168457031, 1600455346.943572998, 1.7156519889831542969, 1600455346.943572998, 51.4695587158203125
1600455346.955573082, 3.2843480110168457031, 1600455346.974572897, 1.7156519889831542969, 1600455346.974572897, 51.4695587158203125
1600455346.9865729809, 3.2999391555786132813, 1600455347.0055730343, 1.7000609636306762695, 1600455347.0055730343, 51.4695587158203125
1600455347.0175731182, 3.2429344654083251953, 1600455347.0365729332, 1.7570656538009643555, 1600455347.0365729332, 51.4695587158203125
1600455347.0485730171, 3.2429344654083251953, 1600455347.0675730705, 1.7570656538009643555, 1600455347.0675730705, 52.711971282958984375
1600455347.079572916, 3.1753733158111572266, 1600455347.0985729694, 1.8246268033981323242, 1600455347.0985729694, 52.711971282958984375
1600455347.1105730534, 3.1753733158111572266, 1600455347.1295731068, 1.8246268033981323242, 1600455347.1295731068, 52.711971282958984375
1600455347.1415729523, 3.1648168563842773438, 1600455347.1605730057, 1.835183262825012207, 1600455347.1605730057, 52.711971282958984375
1600455347.1725730896, 3.097255706787109375, 1600455347.1915729046, 1.902744293212890625, 1600455347.1915729046, 57.08232879638671875
1600455347.2035729885, 3.097255706787109375, 1600455347.2225730419, 1.902744293212890625, 1600455347.2225730419, 57.08232879638671875
1600455347.2345731258, 3.1648168563842773438, 1600455347.2535729408, 1.835183262825012207, 1600455347.2535729408, 57.08232879638671875
1600455347.2655730247, 3.1648168563842773438, 1600455347.2845730782, 1.835183262825012207, 1600455347.2845730782, 57.08232879638671875
1600455347.2965729237, 3.1648168563842773438, 1600455347.3155729771, 1.835183262825012207, 1600455347.3155729771, 55.0554962158203125
1600455347.327573061, 3.2323780059814453125, 1600455347.3465731144, 1.7676221132278442383, 1600455347.3465731144, 55.0554962158203125
1600455347.3585729599, 3.2323780059814453125, 1600455347.3775730133, 1.7676221132278442383, 1600455347.3775730133, 55.0554962158203125
1600455347.3895730972, 3.2999391555786132813, 1600455347.4085729122, 1.7000609636306762695, 1600455347.4085729122, 55.0554962158203125
1600455347.4205729961, 3.2999391555786132813, 1600455347.4395730495, 1.7000609636306762695, 1600455347.4395730495, 51.001827239990234375
1600455347.4515728951, 3.3104953765869140625, 1600455347.4705729485, 1.6895045042037963867, 1600455347.4705729485, 51.001827239990234375
1600455347.4825730324, 3.3104953765869140625, 1600455347.5015730858, 1.6895045042037963867, 1600455347.5015730858, 51.001827239990234375
1600455347.5135729313, 3.3104953765869140625, 1600455347.5325729847, 1.6895045042037963867, 1600455347.5325729847, 51.001827239990234375
1600455347.5445730686, 3.2429344654083251953, 1600455347.563573122, 1.7570656538009643555, 1600455347.563573122, 52.711971282958984375
1600455347.5755729675, 3.2429344654083251953, 1600455347.5945730209, 1.7570656538009643555, 1600455347.5945730209, 52.711971282958984375
1600455347.6065731049, 3.2429344654083251953, 1600455347.6255729198, 1.7570656538009643555, 1600455347.6255729198, 52.711971282958984375
1600455347.6375730038, 3.1753733158111572266, 1600455347.6565730572, 1.8246268033981323242, 1600455347.6565730572, 52.711971282958984375
1600455347.6685729027, 3.1753733158111572266, 1600455347.6875729561, 1.8246268033981323242, 1600455347.6875729561, 54.738803863525390625
1600455347.69957304, 3.1753733158111572266, 1600455347.7185730934, 1.8246268033981323242, 1600455347.7185730934, 54.738803863525390625
1600455347.7305729389, 3.1753733158111572266, 1600455347.7495729923, 1.8246268033981323242, 1600455347.7495729923, 54.738803863525390625
1600455347.7615730762, 3.1078121662139892578, 1600455347.7805728912, 1.892187952995300293, 1600455347.7805728912, 54.738803863525390625
1600455347.7925729752, 3.1753733158111572266, 1600455347.8115730286, 1.8246268033981323242, 1600455347.8115730286, 54.738803863525390625
1600455347.8235731125, 3.1753733158111572266, 1600455347.8425729275, 1.8246268033981323242, 1600455347.8425729275, 54.738803863525390625
1600455347.8545730114, 3.2429344654083251953, 1600455347.8735730648, 1.7570656538009643555, 1600455347.8735730648, 54.738803863525390625
1600455347.8855729103, 3.2429344654083251953, 1600455347.9045729637, 1.7570656538009643555, 1600455347.9045729637, 54.738803863525390625
1600455347.9165730476, 3.2429344654083251953, 1600455347.9365730286, 1.7570656538009643555, 1600455347.9365730286, 52.711971282958984375
1600455347.9475729465, 3.3104953765869140625, 1600455347.9675729275, 1.6895045042037963867, 1600455347.9675729275, 52.711971282958984375
1600455347.9785730839, 3.2429344654083251953, 1600455347.9985730648, 1.7570656538009643555, 1600455347.9985730648, 52.711971282958984375
1600455348.0095729828, 3.2429344654083251953, 1600455348.0295729637, 1.7570656538009643555, 1600455348.0295729637, 52.711971282958984375
1600455348.0415730476, 3.2429344654083251953, 1600455348.060573101, 1.7570656538009643555, 1600455348.060573101, 52.711971282958984375
1600455348.071573019, 3.3104953765869140625, 1600455348.091573, 1.6895045042037963867, 1600455348.091573, 52.711971282958984375
1600455348.1035730839, 3.2429344654083251953, 1600455348.1225728989, 1.7570656538009643555, 1600455348.1225728989, 52.711971282958984375
1600455348.1345729828, 3.2429344654083251953, 1600455348.1535730362, 1.7570656538009643555, 1600455348.1535730362, 52.711971282958984375
1600455348.1655731201, 3.2429344654083251953, 1600455348.1845729351, 1.7570656538009643555, 1600455348.1845729351, 52.711971282958984375
1600455348.196573019, 3.1753733158111572266, 1600455348.2155730724, 1.8246268033981323242, 1600455348.2155730724, 52.711971282958984375
1600455348.2275729179, 3.1753733158111572266, 1600455348.2465729713, 1.8246268033981323242, 1600455348.2465729713, 52.711971282958984375
1600455348.2585730553, 3.1753733158111572266, 1600455348.2775731087, 1.8246268033981323242, 1600455348.2775731087, 52.711971282958984375
1600455348.2895729542, 3.2429344654083251953, 1600455348.3085730076, 1.7570656538009643555, 1600455348.3085730076, 52.711971282958984375
1600455348.3205730915, 3.1669280529022216797, 1600455348.3395729065, 1.8330719470977783203, 1600455348.3395729065, 52.711971282958984375
1600455348.3515729904, 3.1669280529022216797, 1600455348.3705730438, 1.8330719470977783203, 1600455348.3705730438, 52.711971282958984375
1600455348.3825731277, 3.1669280529022216797, 1600455348.4015729427, 1.8330719470977783203, 1600455348.4015729427, 52.711971282958984375
1600455348.4135730267, 3.1669280529022216797, 1600455348.4325730801, 1.8330719470977783203, 1600455348.4325730801, 54.992156982421875
1600455348.4445729256, 3.1669280529022216797, 1600455348.463572979, 1.8330719470977783203, 1600455348.463572979, 54.992156982421875
1600455348.4755730629, 3.1669280529022216797, 1600455348.4945731163, 1.8330719470977783203, 1600455348.4945731163, 54.992156982421875
1600455348.5065729618, 3.2344892024993896484, 1600455348.5255730152, 1.7655107975006103516, 1600455348.5255730152, 54.992156982421875
1600455348.5375730991, 3.2344892024993896484, 1600455348.5565729141, 1.7655107975006103516, 1600455348.5565729141, 52.96532440185546875
1600455348.568572998, 3.2344892024993896484, 1600455348.5875730515, 1.7655107975006103516, 1600455348.5875730515, 52.96532440185546875
1600455348.599572897, 3.1669280529022216797, 1600455348.6185729504, 1.8330719470977783203, 1600455348.6185729504, 52.96532440185546875
1600455348.6305730343, 3.2429344654083251953, 1600455348.6495730877, 1.7570656538009643555, 1600455348.6495730877, 52.96532440185546875
1600455348.6615729332, 3.2429344654083251953, 1600455348.6805729866, 1.7570656538009643555, 1600455348.6805729866, 52.711971282958984375
1600455348.7255730629, 3.2323780059814453125, 1600455348.7445731163, 1.7676221132278442383, 1600455348.7445731163, 52.711971282958984375
1600455348.7565729618, 3.2323780059814453125, 1600455348.7755730152, 1.7676221132278442383, 1600455348.7755730152, 52.711971282958984375
1600455348.7875730991, 3.2323780059814453125, 1600455348.8075730801, 1.7676221132278442383, 1600455348.8075730801, 53.02866363525390625
1600455348.818572998, 3.1648168563842773438, 1600455348.838572979, 1.835183262825012207, 1600455348.838572979, 53.02866363525390625
1600455348.849572897, 3.097255706787109375, 1600455348.8695731163, 1.902744293212890625, 1600455348.8695731163, 53.02866363525390625
1600455348.8805730343, 3.097255706787109375, 1600455348.9005730152, 1.902744293212890625, 1600455348.9005730152, 53.02866363525390625
1600455348.9125730991, 3.097255706787109375, 1600455348.9315729141, 1.902744293212890625, 1600455348.9315729141, 57.08232879638671875
1600455348.9425730705, 3.1648168563842773438, 1600455348.9625730515, 1.835183262825012207, 1600455348.9625730515, 57.08232879638671875
1600455348.974572897, 3.1648168563842773438, 1600455348.9935729504, 1.835183262825012207, 1600455348.9935729504, 57.08232879638671875
1600455349.0055730343, 3.1648168563842773438, 1600455349.0245730877, 1.835183262825012207, 1600455349.0245730877, 57.08232879638671875
1600455349.0365729332, 3.1753733158111572266, 1600455349.0555729866, 1.8246268033981323242, 1600455349.0555729866, 54.738803863525390625
1600455349.0675730705, 3.2429344654083251953, 1600455349.0865731239, 1.7570656538009643555, 1600455349.0865731239, 54.738803863525390625
1600455349.0985729694, 3.2429344654083251953, 1600455349.1175730228, 1.7570656538009643555, 1600455349.1175730228, 54.738803863525390625
1600455349.1295731068, 3.3104953765869140625, 1600455349.1485729218, 1.6895045042037963867, 1600455349.1485729218, 54.738803863525390625
1600455349.1605730057, 3.3780565261840820313, 1600455349.1795730591, 1.621943354606628418, 1600455349.1795730591, 48.65830230712890625
1600455349.1915729046, 3.36750030517578125, 1600455349.210572958, 1.6324998140335083008, 1600455349.210572958, 48.65830230712890625
1600455349.2235729694, 3.2914938926696777344, 1600455349.2425730228, 1.7085061073303222656, 1600455349.2425730228, 48.65830230712890625
1600455349.2545731068, 3.2239327430725097656, 1600455349.2735729218, 1.7760672569274902344, 1600455349.2735729218, 48.65830230712890625
1600455349.2850439548, 3.2239327430725097656, 1600455349.3040440083, 1.7760672569274902344, 1600455349.3040440083, 53.282016754150390625
1600455349.3160438538, 3.1563715934753417969, 1600455349.3350439072, 1.8436284065246582031, 1600455349.3350439072, 53.282016754150390625
1600455349.3470439911, 3.1563715934753417969, 1600455349.3660438061, 1.8436284065246582031, 1600455349.3660438061, 53.282016754150390625
1600455349.37804389, 3.1563715934753417969, 1600455349.3970439434, 1.8436284065246582031, 1600455349.3970439434, 53.282016754150390625
1600455349.4090440273, 3.0888104438781738281, 1600455349.4280438423, 1.9111894369125366211, 1600455349.4280438423, 57.33568572998046875
1600455349.4400439262, 3.0888104438781738281, 1600455349.4590439796, 1.9111894369125366211, 1600455349.4590439796, 57.33568572998046875
1600455349.4710438251, 3.1563715934753417969, 1600455349.4900438786, 1.8436284065246582031, 1600455349.4900438786, 57.33568572998046875
1600455349.5020439625, 3.1669280529022216797, 1600455349.5220439434, 1.8330719470977783203, 1600455349.5220439434, 57.33568572998046875
1600455349.5330438614, 3.2429344654083251953, 1600455349.5530438423, 1.7570656538009643555, 1600455349.5530438423, 52.711971282958984375
1600455349.5640439987, 3.3104953765869140625, 1600455349.5840439796, 1.6895045042037963867, 1600455349.5840439796, 52.711971282958984375
1600455349.5950438976, 3.3104953765869140625, 1600455349.6150438786, 1.6895045042037963867, 1600455349.6150438786, 52.711971282958984375
1600455349.626044035, 3.3104953765869140625, 1600455349.6460440159, 1.6895045042037963867, 1600455349.6460440159, 52.711971282958984375
1600455349.6580438614, 3.3104953765869140625, 1600455349.6770439148, 1.6895045042037963867, 1600455349.6770439148, 50.6851348876953125
1600455349.6890439987, 3.3104953765869140625, 1600455349.7080438137, 1.6895045042037963867, 1600455349.7080438137, 50.6851348876953125
1600455349.7200438976, 3.3104953765869140625, 1600455349.739043951, 1.6895045042037963867, 1600455349.739043951, 50.6851348876953125
1600455349.751044035, 3.3104953765869140625, 1600455349.7700438499, 1.6895045042037963867, 1600455349.7700438499, 50.6851348876953125
1600455349.7820439339, 3.1753733158111572266, 1600455349.8010439873, 1.8246268033981323242, 1600455349.8010439873, 54.738803863525390625
1600455349.8130438328, 3.1753733158111572266, 1600455349.8320438862, 1.8246268033981323242, 1600455349.8320438862, 54.738803863525390625
1600455349.8440439701, 3.1753733158111572266, 1600455349.8630440235, 1.8246268033981323242, 1600455349.8630440235, 54.738803863525390625
1600455349.875043869, 3.1753733158111572266, 1600455349.8940439224, 1.8246268033981323242, 1600455349.8940439224, 54.738803863525390625
1600455349.9060440063, 3.1648168563842773438, 1600455349.9250438213, 1.835183262825012207, 1600455349.9250438213, 55.0554962158203125
1600455349.9370439053, 3.2323780059814453125, 1600455349.9560439587, 1.7676221132278442383, 1600455349.9560439587, 55.0554962158203125
1600455349.9680438042, 3.2323780059814453125, 1600455349.9870438576, 1.7676221132278442383, 1600455349.9870438576, 55.0554962158203125
1600455349.9990439415, 3.2323780059814453125, 1600455350.0180439949, 1.7676221132278442383, 1600455350.0180439949, 55.0554962158203125
1600455350.0300438404, 3.2999391555786132813, 1600455350.0490438938, 1.7000609636306762695, 1600455350.0490438938, 51.001827239990234375
1600455350.0610439777, 3.2323780059814453125, 1600455350.0800440311, 1.7676221132278442383, 1600455350.0800440311, 51.001827239990234375
1600455350.0920438766, 3.2999391555786132813, 1600455350.1110439301, 1.7000609636306762695, 1600455350.1110439301, 51.001827239990234375
1600455350.123044014, 3.2999391555786132813, 1600455350.142043829, 1.7000609636306762695, 1600455350.142043829, 51.001827239990234375
1600455350.1540439129, 3.2323780059814453125, 1600455350.1730439663, 1.7676221132278442383, 1600455350.1730439663, 53.02866363525390625
1600455350.1850438118, 3.2323780059814453125, 1600455350.2040438652, 1.7676221132278442383, 1600455350.2040438652, 53.02866363525390625
1600455350.2160439491, 3.2429344654083251953, 1600455350.2350440025, 1.7570656538009643555, 1600455350.2350440025, 53.02866363525390625
1600455350.247043848, 3.2429344654083251953, 1600455350.2660439014, 1.7570656538009643555, 1600455350.2660439014, 53.02866363525390625
1600455350.2780439854, 3.1753733158111572266, 1600455350.2970438004, 1.8246268033981323242, 1600455350.2970438004, 54.738803863525390625
1600455350.3090438843, 3.1753733158111572266, 1600455350.3280439377, 1.8246268033981323242, 1600455350.3280439377, 54.738803863525390625
1600455350.3400440216, 3.1753733158111572266, 1600455350.3590438366, -3.1753733158111572266, 1600455350.3590438366, 54.738803863525390625
1600455350.3710439205, 3.2429344654083251953, 1600455350.3900439739, -3.2429344654083251953, 1600455350.3900439739, 54.738803863525390625
1600455350.4020438194, 3.2429344654083251953, 1600455350.4210438728, -3.2429344654083251953, 1600455350.4210438728, -97.28803253173828125
1600455350.4330439568, 2.8375675678253173828, 1600455350.4520440102, -2.8375675678253173828, 1600455350.4520440102, -97.28803253173828125
1600455350.4640438557, 2.1619563102722167969, 1600455350.4830439091, -2.1619563102722167969, 1600455350.4830439091, -97.28803253173828125
1600455350.495043993, 1.2836614847183227539, 1600455350.514043808, -1.2836614847183227539, 1600455350.514043808, -97.28803253173828125
1600455350.5260438919, 0.40536680817604064941, 1600455350.5450439453, -0.40536680817604064941, 1600455350.5450439453, -12.161004066467285156
1600455350.5570440292, -0.33780565857887268066, 1600455350.5760438442, 0.33780565857887268066, 1600455350.5760438442, -12.161004066467285156
1600455350.5880439281, -0.74317246675491333008, 1600455350.6070439816, 0.74317246675491333008, 1600455350.6070439816, -12.161004066467285156
1600455350.623044014, -1.1408179998397827148, 1600455350.642043829, 1.1408179998397827148, 1600455350.642043829, -12.161004066467285156
1600455350.6540439129, -1.4786236286163330078, 1600455350.6730439663, 1.4786236286163330078, 1600455350.6730439663, 44.358707427978515625
1600455350.6850438118, -1.6813070774078369141, 1600455350.7040438652, 1.6813070774078369141, 1600455350.7040438652, 44.358707427978515625
1600455350.7160439491, -1.8164292573928833008, 1600455350.7350440025, 1.8164292573928833008, 1600455350.7350440025, 44.358707427978515625
1600455350.7800438404, -1.4870687723159790039, 1600455350.7990438938, 1.4870687723159790039, 1600455350.7990438938, 44.612064361572265625
1600455350.8110439777, -0.81145745515823364258, 1600455350.8300440311, 0.81145745515823364258, 1600455350.8300440311, 44.612064361572265625
1600455350.8420438766, -0.068285003304481506348, 1600455350.8610439301, 0.068285003304481506348, 1600455350.8610439301, 44.612064361572265625
1600455350.873044014, 0.74244856834411621094, 1600455350.892043829, -0.74244856834411621094, 1600455350.892043829, 44.612064361572265625
1600455350.9040439129, 1.4180599451065063477, 1600455350.9230439663, -1.4180599451065063477, 1600455350.9230439663, -42.541797637939453125
1600455350.9350438118, 1.5531821250915527344, 1600455350.9540438652, -1.5531821250915527344, 1600455350.9540438652, -42.541797637939453125
1600455350.9660439491, 1.4778997898101806641, 1600455350.9850440025, -1.4778997898101806641, 1600455350.9850440025, -42.541797637939453125
1600455350.997043848, 1.3427774906158447266, 1600455351.017043829, -1.3427774906158447266, 1600455351.017043829, -42.541797637939453125
1600455351.0280439854, 1.0049718618392944336, 1600455351.0480439663, -1.0049718618392944336, 1600455351.0480439663, -30.1491546630859375
1600455351.0590438843, 0.59960502386093139648, 1600455351.0790438652, -0.59960502386093139648, 1600455351.0790438652, -30.1491546630859375
1600455351.0900440216, 0.1351222693920135498, 1600455351.1100440025, -0.1351222693920135498, 1600455351.1100440025, -30.1491546630859375
1600455351.1210439205, -0.27024453878402709961, 1600455351.1410439014, 0.27024453878402709961, 1600455351.1410439014, -30.1491546630859375
1600455351.1530439854, -0.67561131715774536133, 1600455351.1720438004, 0.67561131715774536133, 1600455351.1720438004, 20.268339157104492188
1600455351.1840438843, -0.87829470634460449219, 1600455351.2030439377, 0.87829470634460449219, 1600455351.2030439377, 20.268339157104492188
1600455351.2140438557, -1.1485393047332763672, 1600455351.2340438366, 1.1485393047332763672, 1600455351.2340438366, 20.268339157104492188
1600455351.2460439205, -1.1485393047332763672, 1600455351.2650439739, 1.1485393047332763672, 1600455351.2650439739, 20.268339157104492188
1600455351.2770438194, -1.0134170055389404297, 1600455351.2960438728, 1.0134170055389404297, 1600455351.2960438728, 30.402509689331054688
1600455351.3080439568, -0.87829470634460449219, 1600455351.3270440102, 0.87829470634460449219, 1600455351.3270440102, 30.402509689331054688
1600455351.3390438557, -0.54048907756805419922, 1600455351.3580439091, 0.54048907756805419922, 1600455351.3580439091, 30.402509689331054688
1600455351.370043993, -0.20268340408802032471, 1600455351.389043808, 0.20268340408802032471, 1600455351.389043808, 30.402509689331054688
1600455351.4010438919, 0.13089969754219055176, 1600455351.4200439453, -0.13089969754219055176, 1600455351.4200439453, -3.9269907474517822266
1600455351.4320440292, 0.33358308672904968262, 1600455351.4510438442, -0.33358308672904968262, 1600455351.4510438442, -3.9269907474517822266
1600455351.4630439281, 0.53626650571823120117, 1600455351.4820439816, -0.53626650571823120117, 1600455351.4820439816, -3.9269907474517822266
1600455351.4940438271, 0.46870535612106323242, 1600455351.5130438805, -0.46870535612106323242, 1600455351.5130438805, -3.9269907474517822266
1600455351.5250439644, 0.46870535612106323242, 1600455351.5440440178, -0.46870535612106323242, 1600455351.5440440178, -14.061161041259765625
1600455351.5560438633, 0.46870535612106323242, 1600455351.5750439167, -0.46870535612106323242, 1600455351.5750439167, -14.061161041259765625
1600455351.5870440006, 0.46870535612106323242, 1600455351.6060438156, -0.46870535612106323242, 1600455351.6060438156, -14.061161041259765625
1600455351.6180438995, 0.46870535612106323242, 1600455351.6370439529, -0.46870535612106323242, 1600455351.6370439529, -14.061161041259765625
1600455351.6490440369, 0.33358308672904968262, 1600455351.6680438519, -0.33358308672904968262, 1600455351.6680438519, -10.007493019104003906
1600455351.6800439358, 0.19846083223819732666, 1600455351.6990439892, -0.19846083223819732666, 1600455351.6990439892, -10.007493019104003906
1600455351.7110438347, 0.067561134696006774902, 1600455351.7300438881, -0.067561134696006774902, 1600455351.7300438881, -10.007493019104003906
1600455351.7430438995, 7.1720405696719218003e-15, 1600455351.7630438805, -7.1720405696719218003e-15, 1600455351.7630438805, -10.007493019104003906
1600455351.775701046, 7.1720405696719218003e-15, 1600455351.7947010994, -7.1720405696719218003e-15, 1600455351.7947010994, -2.1516122217235533753e-13
1600455351.8057010174, 7.1720405696719218003e-15, 1600455351.8257009983, -7.1720405696719218003e-15, 1600455351.8257009983, -2.1516122217235533753e-13
1600455351.8367009163, 7.1720405696719218003e-15, 1600455351.8567008972, -7.1720405696719218003e-15, 1600455351.8567008972, -2.1516122217235533753e-13
1600455351.8677010536, 7.1720405696719218003e-15, 1600455351.8877010345, -7.1720405696719218003e-15, 1600455351.8877010345, -2.1516122217235533753e-13
1600455351.8997008801, 7.1720405696719218003e-15, 1600455351.9187009335, -7.1720405696719218003e-15, 1600455351.9187009335, -2.1516122217235533753e-13
1600455351.9297010899, 7.1720405696719218003e-15, 1600455351.9497010708, -7.1720405696719218003e-15, 1600455351.9497010708, -2.1516122217235533753e-13
1600455351.9617009163, 7.1720405696719218003e-15, 1600455351.9807009697, -7.1720405696719218003e-15, 1600455351.9807009697, -2.1516122217235533753e-13
1600455351.9927010536, 7.1720405696719218003e-15, 1600455352.0117008686, -7.1720405696719218003e-15, 1600455352.0117008686, -2.1516122217235533753e-13
1600455352.0237009525, 7.1720405696719218003e-15, 1600455352.0427010059, -7.1720405696719218003e-15, 1600455352.0427010059, -2.1516122217235533753e-13
1600455352.0547010899, 7.1720405696719218003e-15, 1600455352.0737009048, -7.1720405696719218003e-15, 1600455352.0737009048, -2.1516122217235533753e-13
1600455352.0857009888, 7.1720405696719218003e-15, 1600455352.1047010422, -7.1720405696719218003e-15, 1600455352.1047010422, -2.1516122217235533753e-13
1600455352.1167008877, 7.1720405696719218003e-15, 1600455352.1357009411, -7.1720405696719218003e-15, 1600455352.1357009411, -2.1516122217235533753e-13
1600455352.147701025, 7.1720405696719218003e-15, 1600455352.1667010784, -7.1720405696719218003e-15, 1600455352.1667010784, -2.1516122217235533753e-13
1600455352.1787009239, 7.1720405696719218003e-15, 1600455352.1977009773, -7.1720405696719218003e-15, 1600455352.1977009773, -2.1516122217235533753e-13
1600455352.2097010612, 7.1720405696719218003e-15, 1600455352.2287008762, -7.1720405696719218003e-15, 1600455352.2287008762, -2.1516122217235533753e-13
1600455352.2407009602, 7.1720405696719218003e-15, 1600455352.2597010136, -7.1720405696719218003e-15, 1600455352.2597010136, -2.1516122217235533753e-13
1600455352.2717010975, 7.1720405696719218003e-15, 1600455352.2907009125, -7.1720405696719218003e-15, 1600455352.2907009125, -2.1516122217235533753e-13
1600455352.3027009964, 7.1720405696719218003e-15, 1600455352.3217010498, -7.1720405696719218003e-15, 1600455352.3217010498, -2.1516122217235533753e-13
1600455352.3337008953, 7.1720405696719218003e-15, 1600455352.3527009487, -7.1720405696719218003e-15, 1600455352.3527009487, -2.1516122217235533753e-13
1600455352.3647010326, 7.1720405696719218003e-15, 1600455352.383701086, -7.1720405696719218003e-15, 1600455352.383701086, -2.1516122217235533753e-13
1600455352.3957009315, 7.1720405696719218003e-15, 1600455352.414700985, -7.1720405696719218003e-15, 1600455352.414700985, -2.1516122217235533753e-13
1600455352.4267010689, 7.1720405696719218003e-15, 1600455352.4457008839, -7.1720405696719218003e-15, 1600455352.4457008839, -2.1516122217235533753e-13
1600455352.4577009678, 7.1720405696719218003e-15, 1600455352.4767010212, -7.1720405696719218003e-15, 1600455352.4767010212, -2.1516122217235533753e-13
1600455352.4887008667, 7.1720405696719218003e-15, 1600455352.5077009201, -7.1720405696719218003e-15, 1600455352.5077009201, -2.1516122217235533753e-13
1600455352.519701004, 7.1720405696719218003e-15, 1600455352.5387010574, -7.1720405696719218003e-15, 1600455352.5387010574, -2.1516122217235533753e-13
1600455352.5507009029, 7.1720405696719218003e-15, 1600455352.5697009563, -7.1720405696719218003e-15, 1600455352.5697009563, -2.1516122217235533753e-13
1600455352.5817010403, 7.1720405696719218003e-15, 1600455352.6007010937, -7.1720405696719218003e-15, 1600455352.6007010937, -2.1516122217235533753e-13
1600455352.6127009392, 7.1720405696719218003e-15, 1600455352.6317009926, -7.1720405696719218003e-15, 1600455352.6317009926, -2.1516122217235533753e-13
1600455352.6437010765, 7.1720405696719218003e-15, 1600455352.6627008915, -7.1720405696719218003e-15, 1600455352.6627008915, -2.1516122217235533753e-13
1600455352.6747009754, 7.1720405696719218003e-15, 1600455352.6937010288, -7.1720405696719218003e-15, 1600455352.6937010288, -2.1516122217235533753e-13
1600455352.7057008743, 7.1720405696719218003e-15, 1600455352.7247009277, -7.1720405696719218003e-15, 1600455352.7247009277, -2.1516122217235533753e-13
1600455352.7367010117, 7.1720405696719218003e-15, 1600455352.7557010651, -7.1720405696719218003e-15, 1600455352.7557010651, -2.1516122217235533753e-13
1600455352.7677009106, 7.1720405696719218003e-15, 1600455352.786700964, -7.1720405696719218003e-15, 1600455352.786700964, -2.1516122217235533753e-13
1600455352.8327009678, 7.1720405696719218003e-15, 1600455352.8517010212, -7.1720405696719218003e-15, 1600455352.8517010212, -2.1516122217235533753e-13
1600455352.8637008667, 7.1720405696719218003e-15, 1600455352.8827009201, -7.1720405696719218003e-15, 1600455352.8827009201, -2.1516122217235533753e-13
1600455352.894701004, 7.1720405696719218003e-15, 1600455352.9137010574, -7.1720405696719218003e-15, 1600455352.9137010574, -2.1516122217235533753e-13
1600455352.9257009029, 7.1720405696719218003e-15, 1600455352.9447009563, -7.1720405696719218003e-15, 1600455352.9447009563, -2.1516122217235533753e-13
1600455352.9567010403, 7.1720405696719218003e-15, 1600455352.9757010937, -7.1720405696719218003e-15, 1600455352.9757010937, -2.1516122217235533753e-13
1600455352.9877009392, 7.1720405696719218003e-15, 1600455353.0067009926, -7.1720405696719218003e-15, 1600455353.0067009926, -2.1516122217235533753e-13
1600455353.0187010765, 7.1720405696719218003e-15, 1600455353.0377008915, -7.1720405696719218003e-15, 1600455353.0377008915, -2.1516122217235533753e-13
1600455353.0497009754, 7.1720405696719218003e-15, 1600455353.0687010288, -7.1720405696719218003e-15, 1600455353.0687010288, -2.1516122217235533753e-13
1600455353.0807008743, 7.1720405696719218003e-15, 1600455353.0997009277, -7.1720405696719218003e-15, 1600455353.0997009277, -2.1516122217235533753e-13
1600455353.1117010117, 7.1720405696719218003e-15, 1600455353.1307010651, -7.1720405696719218003e-15, 1600455353.1307010651, -2.1516122217235533753e-13
1600455353.1427009106, 7.1720405696719218003e-15, 1600455353.161700964, -7.1720405696719218003e-15, 1600455353.161700964, -2.1516122217235533753e-13
1600455353.1737010479, 7.1720405696719218003e-15, 1600455353.1927008629, -7.1720405696719218003e-15, 1600455353.1927008629, -2.1516122217235533753e-13
1600455353.2047009468, 7.1720405696719218003e-15, 1600455353.2237010002, -7.1720405696719218003e-15, 1600455353.2237010002, -2.1516122217235533753e-13
1600455353.2357010841, 7.1720405696719218003e-15, 1600455353.2547008991, -7.1720405696719218003e-15, 1600455353.2547008991, -2.1516122217235533753e-13
1600455353.266700983, 7.1720405696719218003e-15, 1600455353.2857010365, -7.1720405696719218003e-15, 1600455353.2857010365, -2.1516122217235533753e-13
1600455353.297700882, 7.1720405696719218003e-15, 1600455353.3167009354, -7.1720405696719218003e-15, 1600455353.3167009354, -2.1516122217235533753e-13
1600455353.3287010193, 7.1720405696719218003e-15, 1600455353.3477010727, -7.1720405696719218003e-15, 1600455353.3477010727, -2.1516122217235533753e-13
1600455353.3597009182, 7.1720405696719218003e-15, 1600455353.3787009716, -7.1720405696719218003e-15, 1600455353.3787009716, -2.1516122217235533753e-13
1600455353.3907010555, 7.1720405696719218003e-15, 1600455353.4097008705, -7.1720405696719218003e-15, 1600455353.4097008705, -2.1516122217235533753e-13
1600455353.4217009544, 7.1720405696719218003e-15, 1600455353.4407010078, -7.1720405696719218003e-15, 1600455353.4407010078, -2.1516122217235533753e-13
1600455353.4527010918, 7.1720405696719218003e-15, 1600455353.4717009068, -7.1720405696719218003e-15, 1600455353.4717009068, -2.1516122217235533753e-13
1600455353.4837009907, 7.1720405696719218003e-15, 1600455353.5027010441, -7.1720405696719218003e-15, 1600455353.5027010441, -2.1516122217235533753e-13
1600455353.5147008896, 7.1720405696719218003e-15, 1600455353.533700943, -7.1720405696719218003e-15, 1600455353.533700943, -2.1516122217235533753e-13
1600455353.5457010269, 7.1720405696719218003e-15, 1600455353.5647010803, -7.1720405696719218003e-15, 1600455353.5647010803, -2.1516122217235533753e-13
1600455353.5767009258, 7.1720405696719218003e-15, 1600455353.5957009792, -7.1720405696719218003e-15, 1600455353.5957009792, -2.1516122217235533753e-13
1600455353.6077010632, 7.1720405696719218003e-15, 1600455353.6267008781, -7.1720405696719218003e-15, 1600455353.6267008781, -2.1516122217235533753e-13
1600455353.6387009621, 7.1720405696719218003e-15, 1600455353.6577010155, -7.1720405696719218003e-15, 1600455353.6577010155, -2.1516122217235533753e-13
1600455353.6697010994, 7.1720405696719218003e-15, 1600455353.6887009144, -7.1720405696719218003e-15, 1600455353.6887009144, -2.1516122217235533753e-13
1600455353.7007009983, 7.1720405696719218003e-15, 1600455353.7197010517, -7.1720405696719218003e-15, 1600455353.7197010517, -2.1516122217235533753e-13
1600455353.7317008972, 7.1720405696719218003e-15, 1600455353.7507009506, -7.1720405696719218003e-15, 1600455353.7507009506, -2.1516122217235533753e-13
1600455353.7627010345, 7.1720405696719218003e-15, 1600455353.7827010155, -7.1720405696719218003e-15, 1600455353.7827010155, -2.1516122217235533753e-13
1600455353.7937009335, 7.1720405696719218003e-15, 1600455353.8137009144, -7.1720405696719218003e-15, 1600455353.8137009144, -2.1516122217235533753e-13
1600455353.8247010708, 7.1720405696719218003e-15, 1600455353.8447010517, -7.1720405696719218003e-15, 1600455353.8447010517, -2.1516122217235533753e-13
1600455353.8557009697, 7.1720405696719218003e-15, 1600455353.8757009506, -7.1720405696719218003e-15, 1600455353.8757009506, -2.1516122217235533753e-13
1600455353.8877010345, 7.1720405696719218003e-15, 1600455353.906701088, -7.1720405696719218003e-15, 1600455353.906701088, -2.1516122217235533753e-13
1600455353.9177010059, 7.1720405696719218003e-15, 1600455353.9377009869, -7.1720405696719218003e-15, 1600455353.9377009869, -2.1516122217235533753e-13
1600455353.9487009048, 7.1720405696719218003e-15, 1600455353.9687008858, -7.1720405696719218003e-15, 1600455353.9687008858, -2.1516122217235533753e-13
1600455353.9807009697, 7.1720405696719218003e-15, 1600455353.9997010231, -7.1720405696719218003e-15, 1600455353.9997010231, -2.1516122217235533753e-13
1600455354.0117008686, 7.1720405696719218003e-15, 1600455354.030700922, -7.1720405696719218003e-15, 1600455354.030700922, -2.1516122217235533753e-13
1600455354.0427010059, 7.1720405696719218003e-15, 1600455354.0617010593, -7.1720405696719218003e-15, 1600455354.0617010593, -2.1516122217235533753e-13
1600455354.0737009048, 7.1720405696719218003e-15, 1600455354.0927009583, -7.1720405696719218003e-15, 1600455354.0927009583, -2.1516122217235533753e-13
1600455354.1047010422, 7.1720405696719218003e-15, 1600455354.1237010956, -7.1720405696719218003e-15, 1600455354.1237010956, -2.1516122217235533753e-13
1600455354.1357009411, 7.1720405696719218003e-15, 1600455354.1547009945, -7.1720405696719218003e-15, 1600455354.1547009945, -2.1516122217235533753e-13
1600455354.1667010784, 7.1720405696719218003e-15, 1600455354.1857008934, -7.1720405696719218003e-15, 1600455354.1857008934, -2.1516122217235533753e-13
1600455354.1977009773, 7.1720405696719218003e-15, 1600455354.2167010307, -7.1720405696719218003e-15, 1600455354.2167010307, -2.1516122217235533753e-13
1600455354.2287008762, 7.1720405696719218003e-15, 1600455354.2477009296, -7.1720405696719218003e-15, 1600455354.2477009296, -2.1516122217235533753e-13
1600455354.2607009411, 7.1720405696719218003e-15, 1600455354.2797009945, -7.1720405696719218003e-15, 1600455354.2797009945, -2.1516122217235533753e-13
1600455354.2917010784, 7.1720405696719218003e-15, 1600455354.3107008934, -7.1720405696719218003e-15, 1600455354.3107008934, -2.1516122217235533753e-13
1600455354.3215990067, 7.1720405696719218003e-15, 1600455354.3405990601, -7.1720405696719218003e-15, 1600455354.3405990601, -2.1516122217235533753e-13
1600455354.3525989056, 7.1720405696719218003e-15, 1600455354.371598959, -7.1720405696719218003e-15, 1600455354.371598959, -2.1516122217235533753e-13
1600455354.3835990429, 7.1720405696719218003e-15, 1600455354.4025988579, -7.1720405696719218003e-15, 1600455354.4025988579, -2.1516122217235533753e-13
1600455354.4145989418, 7.1720405696719218003e-15, 1600455354.4335989952, -7.1720405696719218003e-15, 1600455354.4335989952, -2.1516122217235533753e-13
1600455354.4455990791, 7.1720405696719218003e-15, 1600455354.4645988941, -7.1720405696719218003e-15, 1600455354.4645988941, -2.1516122217235533753e-13
1600455354.476598978, 7.1720405696719218003e-15, 1600455354.496598959, -7.1720405696719218003e-15, 1600455354.496598959, -2.1516122217235533753e-13
1600455354.507598877, 7.1720405696719218003e-15, 1600455354.5275988579, -7.1720405696719218003e-15, 1600455354.5275988579, -2.1516122217235533753e-13
1600455354.5385990143, 7.1720405696719218003e-15, 1600455354.5585989952, -7.1720405696719218003e-15, 1600455354.5585989952, -2.1516122217235533753e-13
1600455354.5695989132, 7.1720405696719218003e-15, 1600455354.5895988941, -7.1720405696719218003e-15, 1600455354.5895988941, -2.1516122217235533753e-13
1600455354.6005990505, 7.1720405696719218003e-15, 1600455354.6205990314, -7.1720405696719218003e-15, 1600455354.6205990314, -2.1516122217235533753e-13
1600455354.632598877, 7.1720405696719218003e-15, 1600455354.6515989304, -7.1720405696719218003e-15, 1600455354.6515989304, -2.1516122217235533753e-13
1600455354.6625990868, 7.1720405696719218003e-15, 1600455354.6825990677, -7.1720405696719218003e-15, 1600455354.6825990677, -2.1516122217235533753e-13
1600455354.6945989132, 7.1720405696719218003e-15, 1600455354.7135989666, -7.1720405696719218003e-15, 1600455354.7135989666, -2.1516122217235533753e-13
1600455354.7255990505, 7.1720405696719218003e-15, 1600455354.7445988655, -7.1720405696719218003e-15, 1600455354.7445988655, -2.1516122217235533753e-13
1600455354.7565989494, 7.1720405696719218003e-15, 1600455354.7755990028, -7.1720405696719218003e-15, 1600455354.7755990028, -2.1516122217235533753e-13
1600455354.7875990868, 7.1720405696719218003e-15, 1600455354.8065989017, -7.1720405696719218003e-15, 1600455354.8065989017, -2.1516122217235533753e-13
1600455354.8185989857, 7.1720405696719218003e-15, 1600455354.8375990391, -7.1720405696719218003e-15, 1600455354.8375990391, -2.1516122217235533753e-13
1600455354.882598877, 7.1720405696719218003e-15, 1600455354.9015989304, -7.1720405696719218003e-15, 1600455354.9015989304, -2.1516122217235533753e-13
1600455354.9135990143, 7.1720405696719218003e-15, 1600455354.9325990677, -7.1720405696719218003e-15, 1600455354.9325990677, -2.1516122217235533753e-13
1600455354.9445989132, 7.1720405696719218003e-15, 1600455354.9635989666, -7.1720405696719218003e-15, 1600455354.9635989666, -2.1516122217235533753e-13
1600455354.9755990505, 7.1720405696719218003e-15, 1600455354.9945988655, -7.1720405696719218003e-15, 1600455354.9945988655, -2.1516122217235533753e-13
1600455355.0065989494, 7.1720405696719218003e-15, 1600455355.0255990028, -7.1720405696719218003e-15, 1600455355.0255990028, -2.1516122217235533753e-13
1600455355.0375990868, 7.1720405696719218003e-15, 1600455355.0565989017, -7.1720405696719218003e-15, 1600455355.0565989017, -2.1516122217235533753e-13
1600455355.0685989857, 7.1720405696719218003e-15, 1600455355.0875990391, -7.1720405696719218003e-15, 1600455355.0875990391, -2.1516122217235533753e-13
1600455355.0995988846, 7.1720405696719218003e-15, 1600455355.118598938, -7.1720405696719218003e-15, 1600455355.118598938, -2.1516122217235533753e-13
1600455355.1305990219, 7.1720405696719218003e-15, 1600455355.1495990753, -7.1720405696719218003e-15, 1600455355.1495990753, -2.1516122217235533753e-13
1600455355.1615989208, 7.1720405696719218003e-15, 1600455355.1805989742, -7.1720405696719218003e-15, 1600455355.1805989742, -2.1516122217235533753e-13
1600455355.1925990582, 7.1720405696719218003e-15, 1600455355.2115988731, -7.1720405696719218003e-15, 1600455355.2115988731, -2.1516122217235533753e-13
1600455355.2235989571, 7.1720405696719218003e-15, 1600455355.2425990105, -7.1720405696719218003e-15, 1600455355.2425990105, -2.1516122217235533753e-13
1600455355.254598856, 7.1720405696719218003e-15, 1600455355.2735989094, -7.1720405696719218003e-15, 1600455355.2735989094, -2.1516122217235533753e-13
1600455355.2855989933, 7.1720405696719218003e-15, 1600455355.3045990467, -7.1720405696719218003e-15, 1600455355.3045990467, -2.1516122217235533753e-13
1600455355.3165988922, 7.1720405696719218003e-15, 1600455355.3355989456, -7.1720405696719218003e-15, 1600455355.3355989456, -2.1516122217235533753e-13
1600455355.3475990295, 7.1720405696719218003e-15, 1600455355.3675990105, -7.1720405696719218003e-15, 1600455355.3675990105, -2.1516122217235533753e-13
1600455355.3785989285, 7.1720405696719218003e-15, 1600455355.3985989094, -7.1720405696719218003e-15, 1600455355.3985989094, -2.1516122217235533753e-13
1600455355.4095990658, 7.1720405696719218003e-15, 1600455355.4295990467, -7.1720405696719218003e-15, 1600455355.4295990467, -2.1516122217235533753e-13
1600455355.4405989647, 7.1720405696719218003e-15, 1600455355.4605989456, -7.1720405696719218003e-15, 1600455355.4605989456, -2.1516122217235533753e-13
1600455355.4715988636, 7.1720405696719218003e-15, 1600455355.4915990829, -7.1720405696719218003e-15, 1600455355.4915990829, -2.1516122217235533753e-13
1600455355.5035989285, 7.1720405696719218003e-15, 1600455355.5225989819, -7.1720405696719218003e-15, 1600455355.5225989819, -2.1516122217235533753e-13
1600455355.5335988998, 7.1720405696719218003e-15, 1600455355.5535988808, -7.1720405696719218003e-15, 1600455355.5535988808, -2.1516122217235533753e-13
1600455355.5655989647, 7.1720405696719218003e-15, 1600455355.5845990181, -7.1720405696719218003e-15, 1600455355.5845990181, -2.1516122217235533753e-13
1600455355.5965988636, 7.1720405696719218003e-15, 1600455355.615598917, -7.1720405696719218003e-15, 1600455355.615598917, -2.1516122217235533753e-13
1600455355.6305990219, 7.1720405696719218003e-15, 1600455355.6495990753, -7.1720405696719218003e-15, 1600455355.6495990753, -2.1516122217235533753e-13
1600455355.6615989208, 7.1720405696719218003e-15, 1600455355.6805989742, -7.1720405696719218003e-15, 1600455355.6805989742, -2.1516122217235533753e-13
1600455355.6925990582, 7.1720405696719218003e-15, 1600455355.7115988731, -7.1720405696719218003e-15, 1600455355.7115988731, -2.1516122217235533753e-13
1600455355.7235989571, 7.1720405696719218003e-15, 1600455355.7425990105, -7.1720405696719218003e-15, 1600455355.7425990105, -2.1516122217235533753e-13
1600455355.754598856, 7.1720405696719218003e-15, 1600455355.7735989094, -7.1720405696719218003e-15, 1600455355.7735989094, -2.1516122217235533753e-13
1600455355.7855989933, 7.1720405696719218003e-15, 1600455355.8045990467, -7.1720405696719218003e-15, 1600455355.8045990467, -2.1516122217235533753e-13
1600455355.8165988922, 7.1720405696719218003e-15, 1600455355.8355989456, -7.1720405696719218003e-15, 1600455355.8355989456, -2.1516122217235533753e-13
1600455355.8475990295, 7.1720405696719218003e-15, 1600455355.8665990829, -7.1720405696719218003e-15, 1600455355.8665990829, -2.1516122217235533753e-13
1600455355.8785989285, 7.1720405696719218003e-15, 1600455355.8975989819, -7.1720405696719218003e-15, 1600455355.8975989819, -2.1516122217235533753e-13
1600455355.9095990658, 7.1720405696719218003e-15, 1600455355.9285988808, -7.1720405696719218003e-15, 1600455355.9285988808, -2.1516122217235533753e-13
1600455355.9405989647, 7.1720405696719218003e-15, 1600455355.9595990181, -7.1720405696719218003e-15, 1600455355.9595990181, -2.1516122217235533753e-13
1600455355.9715988636, 7.1720405696719218003e-15, 1600455355.9915990829, -7.1720405696719218003e-15, 1600455355.9915990829, -2.1516122217235533753e-13
1600455356.0025990009, 7.1720405696719218003e-15, 1600455356.0225989819, -7.1720405696719218003e-15, 1600455356.0225989819, -2.1516122217235533753e-13
1600455356.0335988998, 7.1720405696719218003e-15, 1600455356.0535988808, -7.1720405696719218003e-15, 1600455356.0535988808, -2.1516122217235533753e-13
1600455356.0645990372, 7.1720405696719218003e-15, 1600455356.0845990181, -7.1720405696719218003e-15, 1600455356.0845990181, -2.1516122217235533753e-13
1600455356.0955989361, 7.1720405696719218003e-15, 1600455356.115598917, -7.1720405696719218003e-15, 1600455356.115598917, -2.1516122217235533753e-13
