# /joint_state/header/stamp, /joint_state/velocity/0, /pid_left_state/header/stamp, /pid_left_state/error, /pid_left_state/header/stamp, /pid_left_state/output
1600455182.7673640251, 2.2204460492503130808e-16, 1600455182.787364006, -2.2204460492503130808e-16, 1600455182.787364006, -4.4408920985006261617e-15
1600455182.7993638515, 2.2204460492503130808e-16, 1600455182.818363905, -2.2204460492503130808e-16, 1600455182.818363905, -4.4408920985006261617e-15
1600455182.8303639889, 2.2204460492503130808e-16, 1600455182.8493640423, -2.2204460492503130808e-16, 1600455182.8493640423, -4.4408920985006261617e-15
1600455182.8613638878, 2.2204460492503130808e-16, 1600455182.8803639412, -2.2204460492503130808e-16, 1600455182.8803639412, -4.4408920985006261617e-15
1600455182.8923640251, 2.2204460492503130808e-16, 1600455182.9113638401, -2.2204460492503130808e-16, 1600455182.9113638401, -4.4408920985006261617e-15
1600455182.923363924, 2.2204460492503130808e-16, 1600455182.9423639774, -2.2204460492503130808e-16, 1600455182.9423639774, -4.4408920985006261617e-15
1600455182.9543638229, 2.2204460492503130808e-16, 1600455182.9733638763, -2.2204460492503130808e-16, 1600455182.9733638763, -4.4408920985006261617e-15
1600455182.9863638878, 2.2204460492503130808e-16, 1600455183.0053639412, -2.2204460492503130808e-16, 1600455183.0053639412, -4.4408920985006261617e-15
1600455183.0169029236, 2.2204460492503130808e-16, 1600455183.035902977, -2.2204460492503130808e-16, 1600455183.035902977, -4.4408920985006261617e-15
1600455183.0479030609, 2.2204460492503130808e-16, 1600455183.0669031143, -2.2204460492503130808e-16, 1600455183.0669031143, -4.4408920985006261617e-15
1600455183.0789029598, 2.2204460492503130808e-16, 1600455183.0979030132, -2.2204460492503130808e-16, 1600455183.0979030132, -4.4408920985006261617e-15
1600455183.1099030972, 2.2204460492503130808e-16, 1600455183.1289029121, -2.2204460492503130808e-16, 1600455183.1289029121, -4.4408920985006261617e-15
1600455183.1409029961, 2.2204460492503130808e-16, 1600455183.1599030495, -2.2204460492503130808e-16, 1600455183.1599030495, -4.4408920985006261617e-15
1600455183.1719031334, 2.2204460492503130808e-16, 1600455183.1909029484, -2.2204460492503130808e-16, 1600455183.1909029484, -4.4408920985006261617e-15
1600455183.2029030323, 2.2204460492503130808e-16, 1600455183.2219030857, -2.2204460492503130808e-16, 1600455183.2219030857, -4.4408920985006261617e-15
1600455183.2339029312, 2.2204460492503130808e-16, 1600455183.2529029846, -2.2204460492503130808e-16, 1600455183.2529029846, -4.4408920985006261617e-15
1600455183.2649030685, 2.2204460492503130808e-16, 1600455183.2849030495, -2.2204460492503130808e-16, 1600455183.2849030495, -4.4408920985006261617e-15
1600455183.2959029675, 2.2204460492503130808e-16, 1600455183.3159029484, -2.2204460492503130808e-16, 1600455183.3159029484, -4.4408920985006261617e-15
1600455183.3269031048, 2.2204460492503130808e-16, 1600455183.3469030857, -2.2204460492503130808e-16, 1600455183.3469030857, -4.4408920985006261617e-15
1600455183.3579030037, 2.2204460492503130808e-16, 1600455183.3779029846, -2.2204460492503130808e-16, 1600455183.3779029846, -4.4408920985006261617e-15
1600455183.388903141, 2.2204460492503130808e-16, 1600455183.4089031219, -2.2204460492503130808e-16, 1600455183.4089031219, -4.4408920985006261617e-15
1600455183.4199030399, 2.2204460492503130808e-16, 1600455183.4399030209, -2.2204460492503130808e-16, 1600455183.4399030209, -4.4408920985006261617e-15
1600455183.4509029388, 2.2204460492503130808e-16, 1600455183.4709029198, -2.2204460492503130808e-16, 1600455183.4709029198, -4.4408920985006261617e-15
1600455183.4829030037, 2.2204460492503130808e-16, 1600455183.5019030571, -2.2204460492503130808e-16, 1600455183.5019030571, -4.4408920985006261617e-15
1600455183.513903141, 2.2204460492503130808e-16, 1600455183.532902956, -2.2204460492503130808e-16, 1600455183.532902956, -4.4408920985006261617e-15
1600455183.5449030399, 2.2204460492503130808e-16, 1600455183.5639030933, -2.2204460492503130808e-16, 1600455183.5639030933, -4.4408920985006261617e-15
1600455183.5759029388, 2.2204460492503130808e-16, 1600455183.5949029922, -2.2204460492503130808e-16, 1600455183.5949029922, -4.4408920985006261617e-15
1600455183.6069030762, 2.2204460492503130808e-16, 1600455183.6259031296, -2.2204460492503130808e-16, 1600455183.6259031296, -4.4408920985006261617e-15
1600455183.6379029751, 2.2204460492503130808e-16, 1600455183.6569030285, -2.2204460492503130808e-16, 1600455183.6569030285, -4.4408920985006261617e-15
1600455183.6689031124, 2.2204460492503130808e-16, 1600455183.6879029274, -2.2204460492503130808e-16, 1600455183.6879029274, -4.4408920985006261617e-15
1600455183.6999030113, 2.2204460492503130808e-16, 1600455183.7189030647, -2.2204460492503130808e-16, 1600455183.7189030647, -4.4408920985006261617e-15
1600455183.7309029102, 2.2204460492503130808e-16, 1600455183.7499029636, -2.2204460492503130808e-16, 1600455183.7499029636, -4.4408920985006261617e-15
1600455183.7619030476, 2.2204460492503130808e-16, 1600455183.780903101, -2.2204460492503130808e-16, 1600455183.780903101, -4.4408920985006261617e-15
1600455183.7929029465, 2.2204460492503130808e-16, 1600455183.8119029999, -2.2204460492503130808e-16, 1600455183.8119029999, -4.4408920985006261617e-15
1600455183.8239030838, 2.2204460492503130808e-16, 1600455183.8429031372, -2.2204460492503130808e-16, 1600455183.8429031372, -4.4408920985006261617e-15
1600455183.8549029827, 2.2204460492503130808e-16, 1600455183.8739030361, -2.2204460492503130808e-16, 1600455183.8739030361, -4.4408920985006261617e-15
1600455183.88590312, 2.2204460492503130808e-16, 1600455183.904902935, -2.2204460492503130808e-16, 1600455183.904902935, -4.4408920985006261617e-15
1600455183.916903019, 2.2204460492503130808e-16, 1600455183.9359030724, -2.2204460492503130808e-16, 1600455183.9359030724, -4.4408920985006261617e-15
1600455183.9479029179, 2.2204460492503130808e-16, 1600455183.9669029713, -2.2204460492503130808e-16, 1600455183.9669029713, -4.4408920985006261617e-15
1600455183.9789030552, 2.2204460492503130808e-16, 1600455183.9979031086, -2.2204460492503130808e-16, 1600455183.9979031086, -4.4408920985006261617e-15
1600455184.0099029541, 2.2204460492503130808e-16, 1600455184.0289030075, -2.2204460492503130808e-16, 1600455184.0289030075, -4.4408920985006261617e-15
1600455184.0409030914, 2.2204460492503130808e-16, 1600455184.0599029064, -2.2204460492503130808e-16, 1600455184.0599029064, -4.4408920985006261617e-15
1600455184.0719029903, 2.2204460492503130808e-16, 1600455184.0909030437, -2.2204460492503130808e-16, 1600455184.0909030437, -4.4408920985006261617e-15
1600455184.1029031277, 2.2204460492503130808e-16, 1600455184.1219029427, -2.2204460492503130808e-16, 1600455184.1219029427, -4.4408920985006261617e-15
1600455184.1339030266, 2.2204460492503130808e-16, 1600455184.15290308, -2.2204460492503130808e-16, 1600455184.15290308, -4.4408920985006261617e-15
1600455184.1649029255, 2.2204460492503130808e-16, 1600455184.1839029789, -2.2204460492503130808e-16, 1600455184.1839029789, -4.4408920985006261617e-15
1600455184.1959030628, 2.2204460492503130808e-16, 1600455184.2149031162, -2.2204460492503130808e-16, 1600455184.2149031162, -4.4408920985006261617e-15
1600455184.2269029617, 2.2204460492503130808e-16, 1600455184.2459030151, -2.2204460492503130808e-16, 1600455184.2459030151, -4.4408920985006261617e-15
1600455184.2579030991, 2.2204460492503130808e-16, 1600455184.276902914, -2.2204460492503130808e-16, 1600455184.276902914, -4.4408920985006261617e-15
1600455184.288902998, 2.2204460492503130808e-16, 1600455184.3079030514, -2.2204460492503130808e-16, 1600455184.3079030514, -4.4408920985006261617e-15
1600455184.3199031353, 2.2204460492503130808e-16, 1600455184.3389029503, -2.2204460492503130808e-16, 1600455184.3389029503, -4.4408920985006261617e-15
1600455184.3509030342, 2.2204460492503130808e-16, 1600455184.3699030876, -2.2204460492503130808e-16, 1600455184.3699030876, -4.4408920985006261617e-15
1600455184.3819029331, 2.2204460492503130808e-16, 1600455184.4009029865, -2.2204460492503130808e-16, 1600455184.4009029865, -4.4408920985006261617e-15
1600455184.4129030704, 2.2204460492503130808e-16, 1600455184.4319031239, -2.2204460492503130808e-16, 1600455184.4319031239, -4.4408920985006261617e-15
1600455184.4439029694, 2.2204460492503130808e-16, 1600455184.4639029503, -2.2204460492503130808e-16, 1600455184.4639029503, -4.4408920985006261617e-15
1600455184.4749031067, 2.2204460492503130808e-16, 1600455184.4949030876, -2.2204460492503130808e-16, 1600455184.4949030876, -4.4408920985006261617e-15
1600455184.5399029255, 2.2204460492503130808e-16, 1600455184.5589029789, -2.2204460492503130808e-16, 1600455184.5589029789, -4.4408920985006261617e-15
1600455184.5709030628, 2.2204460492503130808e-16, 1600455184.5899031162, -2.2204460492503130808e-16, 1600455184.5899031162, -4.4408920985006261617e-15
1600455184.6019029617, 2.2204460492503130808e-16, 1600455184.6209030151, -2.2204460492503130808e-16, 1600455184.6209030151, -4.4408920985006261617e-15
1600455184.6329030991, 2.2204460492503130808e-16, 1600455184.651902914, -2.2204460492503130808e-16, 1600455184.651902914, -4.4408920985006261617e-15
1600455184.663902998, 2.2204460492503130808e-16, 1600455184.6829030514, -2.2204460492503130808e-16, 1600455184.6829030514, -4.4408920985006261617e-15
1600455184.6949031353, 2.2204460492503130808e-16, 1600455184.7139029503, -2.2204460492503130808e-16, 1600455184.7139029503, -4.4408920985006261617e-15
1600455184.7259030342, 2.2204460492503130808e-16, 1600455184.7449030876, -2.2204460492503130808e-16, 1600455184.7449030876, -4.4408920985006261617e-15
1600455184.7569029331, 2.2204460492503130808e-16, 1600455184.7759029865, -2.2204460492503130808e-16, 1600455184.7759029865, -4.4408920985006261617e-15
1600455184.7879030704, 2.2204460492503130808e-16, 1600455184.8069031239, -2.2204460492503130808e-16, 1600455184.8069031239, -4.4408920985006261617e-15
1600455184.8189029694, 2.2204460492503130808e-16, 1600455184.8379030228, -2.2204460492503130808e-16, 1600455184.8379030228, -4.4408920985006261617e-15
1600455184.8499031067, 2.2204460492503130808e-16, 1600455184.8689029217, -2.2204460492503130808e-16, 1600455184.8689029217, -4.4408920985006261617e-15
1600455184.8809030056, 2.2204460492503130808e-16, 1600455184.899903059, -2.2204460492503130808e-16, 1600455184.899903059, -4.4408920985006261617e-15
1600455184.9119031429, 2.2204460492503130808e-16, 1600455184.9309029579, -2.2204460492503130808e-16, 1600455184.9309029579, -4.4408920985006261617e-15
1600455184.9429030418, 2.2204460492503130808e-16, 1600455184.9619030952, -2.2204460492503130808e-16, 1600455184.9619030952, -4.4408920985006261617e-15
1600455184.9739029408, 2.2204460492503130808e-16, 1600455184.9929029942, -2.2204460492503130808e-16, 1600455184.9929029942, -4.4408920985006261617e-15
1600455185.0049030781, 2.2204460492503130808e-16, 1600455185.0239031315, -2.2204460492503130808e-16, 1600455185.0239031315, -4.4408920985006261617e-15
1600455185.035902977, 2.2204460492503130808e-16, 1600455185.0549030304, -2.2204460492503130808e-16, 1600455185.0549030304, -4.4408920985006261617e-15
1600455185.0669031143, 2.2204460492503130808e-16, 1600455185.0859029293, -2.2204460492503130808e-16, 1600455185.0859029293, -4.4408920985006261617e-15
1600455185.0979030132, 2.2204460492503130808e-16, 1600455185.1169030666, -2.2204460492503130808e-16, 1600455185.1169030666, -4.4408920985006261617e-15
1600455185.1289029121, 2.2204460492503130808e-16, 1600455185.1479029655, -2.2204460492503130808e-16, 1600455185.1479029655, -4.4408920985006261617e-15
1600455185.1599030495, 2.2204460492503130808e-16, 1600455185.1789031029, -2.2204460492503130808e-16, 1600455185.1789031029, -4.4408920985006261617e-15
1600455185.1909029484, 2.2204460492503130808e-16, 1600455185.2099030018, -2.2204460492503130808e-16, 1600455185.2099030018, -4.4408920985006261617e-15
1600455185.2219030857, 2.2204460492503130808e-16, 1600455185.2409031391, -2.2204460492503130808e-16, 1600455185.2409031391, -4.4408920985006261617e-15
1600455185.2529029846, 2.2204460492503130808e-16, 1600455185.271903038, -2.2204460492503130808e-16, 1600455185.271903038, -4.4408920985006261617e-15
1600455185.2839031219, 2.2204460492503130808e-16, 1600455185.3029029369, -2.2204460492503130808e-16, 1600455185.3029029369, -4.4408920985006261617e-15
1600455185.3149030209, 2.2204460492503130808e-16, 1600455185.3349030018, -2.2204460492503130808e-16, 1600455185.3349030018, -4.4408920985006261617e-15
1600455185.3459029198, 2.2204460492503130808e-16, 1600455185.3659031391, -2.2204460492503130808e-16, 1600455185.3659031391, -4.4408920985006261617e-15
1600455185.3809030056, 2.2204460492503130808e-16, 1600455185.399903059, -2.2204460492503130808e-16, 1600455185.399903059, -4.4408920985006261617e-15
1600455185.4119031429, 2.2204460492503130808e-16, 1600455185.4309029579, -2.2204460492503130808e-16, 1600455185.4309029579, -4.4408920985006261617e-15
1600455185.4429030418, 2.2204460492503130808e-16, 1600455185.4619030952, -2.2204460492503130808e-16, 1600455185.4619030952, -4.4408920985006261617e-15
1600455185.4739029408, 2.2204460492503130808e-16, 1600455185.4929029942, -2.2204460492503130808e-16, 1600455185.4929029942, -4.4408920985006261617e-15
1600455185.5059030056, 2.2204460492503130808e-16, 1600455185.5259029865, -2.2204460492503130808e-16, 1600455185.5259029865, -4.4408920985006261617e-15
1600455185.536757946, 2.2204460492503130808e-16, 1600455185.5567581654, -2.2204460492503130808e-16, 1600455185.5567581654, -4.4408920985006261617e-15
1600455185.5677580833, 2.2204460492503130808e-16, 1600455185.5877580643, -2.2204460492503130808e-16, 1600455185.5877580643, -4.4408920985006261617e-15
1600455185.5987579823, 2.2204460492503130808e-16, 1600455185.6187579632, -2.2204460492503130808e-16, 1600455185.6187579632, -4.4408920985006261617e-15
1600455185.6297581196, 2.2204460492503130808e-16, 1600455185.6497581005, -2.2204460492503130808e-16, 1600455185.6497581005, -4.4408920985006261617e-15
1600455185.6607580185, 2.2204460492503130808e-16, 1600455185.6807579994, -2.2204460492503130808e-16, 1600455185.6807579994, -4.4408920985006261617e-15
1600455185.6917581558, 2.2204460492503130808e-16, 1600455185.7117581367, -2.2204460492503130808e-16, 1600455185.7117581367, -4.4408920985006261617e-15
1600455185.7237579823, 2.2204460492503130808e-16, 1600455185.7427580357, -2.2204460492503130808e-16, 1600455185.7427580357, -4.4408920985006261617e-15
1600455185.7547581196, 2.2204460492503130808e-16, 1600455185.7737579346, -2.2204460492503130808e-16, 1600455185.7737579346, -4.4408920985006261617e-15
1600455185.7857580185, 2.2204460492503130808e-16, 1600455185.8047580719, -2.2204460492503130808e-16, 1600455185.8047580719, -4.4408920985006261617e-15
1600455185.8167581558, 2.2204460492503130808e-16, 1600455185.8357579708, -2.2204460492503130808e-16, 1600455185.8357579708, -4.4408920985006261617e-15
1600455185.8477580547, 2.2204460492503130808e-16, 1600455185.8667581081, -2.2204460492503130808e-16, 1600455185.8667581081, -4.4408920985006261617e-15
1600455185.8787579536, 2.2204460492503130808e-16, 1600455185.897758007, -2.2204460492503130808e-16, 1600455185.897758007, -4.4408920985006261617e-15
1600455185.909758091, 2.2204460492503130808e-16, 1600455185.9287581444, -2.2204460492503130808e-16, 1600455185.9287581444, -4.4408920985006261617e-15
1600455185.9407579899, 2.2204460492503130808e-16, 1600455185.9597580433, -2.2204460492503130808e-16, 1600455185.9597580433, -4.4408920985006261617e-15
1600455185.9717581272, 2.2204460492503130808e-16, 1600455185.9907579422, -2.2204460492503130808e-16, 1600455185.9907579422, -4.4408920985006261617e-15
1600455186.0027580261, 2.2204460492503130808e-16, 1600455186.0217580795, -2.2204460492503130808e-16, 1600455186.0217580795, -4.4408920985006261617e-15
1600455186.0337581635, 2.2204460492503130808e-16, 1600455186.0527579784, -2.2204460492503130808e-16, 1600455186.0527579784, -4.4408920985006261617e-15
1600455186.0647580624, 2.2204460492503130808e-16, 1600455186.0837581158, -2.2204460492503130808e-16, 1600455186.0837581158, -4.4408920985006261617e-15
1600455186.0957579613, 2.2204460492503130808e-16, 1600455186.1147580147, -2.2204460492503130808e-16, 1600455186.1147580147, -4.4408920985006261617e-15
1600455186.1267580986, 2.2204460492503130808e-16, 1600455186.145758152, -2.2204460492503130808e-16, 1600455186.145758152, -4.4408920985006261617e-15
1600455186.1577579975, 2.2204460492503130808e-16, 1600455186.1767580509, -2.2204460492503130808e-16, 1600455186.1767580509, -4.4408920985006261617e-15
1600455186.1887581348, 2.2204460492503130808e-16, 1600455186.2077579498, -2.2204460492503130808e-16, 1600455186.2077579498, -4.4408920985006261617e-15
1600455186.2197580338, 2.2204460492503130808e-16, 1600455186.2387580872, 5, 1600455186.2387580872, 100
1600455186.2507579327, 0.27024453878402709961, 1600455186.2697579861, 4.729755401611328125, 1600455186.2697579861, 100
1600455186.28175807, 0.74317246675491333008, 1600455186.3007581234, 4.2568273544311523438, 1600455186.3007581234, 100
1600455186.3127579689, 1.3512226343154907227, 1600455186.3317580223, 3.6487772464752197266, 1600455186.3317580223, 100
1600455186.3437581062, 1.9592728614807128906, 1600455186.3627581596, 3.0407271385192871094, 1600455186.3627581596, 60.814544677734375
1600455186.3747580051, 2.4997618198394775391, 1600455186.3937580585, 2.5002381801605224609, 1600455186.3937580585, 60.814544677734375
1600455186.4057581425, 2.9051287174224853516, 1600455186.4247579575, 2.0948712825775146484, 1600455186.4247579575, 60.814544677734375
1600455186.4367580414, 3.3104953765869140625, 1600455186.4557580948, 1.6895045042037963867, 1600455186.4557580948, 60.814544677734375
1600455186.4677579403, 3.6483011245727539063, 1600455186.4867579937, 1.3516988754272460938, 1600455186.4867579937, 27.033977508544921875
1600455186.4987580776, 3.9185457229614257813, 1600455186.517758131, 1.0814542770385742188, 1600455186.517758131, 27.033977508544921875
1600455186.5297579765, 4.1212291717529296875, 1600455186.5487580299, 0.87877094745635986328, 1600455186.5487580299, 27.033977508544921875
1600455186.5947580338, 4.0146093368530273438, 1600455186.6137580872, 0.98539084196090698242, 1600455186.6137580872, 19.70781707763671875
1600455186.6257579327, 3.6768035888671875, 1600455186.6447579861, 1.3231965303421020508, 1600455186.6447579861, 19.70781707763671875
1600455186.65675807, 3.13631439208984375, 1600455186.6757581234, 1.86368560791015625, 1600455186.6757581234, 19.70781707763671875
1600455186.6877579689, 2.5958254337310791016, 1600455186.7067580223, 2.4041745662689208984, 1600455186.7067580223, 19.70781707763671875
1600455186.7187581062, 2.1228973865509033203, 1600455186.7377581596, 2.8771026134490966797, 1600455186.7377581596, 57.542049407958984375
1600455186.7497580051, 1.9138802289962768555, 1600455186.7687580585, 3.0861198902130126953, 1600455186.7687580585, 57.542049407958984375
1600455186.7807581425, 1.8463190793991088867, 1600455186.7997579575, 3.1536810398101806641, 1600455186.7997579575, 57.542049407958984375
1600455186.8117580414, 1.8463190793991088867, 1600455186.8307580948, 3.1536810398101806641, 1600455186.8307580948, 57.542049407958984375
1600455186.8427579403, 1.9138802289962768555, 1600455186.8617579937, 3.0861198902130126953, 1600455186.8617579937, 61.7223968505859375
1600455186.8737580776, 2.0490024089813232422, 1600455186.892758131, 2.9509975910186767578, 1600455186.892758131, 61.7223968505859375
1600455186.9047579765, 2.2231833934783935547, 1600455186.9237580299, 2.7768166065216064453, 1600455186.9237580299, 61.7223968505859375
1600455186.9357581139, 2.4934279918670654297, 1600455186.9547579288, 2.5065720081329345703, 1600455186.9547579288, 61.7223968505859375
1600455186.9667580128, 2.7636725902557373047, 1600455186.9857580662, 2.2363274097442626953, 1600455186.9857580662, 44.7265472412109375
1600455186.9977581501, 3.0339171886444091797, 1600455187.0167579651, 1.9660829305648803711, 1600455187.0167579651, 44.7265472412109375
1600455187.028758049, 3.2366003990173339844, 1600455187.0477581024, 1.7633994817733764648, 1600455187.0477581024, 44.7265472412109375
1600455187.0597579479, 3.3104953765869140625, 1600455187.0787580013, 1.6895045042037963867, 1600455187.0787580013, 44.7265472412109375
1600455187.0907580853, 3.2429344654083251953, 1600455187.1097581387, 1.7570656538009643555, 1600455187.1097581387, 35.1413116455078125
1600455187.1217579842, 3.1753733158111572266, 1600455187.1407580376, 1.8246268033981323242, 1600455187.1407580376, 35.1413116455078125
1600455187.1527581215, 3.0402510166168212891, 1600455187.1717579365, 1.9597491025924682617, 1600455187.1717579365, 35.1413116455078125
1600455187.1837580204, 2.9051287174224853516, 1600455187.2027580738, 2.0948712825775146484, 1600455187.2027580738, 35.1413116455078125
1600455187.2147581577, 2.7700064182281494141, 1600455187.2337579727, 2.2299935817718505859, 1600455187.2337579727, 44.599872589111328125
1600455187.2457580566, 2.5673229694366455078, 1600455187.26475811, 2.4326770305633544922, 1600455187.26475811, 44.599872589111328125
1600455187.2767579556, 2.4997618198394775391, 1600455187.295758009, 2.5002381801605224609, 1600455187.295758009, 44.599872589111328125
1600455187.3077580929, 2.4322006702423095703, 1600455187.3267581463, 2.5677993297576904297, 1600455187.3267581463, 44.599872589111328125
1600455187.3387579918, 2.4322006702423095703, 1600455187.3577580452, 2.5677993297576904297, 1600455187.3577580452, 51.355983734130859375
1600455187.3697581291, 2.4322006702423095703, 1600455187.3887579441, 2.5677993297576904297, 1600455187.3887579441, 51.355983734130859375
1600455187.400758028, 2.4322006702423095703, 1600455187.4197580814, 2.5677993297576904297, 1600455187.4197580814, 51.355983734130859375
1600455187.4317581654, 2.4997618198394775391, 1600455187.4507579803, 2.5002381801605224609, 1600455187.4507579803, 51.355983734130859375
1600455187.4627580643, 2.5673229694366455078, 1600455187.4817581177, 2.4326770305633544922, 1600455187.4817581177, 48.653537750244140625
1600455187.4937579632, 2.7024452686309814453, 1600455187.5127580166, 2.2975547313690185547, 1600455187.5127580166, 48.653537750244140625
1600455187.5247581005, 2.7700064182281494141, 1600455187.5447580814, 2.2299935817718505859, 1600455187.5447580814, 48.653537750244140625
1600455187.5557579994, 2.8375675678253173828, 1600455187.5757579803, 2.1624324321746826172, 1600455187.5757579803, 48.653537750244140625
1600455187.5877580643, 2.9051287174224853516, 1600455187.6067581177, 2.0948712825775146484, 1600455187.6067581177, 41.897426605224609375
1600455187.6177580357, 2.9051287174224853516, 1600455187.6377580166, 2.0948712825775146484, 1600455187.6377580166, 41.897426605224609375
1600455187.6487579346, 2.8375675678253173828, 1600455187.6687581539, 2.1624324321746826172, 1600455187.6687581539, 41.897426605224609375
1600455187.6807579994, 2.8375675678253173828, 1600455187.6997580528, 2.1624324321746826172, 1600455187.6997580528, 41.897426605224609375
1600455187.7117581367, 2.8375675678253173828, 1600455187.7307579517, 2.1624324321746826172, 1600455187.7307579517, 43.24864959716796875
1600455187.7427580357, 2.7024452686309814453, 1600455187.7617580891, 2.2975547313690185547, 1600455187.7617580891, 43.24864959716796875
1600455187.7737579346, 2.7024452686309814453, 1600455187.792757988, 2.2975547313690185547, 1600455187.792757988, 43.24864959716796875
1600455187.8047580719, 2.6348841190338134766, 1600455187.8237581253, 2.3651158809661865234, 1600455187.8237581253, 43.24864959716796875
1600455187.8357579708, 2.6348841190338134766, 1600455187.8547580242, 2.3651158809661865234, 1600455187.8547580242, 47.302318572998046875
1600455187.8667581081, 2.5673229694366455078, 1600455187.8857581615, 2.4326770305633544922, 1600455187.8857581615, 47.302318572998046875
1600455187.897758007, 2.4913167953491210938, 1600455187.9167580605, 2.5086832046508789063, 1600455187.9167580605, 47.302318572998046875
1600455187.9287581444, 2.5588779449462890625, 1600455187.9477579594, 2.4411220550537109375, 1600455187.9477579594, 47.302318572998046875
1600455187.9597580433, 2.6264390945434570313, 1600455187.9787580967, 2.3735609054565429688, 1600455187.9787580967, 47.471218109130859375
1600455187.9907579422, 2.6264390945434570313, 1600455188.0097579956, 2.3735609054565429688, 1600455188.0097579956, 47.471218109130859375
1600455188.022758007, 2.6179938316345214844, 1600455188.0417580605, 2.3820061683654785156, 1600455188.0417580605, 47.471218109130859375
1600455188.0537648201, 2.6855549812316894531, 1600455188.0727648735, 2.3144450187683105469, 1600455188.0727648735, 47.471218109130859375
1600455188.0847649574, 2.7531161308288574219, 1600455188.1037650108, 2.2468838691711425781, 1600455188.1037650108, 44.93767547607421875
1600455188.1157648563, 2.7531161308288574219, 1600455188.1347649097, 2.2468838691711425781, 1600455188.1347649097, 44.93767547607421875
1600455188.1467649937, 2.6855549812316894531, 1600455188.1657648087, 2.3144450187683105469, 1600455188.1657648087, 44.93767547607421875
1600455188.1777648926, 2.7531161308288574219, 1600455188.196764946, 2.2468838691711425781, 1600455188.196764946, 44.93767547607421875
1600455188.2087650299, 2.7615613937377929688, 1600455188.2277648449, 2.2384386062622070313, 1600455188.2277648449, 44.76877593994140625
1600455188.2397649288, 2.694000244140625, 1600455188.2597649097, 2.305999755859375, 1600455188.2597649097, 44.76877593994140625
1600455188.2707648277, 2.694000244140625, 1600455188.2907648087, 2.305999755859375, 1600455188.2907648087, 44.76877593994140625
1600455188.3017649651, 2.6264390945434570313, 1600455188.321764946, 2.3735609054565429688, 1600455188.321764946, 44.76877593994140625
1600455188.3337650299, 2.5673229694366455078, 1600455188.3527648449, 2.4326770305633544922, 1600455188.3527648449, 48.653537750244140625
1600455188.3637650013, 2.5673229694366455078, 1600455188.3837649822, 2.4326770305633544922, 1600455188.3837649822, 48.653537750244140625
1600455188.3957648277, 2.4997618198394775391, 1600455188.4147648811, 2.5002381801605224609, 1600455188.4147648811, 48.653537750244140625
1600455188.4267649651, 2.5673229694366455078, 1600455188.4457650185, 2.4326770305633544922, 1600455188.4457650185, 48.653537750244140625
1600455188.457764864, 2.6348841190338134766, 1600455188.4767649174, 2.3651158809661865234, 1600455188.4767649174, 47.302318572998046875
1600455188.4887650013, 2.6348841190338134766, 1600455188.5077648163, 2.3651158809661865234, 1600455188.5077648163, 47.302318572998046875
1600455188.5197649002, 2.6348841190338134766, 1600455188.5387649536, 2.3651158809661865234, 1600455188.5387649536, 47.302318572998046875
1600455188.5507650375, 2.6348841190338134766, 1600455188.5697648525, 2.3651158809661865234, 1600455188.5697648525, 47.302318572998046875
1600455188.5817649364, 2.6348841190338134766, 1600455188.6007649899, 2.3651158809661865234, 1600455188.6007649899, 47.302318572998046875
1600455188.6457648277, 2.7221939563751220703, 1600455188.6647648811, 2.2778060436248779297, 1600455188.6647648811, 47.302318572998046875
1600455188.6767649651, 2.7897551059722900391, 1600455188.6957650185, 2.2102448940277099609, 1600455188.6957650185, 47.302318572998046875
1600455188.707764864, 2.7897551059722900391, 1600455188.7267649174, 2.2102448940277099609, 1600455188.7267649174, 44.204898834228515625
1600455188.7387650013, 2.7897551059722900391, 1600455188.7577648163, 2.2102448940277099609, 1600455188.7577648163, 44.204898834228515625
1600455188.7697649002, 2.7221939563751220703, 1600455188.7887649536, 2.2778060436248779297, 1600455188.7887649536, 44.204898834228515625
1600455188.8007650375, 2.7221939563751220703, 1600455188.8197648525, 2.2778060436248779297, 1600455188.8197648525, 44.204898834228515625
1600455188.8317649364, 2.7221939563751220703, 1600455188.8507649899, 2.2778060436248779297, 1600455188.8507649899, 45.556121826171875
1600455188.8627648354, 2.7221939563751220703, 1600455188.8817648888, 2.2778060436248779297, 1600455188.8817648888, 45.556121826171875
1600455188.8937649727, 2.7221939563751220703, 1600455188.9127650261, 2.2778060436248779297, 1600455188.9127650261, 45.556121826171875
1600455188.9247648716, 2.7221939563751220703, 1600455188.943764925, 2.2778060436248779297, 1600455188.943764925, 45.556121826171875
1600455188.9557650089, 2.7024452686309814453, 1600455188.9747648239, 2.2975547313690185547, 1600455188.9747648239, 45.9510955810546875
1600455188.9867649078, 2.7024452686309814453, 1600455189.0057649612, 2.2975547313690185547, 1600455189.0057649612, 45.9510955810546875
1600455189.0177648067, 2.7024452686309814453, 1600455189.0367648602, 2.2975547313690185547, 1600455189.0367648602, 45.9510955810546875
1600455189.0487649441, 2.7024452686309814453, 1600455189.0677649975, 2.2975547313690185547, 1600455189.0677649975, 45.9510955810546875
1600455189.079764843, 2.6348841190338134766, 1600455189.0987648964, 2.3651158809661865234, 1600455189.0987648964, 47.302318572998046875
1600455189.1107649803, 2.6348841190338134766, 1600455189.1307649612, 2.3651158809661865234, 1600455189.1307649612, 47.302318572998046875
1600455189.1417648792, 2.7024452686309814453, 1600455189.1617648602, 2.2975547313690185547, 1600455189.1617648602, 47.302318572998046875
1600455189.1727650166, 2.7024452686309814453, 1600455189.1927649975, 2.2975547313690185547, 1600455189.1927649975, 47.302318572998046875
1600455189.204764843, 2.7024452686309814453, 1600455189.2237648964, 2.2975547313690185547, 1600455189.2237648964, 45.9510955810546875
1600455189.2347648144, 2.7024452686309814453, 1600455189.2547650337, 2.2975547313690185547, 1600455189.2547650337, 45.9510955810546875
1600455189.2667648792, 2.7024452686309814453, 1600455189.2857649326, 2.2975547313690185547, 1600455189.2857649326, 45.9510955810546875
1600455189.2977650166, 2.7024452686309814453, 1600455189.3167648315, 2.2975547313690185547, 1600455189.3167648315, 45.9510955810546875
1600455189.3287649155, 2.7024452686309814453, 1600455189.3477649689, 2.2975547313690185547, 1600455189.3477649689, 45.9510955810546875
1600455189.3597648144, 2.7024452686309814453, 1600455189.3787648678, 2.2975547313690185547, 1600455189.3787648678, 45.9510955810546875
1600455189.3907649517, 2.7700064182281494141, 1600455189.4097650051, 2.2299935817718505859, 1600455189.4097650051, 45.9510955810546875
1600455189.4217648506, 2.7700064182281494141, 1600455189.440764904, 2.2299935817718505859, 1600455189.440764904, 45.9510955810546875
1600455189.4527649879, 2.7024452686309814453, 1600455189.4717648029, 2.2975547313690185547, 1600455189.4717648029, 45.9510955810546875
1600455189.4837648869, 2.694000244140625, 1600455189.5027649403, 2.305999755859375, 1600455189.5027649403, 45.9510955810546875
1600455189.5147650242, 2.694000244140625, 1600455189.5337648392, 2.305999755859375, 1600455189.5337648392, 45.9510955810546875
1600455189.5457649231, 2.694000244140625, 1600455189.5647649765, 2.305999755859375, 1600455189.5647649765, 45.9510955810546875
1600455189.576764822, 2.694000244140625, 1600455189.5957648754, 2.305999755859375, 1600455189.5957648754, 46.1199951171875
1600455189.6077649593, 2.694000244140625, 1600455189.6267650127, 2.305999755859375, 1600455189.6267650127, 46.1199951171875
1600455189.6387648582, 2.694000244140625, 1600455189.6577649117, 2.305999755859375, 1600455189.6577649117, 46.1199951171875
1600455189.6697649956, 2.694000244140625, 1600455189.6887648106, 2.305999755859375, 1600455189.6887648106, 46.1199951171875
1600455189.7007648945, 2.694000244140625, 1600455189.7197649479, 2.305999755859375, 1600455189.7197649479, 46.1199951171875
1600455189.7317650318, 2.694000244140625, 1600455189.7507648468, 2.305999755859375, 1600455189.7507648468, 46.1199951171875
1600455189.7627649307, 2.694000244140625, 1600455189.7817649841, 2.305999755859375, 1600455189.7817649841, 46.1199951171875
1600455189.7937648296, 2.7024452686309814453, 1600455189.812764883, 2.2975547313690185547, 1600455189.812764883, 46.1199951171875
1600455189.824764967, 2.7024452686309814453, 1600455189.8437650204, 2.2975547313690185547, 1600455189.8437650204, 45.9510955810546875
1600455189.8557648659, 2.7024452686309814453, 1600455189.8747649193, 2.2975547313690185547, 1600455189.8747649193, 45.9510955810546875
1600455189.8867650032, 2.7024452686309814453, 1600455189.9057648182, 2.2975547313690185547, 1600455189.9057648182, 45.9510955810546875
1600455189.9177649021, 2.7024452686309814453, 1600455189.9367649555, 2.2975547313690185547, 1600455189.9367649555, 45.9510955810546875
1600455189.9487650394, 2.7024452686309814453, 1600455189.9677648544, 2.2975547313690185547, 1600455189.9677648544, 45.9510955810546875
1600455189.9797649384, 2.7024452686309814453, 1600455189.9987649918, 2.2975547313690185547, 1600455189.9987649918, 45.9510955810546875
1600455190.0107648373, 2.7024452686309814453, 1600455190.0297648907, 2.2975547313690185547, 1600455190.0297648907, 45.9510955810546875
1600455190.0417649746, 2.7024452686309814453, 1600455190.060765028, 2.2975547313690185547, 1600455190.060765028, 45.9510955810546875
1600455190.0727648735, 2.7024452686309814453, 1600455190.0917649269, 2.2975547313690185547, 1600455190.0917649269, 45.9510955810546875
1600455190.1037650108, 2.7024452686309814453, 1600455190.1227648258, 2.2975547313690185547, 1600455190.1227648258, 45.9510955810546875
1600455190.1347649097, 2.7024452686309814453, 1600455190.1537649632, 2.2975547313690185547, 1600455190.1537649632, 45.9510955810546875
1600455190.1657648087, 2.7024452686309814453, 1600455190.1847648621, 2.2975547313690185547, 1600455190.1847648621, 45.9510955810546875
1600455190.196764946, 2.7024452686309814453, 1600455190.2157649994, 2.2975547313690185547, 1600455190.2157649994, 45.9510955810546875
1600455190.2277648449, 2.7024452686309814453, 1600455190.2467648983, 2.2975547313690185547, 1600455190.2467648983, 45.9510955810546875
1600455190.2587649822, 2.7024452686309814453, 1600455190.2787649632, 2.2975547313690185547, 1600455190.2787649632, 45.9510955810546875
1600455190.2897648811, 2.7024452686309814453, 1600455190.3097648621, 2.2975547313690185547, 1600455190.3097648621, 45.9510955810546875
1600455190.321764946, 2.6348841190338134766, 1600455190.3407649994, 2.3651158809661865234, 1600455190.3407649994, 47.302318572998046875
1600455190.3517649174, 2.7024452686309814453, 1600455190.3717648983, 2.2975547313690185547, 1600455190.3717648983, 47.302318572998046875
1600455190.3867650032, 2.6715602874755859375, 1600455190.4057648182, 2.3284397125244140625, 1600455190.4057648182, 47.302318572998046875
1600455190.4177649021, 2.6715602874755859375, 1600455190.4367649555, 2.3284397125244140625, 1600455190.4367649555, 47.302318572998046875
1600455190.4487650394, 2.6715602874755859375, 1600455190.4677648544, 2.3284397125244140625, 1600455190.4677648544, 46.56879425048828125
1600455190.4797649384, 2.7391214370727539063, 1600455190.4987649918, 2.2608785629272460938, 1600455190.4987649918, 46.56879425048828125
1600455190.5107648373, 2.7391214370727539063, 1600455190.5297648907, 2.2608785629272460938, 1600455190.5297648907, 46.56879425048828125
1600455190.5427649021, 2.7306761741638183594, 1600455190.562764883, 2.2693238258361816406, 1600455190.562764883, 46.56879425048828125
1600455190.5744531155, 2.7306761741638183594, 1600455190.5934531689, 2.2693238258361816406, 1600455190.5934531689, 45.386474609375
1600455190.6054530144, 2.7306761741638183594, 1600455190.6244530678, 2.2693238258361816406, 1600455190.6244530678, 45.386474609375
1600455190.6364531517, 2.7982373237609863281, 1600455190.6554529667, 2.2017626762390136719, 1600455190.6554529667, 45.386474609375
1600455190.700453043, 2.7182033061981201172, 1600455190.7194530964, 2.2817966938018798828, 1600455190.7194530964, 45.63593292236328125
1600455190.7314529419, 2.7490885257720947266, 1600455190.7504529953, 2.2509114742279052734, 1600455190.7504529953, 45.63593292236328125
1600455190.7624530792, 2.7490885257720947266, 1600455190.7814531326, 2.2509114742279052734, 1600455190.7814531326, 45.63593292236328125
1600455190.7934529781, 2.7490885257720947266, 1600455190.8124530315, 2.2509114742279052734, 1600455190.8124530315, 45.63593292236328125
1600455190.8244531155, 2.6815273761749267578, 1600455190.8434531689, 2.3184726238250732422, 1600455190.8434531689, 46.36945343017578125
1600455190.8554530144, 2.6815273761749267578, 1600455190.8744530678, 2.3184726238250732422, 1600455190.8744530678, 46.36945343017578125
1600455190.8864531517, 2.6899724006652832031, 1600455190.9054529667, 2.3100275993347167969, 1600455190.9054529667, 46.36945343017578125
1600455190.9174530506, 2.6899724006652832031, 1600455190.936453104, 2.3100275993347167969, 1600455190.936453104, 46.36945343017578125
1600455190.9484529495, 2.6899724006652832031, 1600455190.9674530029, 2.3100275993347167969, 1600455190.9674530029, 46.200550079345703125
1600455190.9794530869, 2.6899724006652832031, 1600455190.9984531403, 2.3100275993347167969, 1600455190.9984531403, 46.200550079345703125
1600455191.0104529858, 2.7024452686309814453, 1600455191.0294530392, 2.2975547313690185547, 1600455191.0294530392, 46.200550079345703125
1600455191.0414531231, 2.7024452686309814453, 1600455191.0604529381, 2.2975547313690185547, 1600455191.0604529381, 46.200550079345703125
1600455191.072453022, 2.7024452686309814453, 1600455191.0914530754, 2.2975547313690185547, 1600455191.0914530754, 45.9510955810546875
1600455191.1034531593, 2.7024452686309814453, 1600455191.1224529743, 2.2975547313690185547, 1600455191.1224529743, 45.9510955810546875
1600455191.1344530582, 2.7024452686309814453, 1600455191.1534531116, 2.2975547313690185547, 1600455191.1534531116, 45.9510955810546875
1600455191.1654529572, 2.7024452686309814453, 1600455191.1844530106, 2.2975547313690185547, 1600455191.1844530106, 45.9510955810546875
1600455191.1964530945, 2.7024452686309814453, 1600455191.2154531479, 2.2975547313690185547, 1600455191.2154531479, 45.9510955810546875
1600455191.2274529934, 2.7024452686309814453, 1600455191.2464530468, 2.2975547313690185547, 1600455191.2464530468, 45.9510955810546875
1600455191.2584531307, 2.7024452686309814453, 1600455191.2774529457, 2.2975547313690185547, 1600455191.2774529457, 45.9510955810546875
1600455191.2894530296, 2.7024452686309814453, 1600455191.308453083, 2.2975547313690185547, 1600455191.308453083, 45.9510955810546875
1600455191.320453167, 2.7024452686309814453, 1600455191.3404531479, 2.2975547313690185547, 1600455191.3404531479, 45.9510955810546875
1600455191.3514530659, 2.7024452686309814453, 1600455191.3714530468, 2.2975547313690185547, 1600455191.3714530468, 45.9510955810546875
1600455191.3824529648, 2.6348841190338134766, 1600455191.4024529457, 2.3651158809661865234, 1600455191.4024529457, 45.9510955810546875
1600455191.4134531021, 2.6348841190338134766, 1600455191.433453083, 2.3651158809661865234, 1600455191.433453083, 45.9510955810546875
1600455191.445453167, 2.6348841190338134766, 1600455191.4644529819, 2.3651158809661865234, 1600455191.4644529819, 47.302318572998046875
1600455191.4764530659, 2.6348841190338134766, 1600455191.4954531193, 2.3651158809661865234, 1600455191.4954531193, 47.302318572998046875
1600455191.5074529648, 2.7024452686309814453, 1600455191.5264530182, 2.2975547313690185547, 1600455191.5264530182, 47.302318572998046875
1600455191.5384531021, 2.7024452686309814453, 1600455191.5574531555, 2.2975547313690185547, 1600455191.5574531555, 47.302318572998046875
1600455191.569453001, 2.7024452686309814453, 1600455191.5884530544, 2.2975547313690185547, 1600455191.5884530544, 45.9510955810546875
1600455191.6004531384, 2.7024452686309814453, 1600455191.6194529533, 2.2975547313690185547, 1600455191.6194529533, 45.9510955810546875
1600455191.6314530373, 2.7024452686309814453, 1600455191.6504530907, 2.2975547313690185547, 1600455191.6504530907, 45.9510955810546875
1600455191.6624529362, 2.7024452686309814453, 1600455191.6814529896, 2.2975547313690185547, 1600455191.6814529896, 45.9510955810546875
1600455191.6934530735, 2.7615613937377929688, 1600455191.7124531269, 2.2384386062622070313, 1600455191.7124531269, 44.76877593994140625
1600455191.7244529724, 2.7615613937377929688, 1600455191.7434530258, 2.2384386062622070313, 1600455191.7434530258, 44.76877593994140625
1600455191.7554531097, 2.7615613937377929688, 1600455191.7744531631, 2.2384386062622070313, 1600455191.7744531631, 44.76877593994140625
1600455191.7864530087, 2.7615613937377929688, 1600455191.8054530621, 2.2384386062622070313, 1600455191.8054530621, 44.76877593994140625
1600455191.817453146, 2.694000244140625, 1600455191.836452961, 2.305999755859375, 1600455191.836452961, 46.1199951171875
1600455191.8484530449, 2.694000244140625, 1600455191.8674530983, 2.305999755859375, 1600455191.8674530983, 46.1199951171875
1600455191.8794529438, 2.694000244140625, 1600455191.8984529972, 2.305999755859375, 1600455191.8984529972, 46.1199951171875
1600455191.9104530811, 2.694000244140625, 1600455191.9294531345, 2.305999755859375, 1600455191.9294531345, 46.1199951171875
1600455191.94145298, 2.694000244140625, 1600455191.9604530334, 2.305999755859375, 1600455191.9604530334, 46.1199951171875
1600455191.9724531174, 2.694000244140625, 1600455191.9914529324, 2.305999755859375, 1600455191.9914529324, 46.1199951171875
1600455192.0034530163, 2.7024452686309814453, 1600455192.0224530697, 2.2975547313690185547, 1600455192.0224530697, 46.1199951171875
1600455192.0344531536, 2.7024452686309814453, 1600455192.0534529686, 2.2975547313690185547, 1600455192.0534529686, 46.1199951171875
1600455192.0654530525, 2.7024452686309814453, 1600455192.0844531059, 2.2975547313690185547, 1600455192.0844531059, 45.9510955810546875
1600455192.0964529514, 2.7024452686309814453, 1600455192.1154530048, 2.2975547313690185547, 1600455192.1154530048, 45.9510955810546875
1600455192.1274530888, 2.7024452686309814453, 1600455192.1464531422, 2.2975547313690185547, 1600455192.1464531422, 45.9510955810546875
1600455192.1584529877, 2.7024452686309814453, 1600455192.1774530411, 2.2975547313690185547, 1600455192.1774530411, 45.9510955810546875
1600455192.189453125, 2.7024452686309814453, 1600455192.20845294, 2.2975547313690185547, 1600455192.20845294, 45.9510955810546875
1600455192.2204530239, 2.7024452686309814453, 1600455192.2394530773, 2.2975547313690185547, 1600455192.2394530773, 45.9510955810546875
1600455192.2514531612, 2.7024452686309814453, 1600455192.2704529762, 2.2975547313690185547, 1600455192.2704529762, 45.9510955810546875
1600455192.2824530602, 2.7024452686309814453, 1600455192.3014531136, 2.2975547313690185547, 1600455192.3014531136, 45.9510955810546875
1600455192.3134529591, 2.7024452686309814453, 1600455192.3324530125, 2.2975547313690185547, 1600455192.3324530125, 45.9510955810546875
1600455192.3444530964, 2.7024452686309814453, 1600455192.3634531498, 2.2975547313690185547, 1600455192.3634531498, 45.9510955810546875
1600455192.3754529953, 2.7024452686309814453, 1600455192.3944530487, 2.2975547313690185547, 1600455192.3944530487, 45.9510955810546875
1600455192.4064531326, 2.7024452686309814453, 1600455192.4254529476, 2.2975547313690185547, 1600455192.4254529476, 45.9510955810546875
1600455192.4374530315, 2.7024452686309814453, 1600455192.4564530849, 2.2975547313690185547, 1600455192.4564530849, 45.9510955810546875
1600455192.4684531689, 2.7024452686309814453, 1600455192.4884531498, 2.2975547313690185547, 1600455192.4884531498, 45.9510955810546875
1600455192.4994530678, 2.7024452686309814453, 1600455192.5194530487, 2.2975547313690185547, 1600455192.5194530487, 45.9510955810546875
1600455192.5304529667, 2.7024452686309814453, 1600455192.5504529476, 2.2975547313690185547, 1600455192.5504529476, 45.9510955810546875
1600455192.5624530315, 2.7024452686309814453, 1600455192.5814530849, 2.2975547313690185547, 1600455192.5814530849, 45.9510955810546875
1600455192.5924530029, 2.7024452686309814453, 1600455192.6124529839, 2.2975547313690185547, 1600455192.6124529839, 45.9510955810546875
1600455192.6234531403, 2.7024452686309814453, 1600455192.6434531212, 2.2975547313690185547, 1600455192.6434531212, 45.9510955810546875
1600455192.6554529667, 2.7024452686309814453, 1600455192.6744530201, 2.2975547313690185547, 1600455192.6744530201, 45.9510955810546875
1600455192.686453104, 2.7024452686309814453, 1600455192.7054531574, 2.2975547313690185547, 1600455192.7054531574, 45.9510955810546875
1600455192.7504529953, 2.6899724006652832031, 1600455192.7694530487, 2.3100275993347167969, 1600455192.7694530487, 45.9510955810546875
1600455192.7814531326, 2.6899724006652832031, 1600455192.8004529476, 2.3100275993347167969, 1600455192.8004529476, 45.9510955810546875
1600455192.8124530315, 2.6899724006652832031, 1600455192.8314530849, 2.3100275993347167969, 1600455192.8314530849, 46.200550079345703125
1600455192.8434531689, 2.6899724006652832031, 1600455192.8624529839, 2.3100275993347167969, 1600455192.8624529839, 46.200550079345703125
1600455192.8744530678, 2.6899724006652832031, 1600455192.8934531212, 2.3100275993347167969, 1600455192.8934531212, 46.200550079345703125
1600455192.9054529667, 2.6899724006652832031, 1600455192.9244530201, 2.3100275993347167969, 1600455192.9244530201, 46.200550079345703125
1600455192.936453104, 2.6899724006652832031, 1600455192.9554531574, 2.3100275993347167969, 1600455192.9554531574, 46.200550079345703125
1600455192.9674530029, 2.6899724006652832031, 1600455192.9864530563, 2.3100275993347167969, 1600455192.9864530563, 46.200550079345703125
1600455192.9984531403, 2.6899724006652832031, 1600455193.0174529552, 2.3100275993347167969, 1600455193.0174529552, 46.200550079345703125
1600455193.0294530392, 2.6899724006652832031, 1600455193.0484530926, 2.3100275993347167969, 1600455193.0484530926, 46.200550079345703125
1600455193.0624530315, 2.694000244140625, 1600455193.0814530849, 2.305999755859375, 1600455193.0814530849, 46.1199951171875
1600455193.0937771797, 2.694000244140625, 1600455193.1127772331, 2.305999755859375, 1600455193.1127772331, 46.1199951171875
1600455193.1247770786, 2.694000244140625, 1600455193.143777132, 2.305999755859375, 1600455193.143777132, 46.1199951171875
1600455193.155777216, 2.694000244140625, 1600455193.1747770309, 2.305999755859375, 1600455193.1747770309, 46.1199951171875
1600455193.1867771149, 2.694000244140625, 1600455193.2057771683, 2.305999755859375, 1600455193.2057771683, 46.1199951171875
1600455193.2177770138, 2.694000244140625, 1600455193.2367770672, 2.305999755859375, 1600455193.2367770672, 46.1199951171875
1600455193.2487771511, 2.694000244140625, 1600455193.2677772045, 2.305999755859375, 1600455193.2677772045, 46.1199951171875
1600455193.27977705, 2.6855549812316894531, 1600455193.2987771034, 2.3144450187683105469, 1600455193.2987771034, 46.1199951171875
1600455193.3107771873, 2.6855549812316894531, 1600455193.3297770023, 2.3144450187683105469, 1600455193.3297770023, 46.288898468017578125
1600455193.3417770863, 2.6855549812316894531, 1600455193.3607771397, 2.3144450187683105469, 1600455193.3607771397, 46.288898468017578125
1600455193.3727772236, 2.694000244140625, 1600455193.3917770386, 2.305999755859375, 1600455193.3917770386, 46.288898468017578125
1600455193.4037771225, 2.694000244140625, 1600455193.4227771759, 2.305999755859375, 1600455193.4227771759, 46.288898468017578125
1600455193.4347770214, 2.694000244140625, 1600455193.4537770748, 2.305999755859375, 1600455193.4537770748, 46.1199951171875
1600455193.4657771587, 2.694000244140625, 1600455193.4847772121, 2.305999755859375, 1600455193.4847772121, 46.1199951171875
1600455193.4967770576, 2.694000244140625, 1600455193.5157771111, 2.305999755859375, 1600455193.5157771111, 46.1199951171875
1600455193.527777195, 2.694000244140625, 1600455193.54677701, 2.305999755859375, 1600455193.54677701, 46.1199951171875
1600455193.5587770939, 2.694000244140625, 1600455193.5777771473, 2.305999755859375, 1600455193.5777771473, 46.1199951171875
1600455193.5897772312, 2.7024452686309814453, 1600455193.6087770462, 2.2975547313690185547, 1600455193.6087770462, 46.1199951171875
1600455193.6207771301, 2.7024452686309814453, 1600455193.6397771835, 2.2975547313690185547, 1600455193.6397771835, 46.1199951171875
1600455193.651777029, 2.7024452686309814453, 1600455193.6707770824, 2.2975547313690185547, 1600455193.6707770824, 46.1199951171875
1600455193.6827771664, 2.7024452686309814453, 1600455193.7017772198, 2.2975547313690185547, 1600455193.7017772198, 45.9510955810546875
1600455193.7137770653, 2.7024452686309814453, 1600455193.7327771187, 2.2975547313690185547, 1600455193.7327771187, 45.9510955810546875
1600455193.7447772026, 2.7024452686309814453, 1600455193.7637770176, 2.2975547313690185547, 1600455193.7637770176, 45.9510955810546875
1600455193.7757771015, 2.7024452686309814453, 1600455193.7947771549, 2.2975547313690185547, 1600455193.7947771549, 45.9510955810546875
1600455193.8067770004, 2.7024452686309814453, 1600455193.8257770538, 2.2975547313690185547, 1600455193.8257770538, 45.9510955810546875
1600455193.8377771378, 2.7024452686309814453, 1600455193.8567771912, 2.2975547313690185547, 1600455193.8567771912, 45.9510955810546875
1600455193.8687770367, 2.7024452686309814453, 1600455193.8877770901, 2.2975547313690185547, 1600455193.8877770901, 45.9510955810546875
1600455193.899777174, 2.7024452686309814453, 1600455193.9187772274, 2.2975547313690185547, 1600455193.9187772274, 45.9510955810546875
1600455193.9307770729, 2.7024452686309814453, 1600455193.9497771263, 2.2975547313690185547, 1600455193.9497771263, 45.9510955810546875
1600455193.9617772102, 2.7024452686309814453, 1600455193.9807770252, 2.2975547313690185547, 1600455193.9807770252, 45.9510955810546875
1600455193.9927771091, 2.7024452686309814453, 1600455194.0117771626, 2.2975547313690185547, 1600455194.0117771626, 45.9510955810546875
1600455194.0237770081, 2.7024452686309814453, 1600455194.0427770615, 2.2975547313690185547, 1600455194.0427770615, 45.9510955810546875
1600455194.0547771454, 2.7024452686309814453, 1600455194.0747771263, 2.2975547313690185547, 1600455194.0747771263, 45.9510955810546875
1600455194.0857770443, 2.7024452686309814453, 1600455194.1057770252, 2.2975547313690185547, 1600455194.1057770252, 45.9510955810546875
1600455194.1167771816, 2.7024452686309814453, 1600455194.1367771626, 2.2975547313690185547, 1600455194.1367771626, 45.9510955810546875
1600455194.1477770805, 2.7024452686309814453, 1600455194.1677770615, 2.2975547313690185547, 1600455194.1677770615, 45.9510955810546875
1600455194.1797771454, 2.7024452686309814453, 1600455194.1987771988, 2.2975547313690185547, 1600455194.1987771988, 45.9510955810546875
1600455194.2097771168, 2.6348841190338134766, 1600455194.2297770977, 2.3651158809661865234, 1600455194.2297770977, 45.9510955810546875
1600455194.2417771816, 2.6348841190338134766, 1600455194.2607769966, 2.3651158809661865234, 1600455194.2607769966, 45.9510955810546875
1600455194.2727770805, 2.6348841190338134766, 1600455194.2917771339, 2.3651158809661865234, 1600455194.2917771339, 45.9510955810546875
1600455194.3037772179, 2.6348841190338134766, 1600455194.3227770329, 2.3651158809661865234, 1600455194.3227770329, 47.302318572998046875
1600455194.3347771168, 2.6348841190338134766, 1600455194.3537771702, 2.3651158809661865234, 1600455194.3537771702, 47.302318572998046875
1600455194.3657770157, 2.7024452686309814453, 1600455194.3847770691, 2.2975547313690185547, 1600455194.3847770691, 47.302318572998046875
1600455194.396777153, 2.7024452686309814453, 1600455194.4157772064, 2.2975547313690185547, 1600455194.4157772064, 47.302318572998046875
1600455194.4277770519, 2.7024452686309814453, 1600455194.4467771053, 2.2975547313690185547, 1600455194.4467771053, 45.9510955810546875
1600455194.4587771893, 2.694000244140625, 1600455194.4777770042, 2.305999755859375, 1600455194.4777770042, 45.9510955810546875
1600455194.4897770882, 2.694000244140625, 1600455194.5087771416, 2.305999755859375, 1600455194.5087771416, 45.9510955810546875
1600455194.5207772255, 2.7615613937377929688, 1600455194.5397770405, 2.2384386062622070313, 1600455194.5397770405, 45.9510955810546875
1600455194.5517771244, 2.7615613937377929688, 1600455194.5707771778, 2.2384386062622070313, 1600455194.5707771778, 44.76877593994140625
1600455194.5827770233, 2.7615613937377929688, 1600455194.6017770767, 2.2384386062622070313, 1600455194.6017770767, 44.76877593994140625
1600455194.6137771606, 2.7615613937377929688, 1600455194.6327772141, 2.2384386062622070313, 1600455194.6327772141, 44.76877593994140625
1600455194.6447770596, 2.7615613937377929688, 1600455194.663777113, 2.2384386062622070313, 1600455194.663777113, 44.76877593994140625
1600455194.6757771969, 2.694000244140625, 1600455194.6947770119, 2.305999755859375, 1600455194.6947770119, 46.1199951171875
1600455194.7067770958, 2.694000244140625, 1600455194.7257771492, 2.305999755859375, 1600455194.7257771492, 46.1199951171875
1600455194.7377772331, 2.694000244140625, 1600455194.7567770481, 2.305999755859375, 1600455194.7567770481, 46.1199951171875
1600455194.8017771244, 2.694000244140625, 1600455194.8207771778, 2.305999755859375, 1600455194.8207771778, 46.1199951171875
1600455194.8327770233, 2.694000244140625, 1600455194.8517770767, 2.305999755859375, 1600455194.8517770767, 46.1199951171875
1600455194.8637771606, 2.7615613937377929688, 1600455194.8827772141, 2.2384386062622070313, 1600455194.8827772141, 46.1199951171875
1600455194.8947770596, 2.7615613937377929688, 1600455194.913777113, 2.2384386062622070313, 1600455194.913777113, 46.1199951171875
1600455194.9257771969, 2.7615613937377929688, 1600455194.9457771778, 2.2384386062622070313, 1600455194.9457771778, 44.76877593994140625
1600455194.9567770958, 2.7615613937377929688, 1600455194.9767770767, 2.2384386062622070313, 1600455194.9767770767, 44.76877593994140625
1600455194.9877772331, 2.7615613937377929688, 1600455195.0077772141, 2.2384386062622070313, 1600455195.0077772141, 44.76877593994140625
1600455195.018777132, 2.7615613937377929688, 1600455195.038777113, 2.2384386062622070313, 1600455195.038777113, 44.76877593994140625
1600455195.0507771969, 2.694000244140625, 1600455195.0697770119, 2.305999755859375, 1600455195.0697770119, 46.1199951171875
1600455195.0807771683, 2.694000244140625, 1600455195.1007771492, 2.305999755859375, 1600455195.1007771492, 46.1199951171875
1600455195.1127772331, 2.7024452686309814453, 1600455195.1317770481, 2.2975547313690185547, 1600455195.1317770481, 46.1199951171875
1600455195.143777132, 2.7024452686309814453, 1600455195.1627771854, 2.2975547313690185547, 1600455195.1627771854, 46.1199951171875
1600455195.1747770309, 2.6348841190338134766, 1600455195.1937770844, 2.3651158809661865234, 1600455195.1937770844, 47.302318572998046875
1600455195.2057771683, 2.6348841190338134766, 1600455195.2247772217, 2.3651158809661865234, 1600455195.2247772217, 47.302318572998046875
1600455195.2367770672, 2.6348841190338134766, 1600455195.2557771206, 2.3651158809661865234, 1600455195.2557771206, 47.302318572998046875
1600455195.2677772045, 2.6348841190338134766, 1600455195.2867770195, 2.3651158809661865234, 1600455195.2867770195, 47.302318572998046875
1600455195.2987771034, 2.6348841190338134766, 1600455195.3177771568, 2.3651158809661865234, 1600455195.3177771568, 47.302318572998046875
1600455195.3297770023, 2.6264390945434570313, 1600455195.3487770557, 2.3735609054565429688, 1600455195.3487770557, 47.302318572998046875
1600455195.3607771397, 2.694000244140625, 1600455195.3797771931, 2.305999755859375, 1600455195.3797771931, 47.302318572998046875
1600455195.3947770596, 2.7317550182342529297, 1600455195.413777113, 2.2682449817657470703, 1600455195.413777113, 47.302318572998046875
1600455195.4257771969, 2.7317550182342529297, 1600455195.4447770119, 2.2682449817657470703, 1600455195.4447770119, 45.364902496337890625
1600455195.4567770958, 2.7317550182342529297, 1600455195.4757771492, 2.2682449817657470703, 1600455195.4757771492, 45.364902496337890625
1600455195.4877772331, 2.7317550182342529297, 1600455195.5067770481, 2.2682449817657470703, 1600455195.5067770481, 45.364902496337890625
1600455195.518777132, 2.7317550182342529297, 1600455195.5377771854, 2.2682449817657470703, 1600455195.5377771854, 45.364902496337890625
1600455195.5497770309, 2.7317550182342529297, 1600455195.5697770119, 2.2682449817657470703, 1600455195.5697770119, 45.364902496337890625
1600455195.5827770233, 2.7153763771057128906, 1600455195.6017770767, 2.2846236228942871094, 1600455195.6017770767, 45.364902496337890625
1600455195.6119070053, 2.7153763771057128906, 1600455195.6309070587, 2.2846236228942871094, 1600455195.6309070587, 45.364902496337890625
1600455195.6429071426, 2.7238216400146484375, 1600455195.661907196, 2.2761783599853515625, 1600455195.661907196, 45.364902496337890625
1600455195.6739070415, 2.7238216400146484375, 1600455195.692907095, 2.2761783599853515625, 1600455195.692907095, 45.52356719970703125
1600455195.7049071789, 2.6860668659210205078, 1600455195.7239069939, 2.3139331340789794922, 1600455195.7239069939, 45.52356719970703125
1600455195.7359070778, 2.6860668659210205078, 1600455195.7549071312, 2.3139331340789794922, 1600455195.7549071312, 45.52356719970703125
1600455195.7669072151, 2.6860668659210205078, 1600455195.7859070301, 2.3139331340789794922, 1600455195.7859070301, 45.52356719970703125
1600455195.797907114, 2.6860668659210205078, 1600455195.8169071674, 2.3139331340789794922, 1600455195.8169071674, 46.27866363525390625
1600455195.8289070129, 2.6860668659210205078, 1600455195.8479070663, 2.3139331340789794922, 1600455195.8479070663, 46.27866363525390625
1600455195.8599071503, 2.6860668659210205078, 1600455195.8789072037, 2.3139331340789794922, 1600455195.8789072037, 46.27866363525390625
1600455195.8909070492, 2.7024452686309814453, 1600455195.9099071026, 2.2975547313690185547, 1600455195.9099071026, 46.27866363525390625
1600455195.9219071865, 2.7024452686309814453, 1600455195.9409070015, 2.2975547313690185547, 1600455195.9409070015, 45.9510955810546875
1600455195.9529070854, 2.7024452686309814453, 1600455195.9719071388, 2.2975547313690185547, 1600455195.9719071388, 45.9510955810546875
1600455195.9839072227, 2.7024452686309814453, 1600455196.0029070377, 2.2975547313690185547, 1600455196.0029070377, 45.9510955810546875
1600455196.0149071217, 2.7024452686309814453, 1600455196.0339071751, 2.2975547313690185547, 1600455196.0339071751, 45.9510955810546875
1600455196.0459070206, 2.7024452686309814453, 1600455196.064907074, 2.2975547313690185547, 1600455196.064907074, 45.9510955810546875
1600455196.0769071579, 2.7024452686309814453, 1600455196.0959072113, 2.2975547313690185547, 1600455196.0959072113, 45.9510955810546875
1600455196.1079070568, 2.7024452686309814453, 1600455196.1269071102, 2.2975547313690185547, 1600455196.1269071102, 45.9510955810546875
1600455196.1389071941, 2.7024452686309814453, 1600455196.1579070091, 2.2975547313690185547, 1600455196.1579070091, 45.9510955810546875
1600455196.169907093, 2.7024452686309814453, 1600455196.1889071465, 2.2975547313690185547, 1600455196.1889071465, 45.9510955810546875
1600455196.200906992, 2.7024452686309814453, 1600455196.2199070454, 2.2975547313690185547, 1600455196.2199070454, 45.9510955810546875
1600455196.2319071293, 2.7024452686309814453, 1600455196.2509071827, -2.7024452686309814453, 1600455196.2509071827, 45.9510955810546875
1600455196.2629070282, 2.6348841190338134766, 1600455196.2829070091, -2.6348841190338134766, 1600455196.2829070091, 45.9510955810546875
1600455196.2939071655, 2.5673229694366455078, 1600455196.3139071465, -2.5673229694366455078, 1600455196.3139071465, -51.346462249755859375
1600455196.3249070644, 2.2970786094665527344, 1600455196.3449070454, -2.2970786094665527344, 1600455196.3449070454, -51.346462249755859375
1600455196.3559072018, 1.8241505622863769531, 1600455196.3759071827, -1.8241505622863769531, 1600455196.3759071827, -51.346462249755859375
1600455196.3869071007, 1.2836614847183227539, 1600455196.4069070816, -1.2836614847183227539, 1600455196.4069070816, -51.346462249755859375
1600455196.4189071655, 0.74317246675491333008, 1600455196.4379072189, -0.74317246675491333008, 1600455196.4379072189, -14.8634490966796875
1600455196.4499070644, 0.27024453878402709961, 1600455196.4689071178, -0.27024453878402709961, 1600455196.4689071178, -14.8634490966796875
1600455196.4809072018, -0.1351222693920135498, 1600455196.4999070168, 0.1351222693920135498, 1600455196.4999070168, -14.8634490966796875
1600455196.5119071007, -0.47292792797088623047, 1600455196.5309071541, 0.47292792797088623047, 1600455196.5309071541, -14.8634490966796875
1600455196.5429069996, -0.74317246675491333008, 1600455196.561907053, 0.74317246675491333008, 1600455196.561907053, 14.8634490966796875
1600455196.5739071369, -0.87829470634460449219, 1600455196.5929071903, 0.87829470634460449219, 1600455196.5929071903, 14.8634490966796875
1600455196.6049070358, -1.0134170055389404297, 1600455196.6239070892, 1.0134170055389404297, 1600455196.6239070892, 14.8634490966796875
1600455196.6359071732, -1.0134170055389404297, 1600455196.6549069881, 1.0134170055389404297, 1600455196.6549069881, 14.8634490966796875
1600455196.6669070721, -0.81073361635208129883, 1600455196.6859071255, 0.81073361635208129883, 1600455196.6859071255, 16.214672088623046875
1600455196.6979072094, -0.54048907756805419922, 1600455196.7169070244, 0.54048907756805419922, 1600455196.7169070244, 16.214672088623046875
1600455196.7289071083, -0.27024453878402709961, 1600455196.7479071617, 0.27024453878402709961, 1600455196.7479071617, 16.214672088623046875
1600455196.7599070072, -0.067561134696006774902, 1600455196.7789070606, 0.067561134696006774902, 1600455196.7789070606, 16.214672088623046875
1600455196.7909071445, 0.067561134696006774902, 1600455196.809907198, -0.067561134696006774902, 1600455196.809907198, -1.3512226343154907227
1600455196.8549070358, 0.1351222693920135498, 1600455196.8739070892, -0.1351222693920135498, 1600455196.8739070892, -1.3512226343154907227
1600455196.8859071732, 0.1351222693920135498, 1600455196.9049069881, -0.1351222693920135498, 1600455196.9049069881, -1.3512226343154907227
1600455196.9169070721, 0.067561134696006774902, 1600455196.9359071255, -0.067561134696006774902, 1600455196.9359071255, -1.3512226343154907227
1600455196.9479072094, 1.9539925656919228739e-15, 1600455196.9669070244, -1.9539925656919228739e-15, 1600455196.9669070244, -1.3512226343154907227
1600455196.9789071083, 1.9539925656919228739e-15, 1600455196.9979071617, -1.9539925656919228739e-15, 1600455196.9979071617, -1.3512226343154907227
1600455197.0099070072, 1.9539925656919228739e-15, 1600455197.0289070606, -1.9539925656919228739e-15, 1600455197.0289070606, -1.3512226343154907227
1600455197.0409071445, 1.9539925656919228739e-15, 1600455197.059907198, -1.9539925656919228739e-15, 1600455197.059907198, -3.9079850466805510223e-14
1600455197.0719070435, 1.9539925656919228739e-15, 1600455197.0909070969, -1.9539925656919228739e-15, 1600455197.0909070969, -3.9079850466805510223e-14
1600455197.1029071808, 1.9539925656919228739e-15, 1600455197.1219069958, -1.9539925656919228739e-15, 1600455197.1219069958, -3.9079850466805510223e-14
1600455197.1339070797, 1.9539925656919228739e-15, 1600455197.1539070606, -1.9539925656919228739e-15, 1600455197.1539070606, -3.9079850466805510223e-14
1600455197.164907217, 1.9539925656919228739e-15, 1600455197.184907198, -1.9539925656919228739e-15, 1600455197.184907198, -3.9079850466805510223e-14
1600455197.1959071159, 1.9539925656919228739e-15, 1600455197.2159070969, -1.9539925656919228739e-15, 1600455197.2159070969, -3.9079850466805510223e-14
1600455197.2269070148, 1.9539925656919228739e-15, 1600455197.2469069958, -1.9539925656919228739e-15, 1600455197.2469069958, -3.9079850466805510223e-14
1600455197.2579071522, 1.9539925656919228739e-15, 1600455197.2779071331, -1.9539925656919228739e-15, 1600455197.2779071331, -3.9079850466805510223e-14
1600455197.289907217, 1.9539925656919228739e-15, 1600455197.308907032, -1.9539925656919228739e-15, 1600455197.308907032, -3.9079850466805510223e-14
1600455197.3199071884, 1.9539925656919228739e-15, 1600455197.3399071693, -1.9539925656919228739e-15, 1600455197.3399071693, -3.9079850466805510223e-14
1600455197.3509070873, 1.9539925656919228739e-15, 1600455197.3709070683, -1.9539925656919228739e-15, 1600455197.3709070683, -3.9079850466805510223e-14
1600455197.3829071522, 1.9539925656919228739e-15, 1600455197.4019072056, -1.9539925656919228739e-15, 1600455197.4019072056, -3.9079850466805510223e-14
1600455197.4139070511, 1.9539925656919228739e-15, 1600455197.4329071045, -1.9539925656919228739e-15, 1600455197.4329071045, -3.9079850466805510223e-14
1600455197.4449071884, 1.9539925656919228739e-15, 1600455197.4639070034, -1.9539925656919228739e-15, 1600455197.4639070034, -3.9079850466805510223e-14
1600455197.4759070873, 1.9539925656919228739e-15, 1600455197.4949071407, -1.9539925656919228739e-15, 1600455197.4949071407, -3.9079850466805510223e-14
1600455197.5069072247, 1.9539925656919228739e-15, 1600455197.5259070396, -1.9539925656919228739e-15, 1600455197.5259070396, -3.9079850466805510223e-14
1600455197.5379071236, 1.9539925656919228739e-15, 1600455197.556907177, -1.9539925656919228739e-15, 1600455197.556907177, -3.9079850466805510223e-14
1600455197.5689070225, 1.9539925656919228739e-15, 1600455197.5879070759, -1.9539925656919228739e-15, 1600455197.5879070759, -3.9079850466805510223e-14
1600455197.5999071598, 1.9539925656919228739e-15, 1600455197.6189072132, -1.9539925656919228739e-15, 1600455197.6189072132, -3.9079850466805510223e-14
1600455197.6309070587, 1.9539925656919228739e-15, 1600455197.6499071121, -1.9539925656919228739e-15, 1600455197.6499071121, -3.9079850466805510223e-14
1600455197.661907196, 1.9539925656919228739e-15, 1600455197.680907011, -1.9539925656919228739e-15, 1600455197.680907011, -3.9079850466805510223e-14
1600455197.692907095, 1.9539925656919228739e-15, 1600455197.7119071484, -1.9539925656919228739e-15, 1600455197.7119071484, -3.9079850466805510223e-14
1600455197.7239069939, 1.9539925656919228739e-15, 1600455197.7429070473, -1.9539925656919228739e-15, 1600455197.7429070473, -3.9079850466805510223e-14
1600455197.7549071312, 1.9539925656919228739e-15, 1600455197.7739071846, -1.9539925656919228739e-15, 1600455197.7739071846, -3.9079850466805510223e-14
1600455197.7859070301, 1.9539925656919228739e-15, 1600455197.8049070835, -1.9539925656919228739e-15, 1600455197.8049070835, -3.9079850466805510223e-14
1600455197.8169071674, 1.9539925656919228739e-15, 1600455197.8359072208, -1.9539925656919228739e-15, 1600455197.8359072208, -3.9079850466805510223e-14
1600455197.8479070663, 1.9539925656919228739e-15, 1600455197.8669071198, -1.9539925656919228739e-15, 1600455197.8669071198, -3.9079850466805510223e-14
1600455197.8789072037, 1.9539925656919228739e-15, 1600455197.8979070187, -1.9539925656919228739e-15, 1600455197.8979070187, -3.9079850466805510223e-14
1600455197.9099071026, 1.9539925656919228739e-15, 1600455197.928907156, -1.9539925656919228739e-15, 1600455197.928907156, -3.9079850466805510223e-14
1600455197.9409070015, 1.9539925656919228739e-15, 1600455197.9599070549, -1.9539925656919228739e-15, 1600455197.9599070549, -3.9079850466805510223e-14
1600455197.9719071388, 1.9539925656919228739e-15, 1600455197.9909071922, -1.9539925656919228739e-15, 1600455197.9909071922, -3.9079850466805510223e-14
1600455198.0029070377, 1.9539925656919228739e-15, 1600455198.0219070911, -1.9539925656919228739e-15, 1600455198.0219070911, -3.9079850466805510223e-14
1600455198.0339071751, 1.9539925656919228739e-15, 1600455198.0529069901, -1.9539925656919228739e-15, 1600455198.0529069901, -3.9079850466805510223e-14
1600455198.064907074, 1.9539925656919228739e-15, 1600455198.0839071274, -1.9539925656919228739e-15, 1600455198.0839071274, -3.9079850466805510223e-14
1600455198.0979070663, 1.9539925656919228739e-15, 1600455198.1169071198, -1.9539925656919228739e-15, 1600455198.1169071198, -3.9079850466805510223e-14
1600455198.1300141811, 1.9539925656919228739e-15, 1600455198.1490142345, -1.9539925656919228739e-15, 1600455198.1490142345, -3.9079850466805510223e-14
1600455198.16101408, 1.9539925656919228739e-15, 1600455198.1800141335, -1.9539925656919228739e-15, 1600455198.1800141335, -3.9079850466805510223e-14
1600455198.1920142174, 1.9539925656919228739e-15, 1600455198.2110140324, -1.9539925656919228739e-15, 1600455198.2110140324, -3.9079850466805510223e-14
1600455198.2230141163, 1.9539925656919228739e-15, 1600455198.2420141697, -1.9539925656919228739e-15, 1600455198.2420141697, -3.9079850466805510223e-14
1600455198.2540140152, 1.9539925656919228739e-15, 1600455198.2730140686, -1.9539925656919228739e-15, 1600455198.2730140686, -3.9079850466805510223e-14
1600455198.2850141525, 1.9539925656919228739e-15, 1600455198.3040142059, -1.9539925656919228739e-15, 1600455198.3040142059, -3.9079850466805510223e-14
1600455198.3160140514, 1.9539925656919228739e-15, 1600455198.3350141048, -1.9539925656919228739e-15, 1600455198.3350141048, -3.9079850466805510223e-14
1600455198.3470141888, 1.9539925656919228739e-15, 1600455198.3660140038, -1.9539925656919228739e-15, 1600455198.3660140038, -3.9079850466805510223e-14
1600455198.3780140877, 1.9539925656919228739e-15, 1600455198.3970141411, -1.9539925656919228739e-15, 1600455198.3970141411, -3.9079850466805510223e-14
1600455198.409014225, 1.9539925656919228739e-15, 1600455198.42801404, -1.9539925656919228739e-15, 1600455198.42801404, -3.9079850466805510223e-14
1600455198.4400141239, 1.9539925656919228739e-15, 1600455198.4590141773, -1.9539925656919228739e-15, 1600455198.4590141773, -3.9079850466805510223e-14
1600455198.4710140228, 1.9539925656919228739e-15, 1600455198.4900140762, -1.9539925656919228739e-15, 1600455198.4900140762, -3.9079850466805510223e-14
1600455198.5020141602, 1.9539925656919228739e-15, 1600455198.5210142136, -1.9539925656919228739e-15, 1600455198.5210142136, -3.9079850466805510223e-14
1600455198.5330140591, 1.9539925656919228739e-15, 1600455198.5520141125, -1.9539925656919228739e-15, 1600455198.5520141125, -3.9079850466805510223e-14
1600455198.5640141964, 1.9539925656919228739e-15, 1600455198.5830140114, -1.9539925656919228739e-15, 1600455198.5830140114, -3.9079850466805510223e-14
1600455198.5950140953, 1.9539925656919228739e-15, 1600455198.6140141487, -1.9539925656919228739e-15, 1600455198.6140141487, -3.9079850466805510223e-14
1600455198.6260142326, 1.9539925656919228739e-15, 1600455198.6450140476, -1.9539925656919228739e-15, 1600455198.6450140476, -3.9079850466805510223e-14
1600455198.6570141315, 1.9539925656919228739e-15, 1600455198.676014185, -1.9539925656919228739e-15, 1600455198.676014185, -3.9079850466805510223e-14
1600455198.6880140305, 1.9539925656919228739e-15, 1600455198.7070140839, -1.9539925656919228739e-15, 1600455198.7070140839, -3.9079850466805510223e-14
1600455198.7190141678, 1.9539925656919228739e-15, 1600455198.7380142212, -1.9539925656919228739e-15, 1600455198.7380142212, -3.9079850466805510223e-14
1600455198.7500140667, 1.9539925656919228739e-15, 1600455198.7690141201, -1.9539925656919228739e-15, 1600455198.7690141201, -3.9079850466805510223e-14
1600455198.781014204, 1.9539925656919228739e-15, 1600455198.800014019, -1.9539925656919228739e-15, 1600455198.800014019, -3.9079850466805510223e-14
1600455198.8120141029, 1.9539925656919228739e-15, 1600455198.8310141563, -1.9539925656919228739e-15, 1600455198.8310141563, -3.9079850466805510223e-14
1600455198.8430140018, 1.9539925656919228739e-15, 1600455198.8620140553, -1.9539925656919228739e-15, 1600455198.8620140553, -3.9079850466805510223e-14
1600455198.9080140591, 1.9539925656919228739e-15, 1600455198.9270141125, -1.9539925656919228739e-15, 1600455198.9270141125, -3.9079850466805510223e-14
1600455198.9380140305, 1.9539925656919228739e-15, 1600455198.9580140114, -1.9539925656919228739e-15, 1600455198.9580140114, -3.9079850466805510223e-14
1600455198.9700140953, 1.9539925656919228739e-15, 1600455198.9890141487, -1.9539925656919228739e-15, 1600455198.9890141487, -3.9079850466805510223e-14
1600455199.0010142326, 1.9539925656919228739e-15, 1600455199.0200140476, -1.9539925656919228739e-15, 1600455199.0200140476, -3.9079850466805510223e-14
1600455199.0320141315, 1.9539925656919228739e-15, 1600455199.051014185, -1.9539925656919228739e-15, 1600455199.051014185, -3.9079850466805510223e-14
1600455199.0630140305, 1.9539925656919228739e-15, 1600455199.0820140839, -1.9539925656919228739e-15, 1600455199.0820140839, -3.9079850466805510223e-14
1600455199.0940141678, 1.9539925656919228739e-15, 1600455199.1130142212, -1.9539925656919228739e-15, 1600455199.1130142212, -3.9079850466805510223e-14
1600455199.1250140667, 1.9539925656919228739e-15, 1600455199.1440141201, -1.9539925656919228739e-15, 1600455199.1440141201, -3.9079850466805510223e-14
1600455199.156014204, 1.9539925656919228739e-15, 1600455199.175014019, -1.9539925656919228739e-15, 1600455199.175014019, -3.9079850466805510223e-14
1600455199.1870141029, 1.9539925656919228739e-15, 1600455199.2060141563, -1.9539925656919228739e-15, 1600455199.2060141563, -3.9079850466805510223e-14
1600455199.2180140018, 1.9539925656919228739e-15, 1600455199.2370140553, -1.9539925656919228739e-15, 1600455199.2370140553, -3.9079850466805510223e-14
1600455199.2490141392, 1.9539925656919228739e-15, 1600455199.2680141926, -1.9539925656919228739e-15, 1600455199.2680141926, -3.9079850466805510223e-14
1600455199.2800140381, 1.9539925656919228739e-15, 1600455199.2990140915, -1.9539925656919228739e-15, 1600455199.2990140915, -3.9079850466805510223e-14
1600455199.3110141754, 1.9539925656919228739e-15, 1600455199.3300142288, -1.9539925656919228739e-15, 1600455199.3300142288, -3.9079850466805510223e-14
1600455199.3420140743, 1.9539925656919228739e-15, 1600455199.3610141277, -1.9539925656919228739e-15, 1600455199.3610141277, -3.9079850466805510223e-14
1600455199.3730142117, 1.9539925656919228739e-15, 1600455199.3920140266, -1.9539925656919228739e-15, 1600455199.3920140266, -3.9079850466805510223e-14
1600455199.4040141106, 1.9539925656919228739e-15, 1600455199.423014164, -1.9539925656919228739e-15, 1600455199.423014164, -3.9079850466805510223e-14
1600455199.4350140095, 1.9539925656919228739e-15, 1600455199.4540140629, -1.9539925656919228739e-15, 1600455199.4540140629, -3.9079850466805510223e-14
1600455199.4660141468, 1.9539925656919228739e-15, 1600455199.4850142002, -1.9539925656919228739e-15, 1600455199.4850142002, -3.9079850466805510223e-14
1600455199.4970140457, 1.9539925656919228739e-15, 1600455199.5160140991, -1.9539925656919228739e-15, 1600455199.5160140991, -3.9079850466805510223e-14
1600455199.528014183, 1.9539925656919228739e-15, 1600455199.547013998, -1.9539925656919228739e-15, 1600455199.547013998, -3.9079850466805510223e-14
1600455199.559014082, 1.9539925656919228739e-15, 1600455199.5780141354, -1.9539925656919228739e-15, 1600455199.5780141354, -3.9079850466805510223e-14
1600455199.5900142193, 1.9539925656919228739e-15, 1600455199.6090140343, -1.9539925656919228739e-15, 1600455199.6090140343, -3.9079850466805510223e-14
1600455199.6210141182, 1.9539925656919228739e-15, 1600455199.6400141716, -1.9539925656919228739e-15, 1600455199.6400141716, -3.9079850466805510223e-14
1600455199.6520140171, 1.9539925656919228739e-15, 1600455199.6710140705, -1.9539925656919228739e-15, 1600455199.6710140705, -3.9079850466805510223e-14
1600455199.6830141544, 1.9539925656919228739e-15, 1600455199.7020142078, -1.9539925656919228739e-15, 1600455199.7020142078, -3.9079850466805510223e-14
1600455199.7140140533, 1.9539925656919228739e-15, 1600455199.7330141068, -1.9539925656919228739e-15, 1600455199.7330141068, -3.9079850466805510223e-14
1600455199.7450141907, 1.9539925656919228739e-15, 1600455199.7640140057, -1.9539925656919228739e-15, 1600455199.7640140057, -3.9079850466805510223e-14
1600455199.7760140896, 1.9539925656919228739e-15, 1600455199.795014143, -1.9539925656919228739e-15, 1600455199.795014143, -3.9079850466805510223e-14
1600455199.8070142269, 1.9539925656919228739e-15, 1600455199.8260140419, -1.9539925656919228739e-15, 1600455199.8260140419, -3.9079850466805510223e-14
1600455199.8380141258, 1.9539925656919228739e-15, 1600455199.8570141792, -1.9539925656919228739e-15, 1600455199.8570141792, -3.9079850466805510223e-14
1600455199.8690140247, 1.9539925656919228739e-15, 1600455199.8880140781, -1.9539925656919228739e-15, 1600455199.8880140781, -3.9079850466805510223e-14
1600455199.9000141621, 1.9539925656919228739e-15, 1600455199.920014143, -1.9539925656919228739e-15, 1600455199.920014143, -3.9079850466805510223e-14
1600455199.931014061, 1.9539925656919228739e-15, 1600455199.9510140419, -1.9539925656919228739e-15, 1600455199.9510140419, -3.9079850466805510223e-14
1600455199.9620141983, 1.9539925656919228739e-15, 1600455199.9820141792, -1.9539925656919228739e-15, 1600455199.9820141792, -3.9079850466805510223e-14
1600455199.9930140972, 1.9539925656919228739e-15, 1600455200.0130140781, -1.9539925656919228739e-15, 1600455200.0130140781, -3.9079850466805510223e-14
1600455200.0250141621, 1.9539925656919228739e-15, 1600455200.0440142155, -1.9539925656919228739e-15, 1600455200.0440142155, -3.9079850466805510223e-14
1600455200.0550141335, 1.9539925656919228739e-15, 1600455200.0750141144, -1.9539925656919228739e-15, 1600455200.0750141144, -3.9079850466805510223e-14
1600455200.0860140324, 1.9539925656919228739e-15, 1600455200.1060140133, -1.9539925656919228739e-15, 1600455200.1060140133, -3.9079850466805510223e-14
1600455200.1180140972, 1.9539925656919228739e-15, 1600455200.1370141506, -1.9539925656919228739e-15, 1600455200.1370141506, -3.9079850466805510223e-14
1600455200.1490142345, 1.9539925656919228739e-15, 1600455200.1680140495, -1.9539925656919228739e-15, 1600455200.1680140495, -3.9079850466805510223e-14
1600455200.1800141335, 1.9539925656919228739e-15, 1600455200.1990141869, -1.9539925656919228739e-15, 1600455200.1990141869, -3.9079850466805510223e-14
1600455200.2110140324, 1.9539925656919228739e-15, 1600455200.2300140858, -1.9539925656919228739e-15, 1600455200.2300140858, -3.9079850466805510223e-14
1600455200.2420141697, 1.9539925656919228739e-15, 1600455200.2610142231, -1.9539925656919228739e-15, 1600455200.2610142231, -3.9079850466805510223e-14
1600455200.2730140686, 1.9539925656919228739e-15, 1600455200.292014122, -1.9539925656919228739e-15, 1600455200.292014122, -3.9079850466805510223e-14
1600455200.3040142059, 1.9539925656919228739e-15, 1600455200.3230140209, -1.9539925656919228739e-15, 1600455200.3230140209, -3.9079850466805510223e-14
1600455200.3350141048, 1.9539925656919228739e-15, 1600455200.3540141582, -1.9539925656919228739e-15, 1600455200.3540141582, -3.9079850466805510223e-14
1600455200.3660140038, 1.9539925656919228739e-15, 1600455200.3850140572, -1.9539925656919228739e-15, 1600455200.3850140572, -3.9079850466805510223e-14
1600455200.4000141621, 1.9539925656919228739e-15, 1600455200.4190142155, -1.9539925656919228739e-15, 1600455200.4190142155, -3.9079850466805510223e-14
1600455200.431014061, 1.9539925656919228739e-15, 1600455200.4500141144, -1.9539925656919228739e-15, 1600455200.4500141144, -3.9079850466805510223e-14
1600455200.4620141983, 1.9539925656919228739e-15, 1600455200.4810140133, -1.9539925656919228739e-15, 1600455200.4810140133, -3.9079850466805510223e-14
1600455200.4930140972, 1.9539925656919228739e-15, 1600455200.5120141506, -1.9539925656919228739e-15, 1600455200.5120141506, -3.9079850466805510223e-14
1600455200.5240142345, 1.9539925656919228739e-15, 1600455200.5440142155, -1.9539925656919228739e-15, 1600455200.5440142155, -3.9079850466805510223e-14
1600455200.5550141335, 1.9539925656919228739e-15, 1600455200.5750141144, -1.9539925656919228739e-15, 1600455200.5750141144, -3.9079850466805510223e-14
1600455200.5860140324, 1.9539925656919228739e-15, 1600455200.6060140133, -1.9539925656919228739e-15, 1600455200.6060140133, -3.9079850466805510223e-14
1600455200.6190140247, 1.9539925656919228739e-15, 1600455200.6380140781, -1.9539925656919228739e-15, 1600455200.6380140781, -3.9079850466805510223e-14
1600455200.6484048367, 1.9539925656919228739e-15, 1600455200.6674048901, -1.9539925656919228739e-15, 1600455200.6674048901, -3.9079850466805510223e-14
1600455200.679404974, 1.9539925656919228739e-15, 1600455200.6984050274, -1.9539925656919228739e-15, 1600455200.6984050274, -3.9079850466805510223e-14
1600455200.7104048729, 1.9539925656919228739e-15, 1600455200.7294049263, -1.9539925656919228739e-15, 1600455200.7294049263, -3.9079850466805510223e-14
1600455200.7414050102, 1.9539925656919228739e-15, 1600455200.7604048252, -1.9539925656919228739e-15, 1600455200.7604048252, -3.9079850466805510223e-14
1600455200.7724049091, 1.9539925656919228739e-15, 1600455200.7914049625, -1.9539925656919228739e-15, 1600455200.7914049625, -3.9079850466805510223e-14
1600455200.8034050465, 1.9539925656919228739e-15, 1600455200.8224048615, -1.9539925656919228739e-15, 1600455200.8224048615, -3.9079850466805510223e-14
1600455200.8344049454, 1.9539925656919228739e-15, 1600455200.8534049988, -1.9539925656919228739e-15, 1600455200.8534049988, -3.9079850466805510223e-14
1600455200.8654048443, 1.9539925656919228739e-15, 1600455200.8844048977, -1.9539925656919228739e-15, 1600455200.8844048977, -3.9079850466805510223e-14
1600455200.8964049816, 1.9539925656919228739e-15, 1600455200.915405035, -1.9539925656919228739e-15, 1600455200.915405035, -3.9079850466805510223e-14
