# /joint_state/header/stamp, /joint_state/velocity/0, /pid_left_state/header/stamp, /pid_left_state/error, /pid_left_state/header/stamp, /pid_left_state/output
1600456236.8288810253, 1.7985612998927535955e-14, 1600456236.8488810062, -1.7985612998927535955e-14, 1600456236.8488810062, -1.4388490399142028764e-13
1600456236.8598809242, 1.7985612998927535955e-14, 1600456236.8798809052, -1.7985612998927535955e-14, 1600456236.8798809052, -1.4388490399142028764e-13
1600456236.8918809891, 1.7985612998927535955e-14, 1600456236.9108810425, -1.7985612998927535955e-14, 1600456236.9108810425, -1.4388490399142028764e-13
1600456236.9218809605, 1.7985612998927535955e-14, 1600456236.9418809414, -1.7985612998927535955e-14, 1600456236.9418809414, -1.4388490399142028764e-13
1600456236.9528810978, 1.7985612998927535955e-14, 1600456236.9728810787, -1.7985612998927535955e-14, 1600456236.9728810787, -1.4388490399142028764e-13
1600456236.9878809452, 1.7985612998927535955e-14, 1600456237.0068809986, -1.7985612998927535955e-14, 1600456237.0068809986, -1.4388490399142028764e-13
1600456237.0188810825, 1.7985612998927535955e-14, 1600456237.0378808975, -1.7985612998927535955e-14, 1600456237.0378808975, -1.4388490399142028764e-13
1600456237.0498809814, 1.7985612998927535955e-14, 1600456237.0688810349, -1.7985612998927535955e-14, 1600456237.0688810349, -1.4388490399142028764e-13
1600456237.0808808804, 1.7985612998927535955e-14, 1600456237.0998809338, -1.7985612998927535955e-14, 1600456237.0998809338, -1.4388490399142028764e-13
1600456237.1118810177, 1.7985612998927535955e-14, 1600456237.1308810711, -1.7985612998927535955e-14, 1600456237.1308810711, -1.4388490399142028764e-13
1600456237.1428809166, 1.7985612998927535955e-14, 1600456237.16188097, -1.7985612998927535955e-14, 1600456237.16188097, -1.4388490399142028764e-13
1600456237.1738810539, 1.7985612998927535955e-14, 1600456237.1928811073, -1.7985612998927535955e-14, 1600456237.1928811073, -1.4388490399142028764e-13
1600456237.2048809528, 1.7985612998927535955e-14, 1600456237.2238810062, -1.7985612998927535955e-14, 1600456237.2238810062, -1.4388490399142028764e-13
1600456237.2358810902, 1.7985612998927535955e-14, 1600456237.2548809052, -1.7985612998927535955e-14, 1600456237.2548809052, -1.4388490399142028764e-13
1600456237.2668809891, 1.7985612998927535955e-14, 1600456237.2858810425, -1.7985612998927535955e-14, 1600456237.2858810425, -1.4388490399142028764e-13
1600456237.297880888, 1.7985612998927535955e-14, 1600456237.3168809414, -1.7985612998927535955e-14, 1600456237.3168809414, -1.4388490399142028764e-13
1600456237.3288810253, 1.7985612998927535955e-14, 1600456237.3478810787, -1.7985612998927535955e-14, 1600456237.3478810787, -1.4388490399142028764e-13
1600456237.3938810825, 1.7985612998927535955e-14, 1600456237.4128808975, -1.7985612998927535955e-14, 1600456237.4128808975, -1.4388490399142028764e-13
1600456237.4248809814, 1.7985612998927535955e-14, 1600456237.4438810349, -1.7985612998927535955e-14, 1600456237.4438810349, -1.4388490399142028764e-13
1600456237.4558808804, 1.7985612998927535955e-14, 1600456237.4748809338, -1.7985612998927535955e-14, 1600456237.4748809338, -1.4388490399142028764e-13
1600456237.4868810177, 1.7985612998927535955e-14, 1600456237.5058810711, -1.7985612998927535955e-14, 1600456237.5058810711, -1.4388490399142028764e-13
1600456237.5178809166, 1.7985612998927535955e-14, 1600456237.53688097, -1.7985612998927535955e-14, 1600456237.53688097, -1.4388490399142028764e-13
1600456237.5488810539, 1.7985612998927535955e-14, 1600456237.5678811073, -1.7985612998927535955e-14, 1600456237.5678811073, -1.4388490399142028764e-13
1600456237.5798809528, 1.7985612998927535955e-14, 1600456237.5988810062, -1.7985612998927535955e-14, 1600456237.5988810062, -1.4388490399142028764e-13
1600456237.6108810902, 1.7985612998927535955e-14, 1600456237.6298809052, -1.7985612998927535955e-14, 1600456237.6298809052, -1.4388490399142028764e-13
1600456237.6418809891, 1.7985612998927535955e-14, 1600456237.6608810425, -1.7985612998927535955e-14, 1600456237.6608810425, -1.4388490399142028764e-13
1600456237.672880888, 1.7985612998927535955e-14, 1600456237.6918809414, -1.7985612998927535955e-14, 1600456237.6918809414, -1.4388490399142028764e-13
1600456237.7038810253, 1.7985612998927535955e-14, 1600456237.7228810787, -1.7985612998927535955e-14, 1600456237.7228810787, -1.4388490399142028764e-13
1600456237.7348809242, 1.7985612998927535955e-14, 1600456237.7538809776, -1.7985612998927535955e-14, 1600456237.7538809776, -1.4388490399142028764e-13
1600456237.7658810616, 1.7985612998927535955e-14, 1600456237.7848808765, -1.7985612998927535955e-14, 1600456237.7848808765, -1.4388490399142028764e-13
1600456237.7968809605, 1.7985612998927535955e-14, 1600456237.8158810139, -1.7985612998927535955e-14, 1600456237.8158810139, -1.4388490399142028764e-13
1600456237.8278810978, 1.7985612998927535955e-14, 1600456237.8468809128, -1.7985612998927535955e-14, 1600456237.8468809128, -1.4388490399142028764e-13
1600456237.8588809967, 1.7985612998927535955e-14, 1600456237.8778810501, -1.7985612998927535955e-14, 1600456237.8778810501, -1.4388490399142028764e-13
1600456237.8898808956, 1.7985612998927535955e-14, 1600456237.908880949, -1.7985612998927535955e-14, 1600456237.908880949, -1.4388490399142028764e-13
1600456237.9208810329, 1.7985612998927535955e-14, 1600456237.9398810863, -1.7985612998927535955e-14, 1600456237.9398810863, -1.4388490399142028764e-13
1600456237.9518809319, 1.7985612998927535955e-14, 1600456237.9708809853, -1.7985612998927535955e-14, 1600456237.9708809853, -1.4388490399142028764e-13
1600456237.9828810692, 1.7985612998927535955e-14, 1600456238.0018808842, -1.7985612998927535955e-14, 1600456238.0018808842, -1.4388490399142028764e-13
1600456238.0138809681, 1.7985612998927535955e-14, 1600456238.0328810215, -1.7985612998927535955e-14, 1600456238.0328810215, -1.4388490399142028764e-13
1600456238.0448811054, 1.7985612998927535955e-14, 1600456238.0638809204, -1.7985612998927535955e-14, 1600456238.0638809204, -1.4388490399142028764e-13
1600456238.0758810043, 1.7985612998927535955e-14, 1600456238.0948810577, -1.7985612998927535955e-14, 1600456238.0948810577, -1.4388490399142028764e-13
1600456238.1068809032, 1.7985612998927535955e-14, 1600456238.1258809566, -1.7985612998927535955e-14, 1600456238.1258809566, -1.4388490399142028764e-13
1600456238.1378810406, 1.7985612998927535955e-14, 1600456238.156881094, -1.7985612998927535955e-14, 1600456238.156881094, -1.4388490399142028764e-13
1600456238.1688809395, 1.7985612998927535955e-14, 1600456238.1878809929, -1.7985612998927535955e-14, 1600456238.1878809929, -1.4388490399142028764e-13
1600456238.1998810768, 1.7985612998927535955e-14, 1600456238.2188808918, -1.7985612998927535955e-14, 1600456238.2188808918, -1.4388490399142028764e-13
1600456238.2308809757, 1.7985612998927535955e-14, 1600456238.2508809566, -1.7985612998927535955e-14, 1600456238.2508809566, -1.4388490399142028764e-13
1600456238.2618811131, 1.7985612998927535955e-14, 1600456238.281881094, -1.7985612998927535955e-14, 1600456238.281881094, -1.4388490399142028764e-13
1600456238.292881012, 1.7985612998927535955e-14, 1600456238.3128809929, -1.7985612998927535955e-14, 1600456238.3128809929, -1.4388490399142028764e-13
1600456238.3238809109, 1.7985612998927535955e-14, 1600456238.3438808918, -1.7985612998927535955e-14, 1600456238.3438808918, -1.4388490399142028764e-13
1600456238.3568809032, 1.7985612998927535955e-14, 1600456238.3758809566, -1.7985612998927535955e-14, 1600456238.3758809566, -1.4388490399142028764e-13
1600456238.3878810406, 1.7985612998927535955e-14, 1600456238.406881094, -1.7985612998927535955e-14, 1600456238.406881094, -1.4388490399142028764e-13
1600456238.4179141521, 1.7985612998927535955e-14, 1600456238.4369142056, -1.7985612998927535955e-14, 1600456238.4369142056, -1.4388490399142028764e-13
1600456238.4489140511, 1.7985612998927535955e-14, 1600456238.4679141045, -1.7985612998927535955e-14, 1600456238.4679141045, -1.4388490399142028764e-13
1600456238.4799141884, 1.7985612998927535955e-14, 1600456238.4989140034, -1.7985612998927535955e-14, 1600456238.4989140034, -1.4388490399142028764e-13
1600456238.5109140873, 1.7985612998927535955e-14, 1600456238.5299141407, -1.7985612998927535955e-14, 1600456238.5299141407, -1.4388490399142028764e-13
1600456238.5419142246, 1.7985612998927535955e-14, 1600456238.5609140396, -1.7985612998927535955e-14, 1600456238.5609140396, -1.4388490399142028764e-13
1600456238.5729141235, 1.7985612998927535955e-14, 1600456238.5919141769, 5, 1600456238.5919141769, -1.4388490399142028764e-13
1600456238.6039140224, 1.7985612998927535955e-14, 1600456238.6229140759, 5, 1600456238.6229140759, -1.4388490399142028764e-13
1600456238.6349141598, 1.7985612998927535955e-14, 1600456238.6539142132, 5, 1600456238.6539142132, 40
1600456238.6659140587, 0.067561134696006774902, 1600456238.6849141121, 4.9324388504028320313, 1600456238.6849141121, 40
1600456238.696914196, 0.27024453878402709961, 1600456238.715914011, 4.729755401611328125, 1600456238.715914011, 40
1600456238.7279140949, 0.47292792797088623047, 1600456238.7469141483, 4.5270719528198242188, 1600456238.7469141483, 40
1600456238.7589142323, 0.67561131715774536133, 1600456238.7779140472, 4.3243885040283203125, 1600456238.7779140472, 34.5951080322265625
1600456238.7899141312, 0.87829470634460449219, 1600456238.8089141846, 4.1217050552368164063, 1600456238.8089141846, 34.5951080322265625
1600456238.8209140301, 1.0809781551361083984, 1600456238.8399140835, 3.9190218448638916016, 1600456238.8399140835, 34.5951080322265625
1600456238.8519141674, 1.2836614847183227539, 1600456238.8709142208, 3.7163383960723876953, 1600456238.8709142208, 34.5951080322265625
1600456238.8829140663, 1.4187837839126586914, 1600456238.9019141197, 3.5812163352966308594, 1600456238.9019141197, 28.649730682373046875
1600456238.9139142036, 1.6214672327041625977, 1600456238.9329140186, 3.3785328865051269531, 1600456238.9329140186, 28.649730682373046875
1600456238.9449141026, 1.7565894126892089844, 1600456238.9649140835, 3.2434105873107910156, 1600456238.9649140835, 28.649730682373046875
1600456238.9759140015, 1.8917117118835449219, 1600456238.9959142208, 3.1082882881164550781, 1600456238.9959142208, 28.649730682373046875
1600456239.0079140663, 1.8241505622863769531, 1600456239.0269141197, 3.1758494377136230469, 1600456239.0269141197, 25.406795501708984375
1600456239.0379140377, 1.7565894126892089844, 1600456239.0579140186, 3.2434105873107910156, 1600456239.0579140186, 25.406795501708984375
1600456239.068914175, 1.6890282630920410156, 1600456239.088914156, 3.3109717369079589844, 1600456239.088914156, 25.406795501708984375
1600456239.0999140739, 1.6214672327041625977, 1600456239.1199140549, 3.3785328865051269531, 1600456239.1199140549, 25.406795501708984375
1600456239.1319141388, 1.5539060831069946289, 1600456239.1509141922, 3.4460940361022949219, 1600456239.1509141922, 27.568752288818359375
1600456239.1629140377, 1.4863449335098266602, 1600456239.1819140911, 3.5136551856994628906, 1600456239.1819140911, 27.568752288818359375
1600456239.193914175, 1.4863449335098266602, 1600456239.2129142284, 3.5136551856994628906, 1600456239.2129142284, 27.568752288818359375
1600456239.2249140739, 1.4187837839126586914, 1600456239.2439141273, 3.5812163352966308594, 1600456239.2439141273, 27.568752288818359375
1600456239.2559142113, 1.4187837839126586914, 1600456239.2749140263, 3.5812163352966308594, 1600456239.2749140263, 28.649730682373046875
1600456239.2869141102, 1.4187837839126586914, 1600456239.3059141636, 3.5812163352966308594, 1600456239.3059141636, 28.649730682373046875
1600456239.3179140091, 1.4187837839126586914, 1600456239.3369140625, 3.5812163352966308594, 1600456239.3369140625, 28.649730682373046875
1600456239.3489141464, 1.414561152458190918, 1600456239.3679141998, 3.5854387283325195313, 1600456239.3679141998, 28.649730682373046875
1600456239.3799140453, 1.414561152458190918, 1600456239.3989140987, 3.5854387283325195313, 1600456239.3989140987, 28.68350982666015625
1600456239.443914175, 1.4430636167526245117, 1600456239.4629142284, 3.5569365024566650391, 1600456239.4629142284, 28.68350982666015625
1600456239.4749140739, 1.4430636167526245117, 1600456239.4939141273, 3.5569365024566650391, 1600456239.4939141273, 28.68350982666015625
1600456239.5059142113, 1.5106246471405029297, 1600456239.5249140263, 3.4893753528594970703, 1600456239.5249140263, 27.915002822875976563
1600456239.5369141102, 1.5106246471405029297, 1600456239.5559141636, 3.4893753528594970703, 1600456239.5559141636, 27.915002822875976563
1600456239.5679140091, 1.5106246471405029297, 1600456239.5869140625, 3.4893753528594970703, 1600456239.5869140625, 27.915002822875976563
1600456239.5989141464, 1.5106246471405029297, 1600456239.6179141998, 3.4893753528594970703, 1600456239.6179141998, 27.915002822875976563
1600456239.6299140453, 1.4430636167526245117, 1600456239.6489140987, 3.5569365024566650391, 1600456239.6489140987, 28.455492019653320313
1600456239.6609141827, 1.4430636167526245117, 1600456239.6799139977, 3.5569365024566650391, 1600456239.6799139977, 28.455492019653320313
1600456239.6919140816, 1.5148472785949707031, 1600456239.710914135, 3.4851527214050292969, 1600456239.710914135, 28.455492019653320313
1600456239.7229142189, 1.5148472785949707031, 1600456239.7419140339, 3.4851527214050292969, 1600456239.7419140339, 28.455492019653320313
1600456239.7539141178, 1.4863449335098266602, 1600456239.7729141712, 3.5136551856994628906, 1600456239.7729141712, 28.109241485595703125
1600456239.7849140167, 1.4863449335098266602, 1600456239.8039140701, 3.5136551856994628906, 1600456239.8039140701, 28.109241485595703125
1600456239.8159141541, 1.4863449335098266602, 1600456239.835914135, 3.5136551856994628906, 1600456239.835914135, 28.109241485595703125
1600456239.846914053, 1.4863449335098266602, 1600456239.8669140339, 3.5136551856994628906, 1600456239.8669140339, 28.109241485595703125
1600456239.8789141178, 1.4863449335098266602, 1600456239.8979141712, 3.5136551856994628906, 1600456239.8979141712, 28.109241485595703125
1600456239.9089140892, 1.4863449335098266602, 1600456239.9289140701, 3.5136551856994628906, 1600456239.9289140701, 28.109241485595703125
1600456239.9399142265, 1.5539060831069946289, 1600456239.9599142075, 3.4460940361022949219, 1600456239.9599142075, 28.109241485595703125
1600456239.9709141254, 1.5539060831069946289, 1600456239.9909141064, 3.4460940361022949219, 1600456239.9909141064, 28.109241485595703125
1600456240.0029141903, 1.4863449335098266602, 1600456240.0219140053, 3.5136551856994628906, 1600456240.0219140053, 28.109241485595703125
1600456240.0339140892, 1.4863449335098266602, 1600456240.0529141426, 3.5136551856994628906, 1600456240.0529141426, 28.109241485595703125
1600456240.0649142265, 1.5539060831069946289, 1600456240.0839140415, 3.4460940361022949219, 1600456240.0839140415, 28.109241485595703125
1600456240.0959141254, 1.5539060831069946289, 1600456240.1149141788, 3.4460940361022949219, 1600456240.1149141788, 28.109241485595703125
1600456240.1269140244, 1.4863449335098266602, 1600456240.1459140778, 3.5136551856994628906, 1600456240.1459140778, 28.109241485595703125
1600456240.1579141617, 1.4863449335098266602, 1600456240.1769142151, 3.5136551856994628906, 1600456240.1769142151, 28.109241485595703125
1600456240.1889140606, 1.5539060831069946289, 1600456240.207914114, 3.4460940361022949219, 1600456240.207914114, 28.109241485595703125
1600456240.2199141979, 1.5496834516525268555, 1600456240.2389140129, 3.4503164291381835938, 1600456240.2389140129, 28.109241485595703125
1600456240.2509140968, 1.4821223020553588867, 1600456240.2699141502, 3.5178775787353515625, 1600456240.2699141502, 28.1430206298828125
1600456240.2819142342, 1.4821223020553588867, 1600456240.3009140491, 3.5178775787353515625, 1600456240.3009140491, 28.1430206298828125
1600456240.3129141331, 1.4821223020553588867, 1600456240.3319141865, 3.5178775787353515625, 1600456240.3319141865, 28.1430206298828125
1600456240.343914032, 1.5496834516525268555, 1600456240.3629140854, 3.4503164291381835938, 1600456240.3629140854, 28.1430206298828125
1600456240.3749141693, 1.4821223020553588867, 1600456240.3939142227, 3.5178775787353515625, 1600456240.3939142227, 28.1430206298828125
1600456240.4059140682, 1.4821223020553588867, 1600456240.4249141216, 3.5178775787353515625, 1600456240.4249141216, 28.1430206298828125
1600456240.4369142056, 1.4821223020553588867, 1600456240.4559140205, 3.5178775787353515625, 1600456240.4559140205, 28.1430206298828125
1600456240.4679141045, 1.5496834516525268555, 1600456240.4869141579, 3.4503164291381835938, 1600456240.4869141579, 28.1430206298828125
1600456240.4989140034, 1.4821223020553588867, 1600456240.5179140568, 3.5178775787353515625, 1600456240.5179140568, 28.1430206298828125
1600456240.5299141407, 1.4863449335098266602, 1600456240.5489141941, 3.5136551856994628906, 1600456240.5489141941, 28.1430206298828125
1600456240.5609140396, 1.4863449335098266602, 1600456240.579914093, 3.5136551856994628906, 1600456240.579914093, 28.1430206298828125
1600456240.5919141769, 1.4863449335098266602, 1600456240.6109142303, 3.5136551856994628906, 1600456240.6109142303, 28.1430206298828125
1600456240.6229140759, 1.5539060831069946289, 1600456240.6419141293, 3.4460940361022949219, 1600456240.6419141293, 27.568752288818359375
1600456240.6539142132, 1.4863449335098266602, 1600456240.6729140282, 3.5136551856994628906, 1600456240.6729140282, 27.568752288818359375
1600456240.6849141121, 1.4863449335098266602, 1600456240.7039141655, 3.5136551856994628906, 1600456240.7039141655, 27.568752288818359375
1600456240.715914011, 1.4863449335098266602, 1600456240.7349140644, 3.5136551856994628906, 1600456240.7349140644, 27.568752288818359375
1600456240.7469141483, 1.4863449335098266602, 1600456240.7659142017, 3.5136551856994628906, 1600456240.7659142017, 28.109241485595703125
1600456240.7779140472, 1.4187837839126586914, 1600456240.7969141006, 3.5812163352966308594, 1600456240.7969141006, 28.109241485595703125
1600456240.8089141846, 1.4863449335098266602, 1600456240.8279139996, 3.5136551856994628906, 1600456240.8279139996, 28.109241485595703125
1600456240.8399140835, 1.4863449335098266602, 1600456240.8589141369, 3.5136551856994628906, 1600456240.8589141369, 28.109241485595703125
1600456240.8729140759, 1.4821223020553588867, 1600456240.8919141293, 3.5178775787353515625, 1600456240.8919141293, 28.1430206298828125
1600456240.9039142132, 1.4821223020553588867, 1600456240.9229140282, 3.5178775787353515625, 1600456240.9229140282, 28.1430206298828125
1600456240.9363079071, 1.4757884740829467773, 1600456240.9553079605, 3.5242114067077636719, 1600456240.9553079605, 28.1430206298828125
1600456240.9673080444, 1.4757884740829467773, 1600456240.9863078594, 3.5242114067077636719, 1600456240.9863078594, 28.1430206298828125
1600456240.9983079433, 1.4757884740829467773, 1600456241.0173079967, 3.5242114067077636719, 1600456241.0173079967, 28.193691253662109375
1600456241.0293078423, 1.4757884740829467773, 1600456241.0483078957, 3.5242114067077636719, 1600456241.0483078957, 28.193691253662109375
1600456241.0603079796, 1.4757884740829467773, 1600456241.079308033, 3.5242114067077636719, 1600456241.079308033, 28.193691253662109375
1600456241.0913078785, 1.5433496236801147461, 1600456241.1103079319, 3.4566504955291748047, 1600456241.1103079319, 28.193691253662109375
1600456241.1223080158, 1.4757884740829467773, 1600456241.1413078308, 3.5242114067077636719, 1600456241.1413078308, 28.193691253662109375
1600456241.1533079147, 1.4757884740829467773, 1600456241.1723079681, 3.5242114067077636719, 1600456241.1723079681, 28.193691253662109375
1600456241.1843080521, 1.4800111055374145508, 1600456241.2033078671, 3.519989013671875, 1600456241.2033078671, 28.193691253662109375
1600456241.215307951, 1.4800111055374145508, 1600456241.2343080044, 3.519989013671875, 1600456241.2343080044, 28.193691253662109375
1600456241.2463078499, 1.4863449335098266602, 1600456241.2653079033, 3.5136551856994628906, 1600456241.2653079033, 28.109241485595703125
1600456241.2773079872, 1.4863449335098266602, 1600456241.2963080406, 3.5136551856994628906, 1600456241.2963080406, 28.109241485595703125
1600456241.3083078861, 1.4863449335098266602, 1600456241.3273079395, 3.5136551856994628906, 1600456241.3273079395, 28.109241485595703125
1600456241.3393080235, 1.4863449335098266602, 1600456241.3583078384, 3.5136551856994628906, 1600456241.3583078384, 28.109241485595703125
1600456241.3703079224, 1.4863449335098266602, 1600456241.3893079758, 3.5136551856994628906, 1600456241.3893079758, 28.109241485595703125
1600456241.4013080597, 1.4863449335098266602, 1600456241.4203078747, 3.5136551856994628906, 1600456241.4203078747, 28.109241485595703125
1600456241.4323079586, 1.4863449335098266602, 1600456241.451308012, 3.5136551856994628906, 1600456241.451308012, 28.109241485595703125
1600456241.4973080158, 1.4821223020553588867, 1600456241.5163078308, 3.5178775787353515625, 1600456241.5163078308, 28.1430206298828125
1600456241.5273079872, 1.5496834516525268555, 1600456241.5473079681, 3.4503164291381835938, 1600456241.5473079681, 28.1430206298828125
1600456241.5583078861, 1.5496834516525268555, 1600456241.5783078671, 3.4503164291381835938, 1600456241.5783078671, 28.1430206298828125
1600456241.590307951, 1.4821223020553588867, 1600456241.6093080044, 3.5178775787353515625, 1600456241.6093080044, 28.1430206298828125
1600456241.6213078499, 1.4821223020553588867, 1600456241.6403079033, 3.5178775787353515625, 1600456241.6403079033, 28.1430206298828125
1600456241.6523079872, 1.5496834516525268555, 1600456241.6713080406, 3.4503164291381835938, 1600456241.6713080406, 28.1430206298828125
1600456241.6833078861, 1.5496834516525268555, 1600456241.7023079395, 3.4503164291381835938, 1600456241.7023079395, 28.1430206298828125
1600456241.7143080235, 1.5496834516525268555, 1600456241.7333078384, 3.4503164291381835938, 1600456241.7333078384, 28.1430206298828125
1600456241.7453079224, 1.4821223020553588867, 1600456241.7643079758, 3.5178775787353515625, 1600456241.7643079758, 28.1430206298828125
1600456241.7763080597, 1.4821223020553588867, 1600456241.7953078747, 3.5178775787353515625, 1600456241.7953078747, 28.1430206298828125
1600456241.8073079586, 1.5475721359252929688, 1600456241.826308012, 3.4524278640747070313, 1600456241.826308012, 28.1430206298828125
1600456241.8383078575, 1.4800111055374145508, 1600456241.8573079109, 3.519989013671875, 1600456241.8573079109, 28.1430206298828125
1600456241.8693079948, 1.4800111055374145508, 1600456241.8883080482, 3.519989013671875, 1600456241.8883080482, 28.159912109375
1600456241.9003078938, 1.4800111055374145508, 1600456241.9193079472, 3.519989013671875, 1600456241.9193079472, 28.159912109375
1600456241.9313080311, 1.5475721359252929688, 1600456241.9503078461, 3.4524278640747070313, 1600456241.9503078461, 28.159912109375
1600456241.96230793, 1.4800111055374145508, 1600456241.9813079834, 3.519989013671875, 1600456241.9813079834, 28.159912109375
1600456241.9963078499, 1.4680885076522827148, 1600456242.0153079033, 3.5319116115570068359, 1600456242.0153079033, 28.255292892456054688
1600456242.0273079872, 1.4680885076522827148, 1600456242.0473079681, 3.5319116115570068359, 1600456242.0473079681, 28.255292892456054688
1600456242.0583078861, 1.5356496572494506836, 1600456242.0783078671, 3.4643504619598388672, 1600456242.0783078671, 28.255292892456054688
1600456242.0893080235, 1.5356496572494506836, 1600456242.1093080044, 3.4643504619598388672, 1600456242.1093080044, 28.255292892456054688
1600456242.1213078499, 1.4744223356246948242, 1600456242.1403079033, 3.525577545166015625, 1600456242.1403079033, 28.204620361328125
1600456242.1513080597, 1.4744223356246948242, 1600456242.1713080406, 3.525577545166015625, 1600456242.1713080406, 28.204620361328125
1600456242.1823079586, 1.541983485221862793, 1600456242.2023079395, 3.4580163955688476563, 1600456242.2023079395, 28.204620361328125
1600456242.2143080235, 1.541983485221862793, 1600456242.2333078384, 3.4580163955688476563, 1600456242.2333078384, 28.204620361328125
1600456242.2453079224, 1.4744223356246948242, 1600456242.2643079758, 3.525577545166015625, 1600456242.2643079758, 28.204620361328125
1600456242.2763080597, 1.4744223356246948242, 1600456242.2953078747, 3.525577545166015625, 1600456242.2953078747, 28.204620361328125
1600456242.3073079586, 1.4863449335098266602, 1600456242.326308012, 3.5136551856994628906, 1600456242.326308012, 28.204620361328125
1600456242.3383078575, 1.5539060831069946289, 1600456242.3573079109, 3.4460940361022949219, 1600456242.3573079109, 28.204620361328125
1600456242.3693079948, 1.4863449335098266602, 1600456242.3883080482, 3.5136551856994628906, 1600456242.3883080482, 28.109241485595703125
1600456242.4003078938, 1.4863449335098266602, 1600456242.4193079472, 3.5136551856994628906, 1600456242.4193079472, 28.109241485595703125
1600456242.4313080311, 1.4821223020553588867, 1600456242.4503078461, 3.5178775787353515625, 1600456242.4503078461, 28.109241485595703125
1600456242.46230793, 1.4821223020553588867, 1600456242.4813079834, 3.5178775787353515625, 1600456242.4813079834, 28.109241485595703125
1600456242.4933078289, 1.4821223020553588867, 1600456242.5123078823, 3.5178775787353515625, 1600456242.5123078823, 28.1430206298828125
1600456242.5243079662, 1.4821223020553588867, 1600456242.5433080196, 3.5178775787353515625, 1600456242.5433080196, 28.1430206298828125
1600456242.5553078651, 1.4821223020553588867, 1600456242.5743079185, 3.5178775787353515625, 1600456242.5743079185, 28.1430206298828125
1600456242.5863080025, 1.4821223020553588867, 1600456242.6053080559, 3.5178775787353515625, 1600456242.6053080559, 28.1430206298828125
1600456242.6173079014, 1.5496834516525268555, 1600456242.6363079548, 3.4503164291381835938, 1600456242.6363079548, 27.60253143310546875
1600456242.6483080387, 1.4821223020553588867, 1600456242.6673078537, 3.5178775787353515625, 1600456242.6673078537, 27.60253143310546875
1600456242.6793079376, 1.4821223020553588867, 1600456242.698307991, 3.5178775787353515625, 1600456242.698307991, 27.60253143310546875
1600456242.7103078365, 1.4821223020553588867, 1600456242.7293078899, 3.5178775787353515625, 1600456242.7293078899, 27.60253143310546875
1600456242.7413079739, 1.4863449335098266602, 1600456242.7603080273, 3.5136551856994628906, 1600456242.7603080273, 28.109241485595703125
1600456242.7723078728, 1.4863449335098266602, 1600456242.7913079262, 3.5136551856994628906, 1600456242.7913079262, 28.109241485595703125
1600456242.8033080101, 1.4863449335098266602, 1600456242.8223078251, 3.5136551856994628906, 1600456242.8223078251, 28.109241485595703125
1600456242.834307909, 1.4863449335098266602, 1600456242.8533079624, 3.5136551856994628906, 1600456242.8533079624, 28.109241485595703125
1600456242.8653080463, 1.4863449335098266602, 1600456242.8843078613, 3.5136551856994628906, 1600456242.8843078613, 28.109241485595703125
1600456242.8963079453, 1.4863449335098266602, 1600456242.9153079987, 3.5136551856994628906, 1600456242.9153079987, 28.109241485595703125
1600456242.9273078442, 1.4863449335098266602, 1600456242.9463078976, 3.5136551856994628906, 1600456242.9463078976, 28.109241485595703125
1600456242.9583079815, 1.4863449335098266602, 1600456242.9773080349, 3.5136551856994628906, 1600456242.9773080349, 28.109241485595703125
1600456242.9893078804, 1.4863449335098266602, 1600456243.0083079338, 3.5136551856994628906, 1600456243.0083079338, 28.109241485595703125
1600456243.0203080177, 1.4863449335098266602, 1600456243.0393078327, 3.5136551856994628906, 1600456243.0393078327, 28.109241485595703125
1600456243.0513079166, 1.5539060831069946289, 1600456243.07030797, 3.4460940361022949219, 1600456243.07030797, 28.109241485595703125
1600456243.082308054, 1.5539060831069946289, 1600456243.101307869, 3.4460940361022949219, 1600456243.101307869, 28.109241485595703125
1600456243.1133079529, 1.4863449335098266602, 1600456243.1323080063, 3.5136551856994628906, 1600456243.1323080063, 28.109241485595703125
1600456243.1443078518, 1.4863449335098266602, 1600456243.1633079052, 3.5136551856994628906, 1600456243.1633079052, 28.109241485595703125
1600456243.1753079891, 1.4863449335098266602, 1600456243.1943080425, 3.5136551856994628906, 1600456243.1943080425, 28.109241485595703125
1600456243.206307888, 1.5539060831069946289, 1600456243.226307869, 3.4460940361022949219, 1600456243.226307869, 28.109241485595703125
1600456243.2373080254, 1.4863449335098266602, 1600456243.2573080063, 3.5136551856994628906, 1600456243.2573080063, 28.109241485595703125
1600456243.2683079243, 1.4863449335098266602, 1600456243.2883079052, 3.5136551856994628906, 1600456243.2883079052, 28.109241485595703125
1600456243.2993080616, 1.4863449335098266602, 1600456243.3193080425, 3.5136551856994628906, 1600456243.3193080425, 28.109241485595703125
1600456243.3303079605, 1.5539060831069946289, 1600456243.3503079414, 3.4460940361022949219, 1600456243.3503079414, 28.109241485595703125
1600456243.3623080254, 1.4863449335098266602, 1600456243.3813078403, 3.5136551856994628906, 1600456243.3813078403, 28.109241485595703125
1600456243.3943078518, 1.4781557321548461914, 1600456243.4133079052, 3.5218443870544433594, 1600456243.4133079052, 28.109241485595703125
1600456243.4243149757, 1.4781557321548461914, 1600456243.4433150291, 3.5218443870544433594, 1600456243.4433150291, 28.109241485595703125
1600456243.4553151131, 1.4781557321548461914, 1600456243.4743151665, 3.5218443870544433594, 1600456243.4743151665, 28.109241485595703125
1600456243.486315012, 1.4781557321548461914, 1600456243.5053150654, 3.5218443870544433594, 1600456243.5053150654, 28.174755096435546875
1600456243.5503151417, 1.4390969276428222656, 1600456243.5693151951, 3.5609030723571777344, 1600456243.5693151951, 28.174755096435546875
1600456243.5813150406, 1.4390969276428222656, 1600456243.600315094, 3.5609030723571777344, 1600456243.600315094, 28.174755096435546875
1600456243.6123151779, 1.4390969276428222656, 1600456243.6323151588, 3.5609030723571777344, 1600456243.6323151588, 28.487224578857421875
1600456243.6433150768, 1.4390969276428222656, 1600456243.6633150578, 3.5609030723571777344, 1600456243.6633150578, 28.487224578857421875
1600456243.6743149757, 1.4390969276428222656, 1600456243.6943151951, 3.5609030723571777344, 1600456243.6943151951, 28.487224578857421875
1600456243.7053151131, 1.4390969276428222656, 1600456243.725315094, 3.5609030723571777344, 1600456243.725315094, 28.487224578857421875
1600456243.7373151779, 1.4472861289978027344, 1600456243.7563149929, 3.5527138710021972656, 1600456243.7563149929, 28.421710968017578125
1600456243.7673151493, 1.5148472785949707031, 1600456243.7873151302, 3.4851527214050292969, 1600456243.7873151302, 28.421710968017578125
1600456243.7993149757, 1.5148472785949707031, 1600456243.8183150291, 3.4851527214050292969, 1600456243.8183150291, 28.421710968017578125
1600456243.8303151131, 1.5148472785949707031, 1600456243.8493151665, 3.4851527214050292969, 1600456243.8493151665, 28.421710968017578125
1600456243.861315012, 1.4863449335098266602, 1600456243.8803150654, 3.5136551856994628906, 1600456243.8803150654, 28.109241485595703125
1600456243.8923151493, 1.5539060831069946289, 1600456243.9113149643, 3.4460940361022949219, 1600456243.9113149643, 28.109241485595703125
1600456243.9233150482, 1.5539060831069946289, 1600456243.9423151016, 3.4460940361022949219, 1600456243.9423151016, 28.109241485595703125
1600456243.9543151855, 1.5539060831069946289, 1600456243.9733150005, 3.4460940361022949219, 1600456243.9733150005, 28.109241485595703125
1600456243.9853150845, 1.5539060831069946289, 1600456244.0043151379, 3.4460940361022949219, 1600456244.0043151379, 27.568752288818359375
1600456244.0163149834, 1.5496834516525268555, 1600456244.0353150368, 3.4503164291381835938, 1600456244.0353150368, 27.568752288818359375
1600456244.0473151207, 1.5496834516525268555, 1600456244.0663151741, 3.4503164291381835938, 1600456244.0663151741, 27.568752288818359375
1600456244.0783150196, 1.4821223020553588867, 1600456244.097315073, 3.5178775787353515625, 1600456244.097315073, 27.568752288818359375
1600456244.1093151569, 1.4821223020553588867, 1600456244.1283149719, 3.5178775787353515625, 1600456244.1283149719, 28.1430206298828125
1600456244.1403150558, 1.4821223020553588867, 1600456244.1593151093, 3.5178775787353515625, 1600456244.1593151093, 28.1430206298828125
1600456244.1713151932, 1.5496834516525268555, 1600456244.1903150082, 3.4503164291381835938, 1600456244.1903150082, 28.1430206298828125
1600456244.2023150921, 1.4821223020553588867, 1600456244.2213151455, 3.5178775787353515625, 1600456244.2213151455, 28.1430206298828125
1600456244.233314991, 1.4821223020553588867, 1600456244.2523150444, 3.5178775787353515625, 1600456244.2523150444, 28.1430206298828125
1600456244.2643151283, 1.4821223020553588867, 1600456244.2833151817, 3.5178775787353515625, 1600456244.2833151817, 28.1430206298828125
1600456244.2953150272, 1.4821223020553588867, 1600456244.3143150806, 3.5178775787353515625, 1600456244.3143150806, 28.1430206298828125
1600456244.3263151646, 1.4863449335098266602, 1600456244.3453149796, 3.5136551856994628906, 1600456244.3453149796, 28.1430206298828125
1600456244.3573150635, 1.4863449335098266602, 1600456244.3763151169, 3.5136551856994628906, 1600456244.3763151169, 28.109241485595703125
1600456244.3883149624, 1.4863449335098266602, 1600456244.4073150158, 3.5136551856994628906, 1600456244.4073150158, 28.109241485595703125
1600456244.4193150997, 1.4863449335098266602, 1600456244.4383151531, 3.5136551856994628906, 1600456244.4383151531, 28.109241485595703125
1600456244.4503149986, 1.5539060831069946289, 1600456244.469315052, 3.4460940361022949219, 1600456244.469315052, 28.109241485595703125
1600456244.481315136, 1.4863449335098266602, 1600456244.5003151894, 3.5136551856994628906, 1600456244.5003151894, 28.109241485595703125
1600456244.5123150349, 1.4863449335098266602, 1600456244.5313150883, 3.5136551856994628906, 1600456244.5313150883, 28.109241485595703125
1600456244.5433151722, 1.4863449335098266602, 1600456244.5623149872, 3.5136551856994628906, 1600456244.5623149872, 28.109241485595703125
1600456244.5743150711, 1.5539060831069946289, 1600456244.5933151245, 3.4460940361022949219, 1600456244.5933151245, 28.109241485595703125
1600456244.60531497, 1.4863449335098266602, 1600456244.6243150234, 3.5136551856994628906, 1600456244.6243150234, 28.109241485595703125
1600456244.6363151073, 1.4863449335098266602, 1600456244.6553151608, 3.5136551856994628906, 1600456244.6553151608, 28.109241485595703125
1600456244.6673150063, 1.4863449335098266602, 1600456244.6863150597, 3.5136551856994628906, 1600456244.6863150597, 28.109241485595703125
1600456244.6983151436, 1.4863449335098266602, 1600456244.7173149586, 3.5136551856994628906, 1600456244.7173149586, 28.109241485595703125
1600456244.7293150425, 1.4863449335098266602, 1600456244.7483150959, 3.5136551856994628906, 1600456244.7483150959, 28.109241485595703125
1600456244.7603151798, 1.4187837839126586914, 1600456244.7793149948, 3.5812163352966308594, 1600456244.7793149948, 28.109241485595703125
1600456244.7913150787, 1.4187837839126586914, 1600456244.8113150597, 3.5812163352966308594, 1600456244.8113150597, 28.109241485595703125
1600456244.8223149776, 1.4187837839126586914, 1600456244.8423149586, 3.5812163352966308594, 1600456244.8423149586, 28.109241485595703125
1600456244.8543150425, 1.4863449335098266602, 1600456244.8733150959, 3.5136551856994628906, 1600456244.8733150959, 28.109241485595703125
1600456244.8843150139, 1.4187837839126586914, 1600456244.9043149948, 3.5812163352966308594, 1600456244.9043149948, 28.109241485595703125
1600456244.9153151512, 1.4187837839126586914, 1600456244.9353151321, 3.5812163352966308594, 1600456244.9353151321, 28.109241485595703125
1600456244.9473149776, 1.4187837839126586914, 1600456244.9663150311, 3.5812163352966308594, 1600456244.9663150311, 28.109241485595703125
1600456244.978315115, 1.4187837839126586914, 1600456244.9973151684, 3.5812163352966308594, 1600456244.9973151684, 28.649730682373046875
1600456245.0093150139, 1.4863449335098266602, 1600456245.0283150673, 3.5136551856994628906, 1600456245.0283150673, 28.649730682373046875
1600456245.0403151512, 1.4863449335098266602, 1600456245.0593149662, 3.5136551856994628906, 1600456245.0593149662, 28.649730682373046875
1600456245.0713150501, 1.4863449335098266602, 1600456245.0903151035, 3.5136551856994628906, 1600456245.0903151035, 28.649730682373046875
1600456245.1023151875, 1.4863449335098266602, 1600456245.1213150024, 3.5136551856994628906, 1600456245.1213150024, 28.109241485595703125
1600456245.1333150864, 1.5539060831069946289, 1600456245.1523151398, 3.4460940361022949219, 1600456245.1523151398, 28.109241485595703125
1600456245.1643149853, 1.4821223020553588867, 1600456245.1833150387, 3.5178775787353515625, 1600456245.1833150387, 28.109241485595703125
1600456245.1953151226, 1.4821223020553588867, 1600456245.214315176, 3.5178775787353515625, 1600456245.214315176, 28.109241485595703125
1600456245.2263150215, 1.4821223020553588867, 1600456245.2453150749, 3.5178775787353515625, 1600456245.2453150749, 28.1430206298828125
1600456245.2573151588, 1.4821223020553588867, 1600456245.2763149738, 3.5178775787353515625, 1600456245.2763149738, 28.1430206298828125
1600456245.2883150578, 1.5496834516525268555, 1600456245.3073151112, 3.4503164291381835938, 1600456245.3073151112, 28.1430206298828125
1600456245.3193151951, 1.4821223020553588867, 1600456245.3383150101, 3.5178775787353515625, 1600456245.3383150101, 28.1430206298828125
1600456245.350315094, 1.4821223020553588867, 1600456245.3693151474, 3.5178775787353515625, 1600456245.3693151474, 28.1430206298828125
1600456245.3813149929, 1.4821223020553588867, 1600456245.4003150463, 3.5178775787353515625, 1600456245.4003150463, 28.1430206298828125
1600456245.4123151302, 1.4821223020553588867, 1600456245.4313151836, 3.5178775787353515625, 1600456245.4313151836, 28.1430206298828125
1600456245.4433150291, 1.4821223020553588867, 1600456245.4623150826, 3.5178775787353515625, 1600456245.4623150826, 28.1430206298828125
1600456245.4743151665, 1.4863449335098266602, 1600456245.4933149815, 3.5136551856994628906, 1600456245.4933149815, 28.109241485595703125
1600456245.5053150654, 1.4863449335098266602, 1600456245.5243151188, 3.5136551856994628906, 1600456245.5243151188, 28.109241485595703125
1600456245.5363149643, 1.4863449335098266602, 1600456245.5553150177, 3.5136551856994628906, 1600456245.5553150177, 28.109241485595703125
1600456245.600315094, 1.5148472785949707031, 1600456245.6193151474, 3.4851527214050292969, 1600456245.6193151474, 27.881221771240234375
1600456245.6313149929, 1.4472861289978027344, 1600456245.6503150463, 3.5527138710021972656, 1600456245.6503150463, 27.881221771240234375
1600456245.6623151302, 1.4472861289978027344, 1600456245.6823151112, 3.5527138710021972656, 1600456245.6823151112, 27.881221771240234375
1600456245.6933150291, 1.4472861289978027344, 1600456245.7133150101, 3.5527138710021972656, 1600456245.7133150101, 27.881221771240234375
1600456245.725315094, 1.4472861289978027344, 1600456245.7443151474, 3.5527138710021972656, 1600456245.7443151474, 28.421710968017578125
1600456245.7553150654, 1.5148472785949707031, 1600456245.7753150463, 3.4851527214050292969, 1600456245.7753150463, 28.421710968017578125
1600456245.7863149643, 1.4472861289978027344, 1600456245.8063151836, 3.5527138710021972656, 1600456245.8063151836, 28.421710968017578125
1600456245.8183150291, 1.4472861289978027344, 1600456245.8373150826, 3.5527138710021972656, 1600456245.8373150826, 28.421710968017578125
1600456245.8493151665, 1.4472861289978027344, 1600456245.8683149815, 3.5527138710021972656, 1600456245.8683149815, 28.421710968017578125
1600456245.8803150654, 1.4472861289978027344, 1600456245.8993151188, 3.5527138710021972656, 1600456245.8993151188, 28.421710968017578125
1600456245.9123151302, 1.4740610122680664063, 1600456245.9313151836, 3.5259389877319335938, 1600456245.9313151836, 28.421710968017578125
1600456245.9423778057, 1.4740610122680664063, 1600456245.9613778591, 3.5259389877319335938, 1600456245.9613778591, 28.421710968017578125
1600456245.973377943, 1.4740610122680664063, 1600456245.9923779964, 3.5259389877319335938, 1600456245.9923779964, 28.20751190185546875
1600456246.0043778419, 1.4740610122680664063, 1600456246.0233778954, 3.5259389877319335938, 1600456246.0233778954, 28.20751190185546875
1600456246.0353779793, 1.541622161865234375, 1600456246.0543777943, 3.458377838134765625, 1600456246.0543777943, 28.20751190185546875
1600456246.0663778782, 1.4740610122680664063, 1600456246.0853779316, 3.5259389877319335938, 1600456246.0853779316, 28.20751190185546875
1600456246.0973780155, 1.4740610122680664063, 1600456246.1163778305, 3.5259389877319335938, 1600456246.1163778305, 28.20751190185546875
1600456246.1283779144, 1.4740610122680664063, 1600456246.1473779678, 3.5259389877319335938, 1600456246.1473779678, 28.20751190185546875
1600456246.1593778133, 1.4740610122680664063, 1600456246.1783778667, 3.5259389877319335938, 1600456246.1783778667, 28.20751190185546875
1600456246.1903779507, 1.541622161865234375, 1600456246.2093780041, 3.458377838134765625, 1600456246.2093780041, 28.20751190185546875
1600456246.2213778496, 1.4863449335098266602, 1600456246.240377903, 3.5136551856994628906, 1600456246.240377903, 28.109241485595703125
1600456246.2523779869, 1.4863449335098266602, 1600456246.2713778019, 3.5136551856994628906, 1600456246.2713778019, 28.109241485595703125
1600456246.2833778858, 1.4863449335098266602, 1600456246.3023779392, 3.5136551856994628906, 1600456246.3023779392, 28.109241485595703125
1600456246.3143780231, 1.5539060831069946289, 1600456246.3333778381, 3.4460940361022949219, 1600456246.3333778381, 28.109241485595703125
1600456246.3453779221, 1.4863449335098266602, 1600456246.3643779755, 3.5136551856994628906, 1600456246.3643779755, 28.109241485595703125
1600456246.376377821, 1.4863449335098266602, 1600456246.3963778019, 3.5136551856994628906, 1600456246.3963778019, 28.109241485595703125
1600456246.4073779583, 1.4863449335098266602, 1600456246.4273779392, 3.5136551856994628906, 1600456246.4273779392, 28.109241485595703125
1600456246.4383778572, 1.4863449335098266602, 1600456246.4583778381, 3.5136551856994628906, 1600456246.4583778381, 28.109241485595703125
1600456246.4703779221, 1.5539060831069946289, 1600456246.4893779755, 3.4460940361022949219, 1600456246.4893779755, 27.568752288818359375
1600456246.5003778934, 1.4863449335098266602, 1600456246.5203778744, 3.5136551856994628906, 1600456246.5203778744, 27.568752288818359375
1600456246.5323779583, 1.4863449335098266602, 1600456246.5513780117, 3.5136551856994628906, 1600456246.5513780117, 27.568752288818359375
1600456246.5633778572, 1.4863449335098266602, 1600456246.5823779106, 3.5136551856994628906, 1600456246.5823779106, 27.568752288818359375
1600456246.5943779945, 1.4863449335098266602, 1600456246.6133778095, 3.5136551856994628906, 1600456246.6133778095, 28.109241485595703125
1600456246.6253778934, 1.4187837839126586914, 1600456246.6443779469, 3.5812163352966308594, 1600456246.6443779469, 28.109241485595703125
1600456246.6563777924, 1.4863449335098266602, 1600456246.6753778458, 3.5136551856994628906, 1600456246.6753778458, 28.109241485595703125
1600456246.6873779297, 1.4863449335098266602, 1600456246.7063779831, 3.5136551856994628906, 1600456246.7063779831, 28.109241485595703125
1600456246.7183778286, 1.4863449335098266602, 1600456246.737377882, 3.5136551856994628906, 1600456246.737377882, 28.109241485595703125
1600456246.7493779659, 1.4821223020553588867, 1600456246.7683780193, 3.5178775787353515625, 1600456246.7683780193, 28.109241485595703125
1600456246.7803778648, 1.4821223020553588867, 1600456246.7993779182, 3.5178775787353515625, 1600456246.7993779182, 28.109241485595703125
1600456246.8113780022, 1.4821223020553588867, 1600456246.8303778172, 3.5178775787353515625, 1600456246.8303778172, 28.109241485595703125
1600456246.8423779011, 1.4821223020553588867, 1600456246.8613779545, 3.5178775787353515625, 1600456246.8613779545, 28.1430206298828125
1600456246.8733778, 1.4821223020553588867, 1600456246.8923778534, 3.5178775787353515625, 1600456246.8923778534, 28.1430206298828125
1600456246.9043779373, 1.5496834516525268555, 1600456246.9233779907, 3.4503164291381835938, 1600456246.9233779907, 28.1430206298828125
1600456246.9353778362, 1.5496834516525268555, 1600456246.9543778896, 3.4503164291381835938, 1600456246.9543778896, 28.1430206298828125
1600456246.9663779736, 1.4821223020553588867, 1600456246.9853777885, 3.5178775787353515625, 1600456246.9853777885, 28.1430206298828125
1600456247.0003778934, 1.4701998233795166016, 1600456247.0203778744, 3.5298001766204833984, 1600456247.0203778744, 28.1430206298828125
1600456247.0313777924, 1.5377609729766845703, 1600456247.0513780117, 3.4622390270233154297, 1600456247.0513780117, 28.1430206298828125
1600456247.0623779297, 1.541983485221862793, 1600456247.0823779106, 3.4580163955688476563, 1600456247.0823779106, 28.1430206298828125
1600456247.0943779945, 1.4744223356246948242, 1600456247.1133778095, 3.525577545166015625, 1600456247.1133778095, 28.204620361328125
1600456247.1243779659, 1.4744223356246948242, 1600456247.1443779469, 3.525577545166015625, 1600456247.1443779469, 28.204620361328125
1600456247.1563777924, 1.541983485221862793, 1600456247.1753778458, 3.4580163955688476563, 1600456247.1753778458, 28.204620361328125
1600456247.1873779297, 1.541983485221862793, 1600456247.2063779831, -1.541983485221862793, 1600456247.2063779831, 28.204620361328125
1600456247.2183778286, 1.4744223356246948242, 1600456247.237377882, -1.4744223356246948242, 1600456247.237377882, -11.795378684997558594
1600456247.2493779659, 1.4068611860275268555, 1600456247.2683780193, -1.4068611860275268555, 1600456247.2683780193, -11.795378684997558594
1600456247.2803778648, 1.2717390060424804688, 1600456247.2993779182, -1.2717390060424804688, 1600456247.2993779182, -11.795378684997558594
1600456247.3113780022, 1.1485393047332763672, 1600456247.3303778172, -1.1485393047332763672, 1600456247.3303778172, -11.795378684997558594
1600456247.3423779011, 0.94585585594177246094, 1600456247.3613779545, -0.94585585594177246094, 1600456247.3613779545, -7.5668468475341796875
1600456247.3733778, 0.81073361635208129883, 1600456247.3923778534, -0.81073361635208129883, 1600456247.3923778534, -7.5668468475341796875
1600456247.4043779373, 0.67561131715774536133, 1600456247.4233779907, -0.67561131715774536133, 1600456247.4233779907, -7.5668468475341796875
1600456247.4353778362, 0.54048907756805419922, 1600456247.4543778896, -0.54048907756805419922, 1600456247.4543778896, -7.5668468475341796875
1600456247.4663779736, 0.33780565857887268066, 1600456247.4853777885, -0.33780565857887268066, 1600456247.4853777885, -2.7024452686309814453
1600456247.4973778725, 0.20268340408802032471, 1600456247.5163779259, -0.20268340408802032471, 1600456247.5163779259, -2.7024452686309814453
1600456247.5283780098, 0.067561134696006774902, 1600456247.5473778248, -0.067561134696006774902, 1600456247.5473778248, -2.7024452686309814453
1600456247.5593779087, 1.7941204755568887497e-14, 1600456247.5783779621, -1.7941204755568887497e-14, 1600456247.5783779621, -2.7024452686309814453
1600456247.5903778076, 1.7941204755568887497e-14, 1600456247.609377861, -1.7941204755568887497e-14, 1600456247.609377861, -1.4352963804455109997e-13
1600456247.6543779373, 1.7941204755568887497e-14, 1600456247.6733779907, -1.7941204755568887497e-14, 1600456247.6733779907, -1.4352963804455109997e-13
1600456247.6853778362, 1.7941204755568887497e-14, 1600456247.7043778896, -1.7941204755568887497e-14, 1600456247.7043778896, -1.4352963804455109997e-13
1600456247.7163779736, 1.7941204755568887497e-14, 1600456247.7353777885, -1.7941204755568887497e-14, 1600456247.7353777885, -1.4352963804455109997e-13
1600456247.7473778725, 1.7941204755568887497e-14, 1600456247.7663779259, -1.7941204755568887497e-14, 1600456247.7663779259, -1.4352963804455109997e-13
1600456247.7783780098, 1.7941204755568887497e-14, 1600456247.7973778248, -1.7941204755568887497e-14, 1600456247.7973778248, -1.4352963804455109997e-13
1600456247.8093779087, 1.7941204755568887497e-14, 1600456247.8283779621, -1.7941204755568887497e-14, 1600456247.8283779621, -1.4352963804455109997e-13
1600456247.8403778076, 1.7941204755568887497e-14, 1600456247.859377861, -1.7941204755568887497e-14, 1600456247.859377861, -1.4352963804455109997e-13
1600456247.8713779449, 1.7941204755568887497e-14, 1600456247.8913779259, -1.7941204755568887497e-14, 1600456247.8913779259, -1.4352963804455109997e-13
1600456247.9023778439, 1.7941204755568887497e-14, 1600456247.9223778248, -1.7941204755568887497e-14, 1600456247.9223778248, -1.4352963804455109997e-13
1600456247.9333779812, 1.7941204755568887497e-14, 1600456247.9533779621, -1.7941204755568887497e-14, 1600456247.9533779621, -1.4352963804455109997e-13
1600456247.9643778801, 1.7941204755568887497e-14, 1600456247.984377861, -1.7941204755568887497e-14, 1600456247.984377861, -1.4352963804455109997e-13
1600456247.9953780174, 1.7941204755568887497e-14, 1600456248.0153779984, -1.7941204755568887497e-14, 1600456248.0153779984, -1.4352963804455109997e-13
1600456248.0263779163, 1.7941204755568887497e-14, 1600456248.0463778973, -1.7941204755568887497e-14, 1600456248.0463778973, -1.4352963804455109997e-13
1600456248.0573778152, 1.7941204755568887497e-14, 1600456248.0773777962, -1.7941204755568887497e-14, 1600456248.0773777962, -1.4352963804455109997e-13
1600456248.0893778801, 1.7941204755568887497e-14, 1600456248.1083779335, -1.7941204755568887497e-14, 1600456248.1083779335, -1.4352963804455109997e-13
1600456248.1203780174, 1.7941204755568887497e-14, 1600456248.1393778324, -1.7941204755568887497e-14, 1600456248.1393778324, -1.4352963804455109997e-13
1600456248.1513779163, 1.7941204755568887497e-14, 1600456248.1703779697, -1.7941204755568887497e-14, 1600456248.1703779697, -1.4352963804455109997e-13
1600456248.1823778152, 1.7941204755568887497e-14, 1600456248.2013778687, -1.7941204755568887497e-14, 1600456248.2013778687, -1.4352963804455109997e-13
1600456248.2133779526, 1.7941204755568887497e-14, 1600456248.232378006, -1.7941204755568887497e-14, 1600456248.232378006, -1.4352963804455109997e-13
1600456248.2443778515, 1.7941204755568887497e-14, 1600456248.2633779049, -1.7941204755568887497e-14, 1600456248.2633779049, -1.4352963804455109997e-13
1600456248.2753779888, 1.7941204755568887497e-14, 1600456248.2943778038, -1.7941204755568887497e-14, 1600456248.2943778038, -1.4352963804455109997e-13
1600456248.3063778877, 1.7941204755568887497e-14, 1600456248.3253779411, -1.7941204755568887497e-14, 1600456248.3253779411, -1.4352963804455109997e-13
1600456248.3373780251, 1.7941204755568887497e-14, 1600456248.35637784, -1.7941204755568887497e-14, 1600456248.35637784, -1.4352963804455109997e-13
1600456248.368377924, 1.7941204755568887497e-14, 1600456248.3873779774, -1.7941204755568887497e-14, 1600456248.3873779774, -1.4352963804455109997e-13
1600456248.3993778229, 1.7941204755568887497e-14, 1600456248.4183778763, -1.7941204755568887497e-14, 1600456248.4183778763, -1.4352963804455109997e-13
1600456248.4313778877, 1.7941204755568887497e-14, 1600456248.4503779411, -1.7941204755568887497e-14, 1600456248.4503779411, -1.4352963804455109997e-13
1600456248.4626998901, 1.7941204755568887497e-14, 1600456248.4816999435, -1.7941204755568887497e-14, 1600456248.4816999435, -1.4352963804455109997e-13
1600456248.4937000275, 1.7941204755568887497e-14, 1600456248.5127000809, -1.7941204755568887497e-14, 1600456248.5127000809, -1.4352963804455109997e-13
1600456248.5246999264, 1.7941204755568887497e-14, 1600456248.5436999798, -1.7941204755568887497e-14, 1600456248.5436999798, -1.4352963804455109997e-13
1600456248.5557000637, 1.7941204755568887497e-14, 1600456248.5746998787, -1.7941204755568887497e-14, 1600456248.5746998787, -1.4352963804455109997e-13
1600456248.5866999626, 1.7941204755568887497e-14, 1600456248.6066999435, -1.7941204755568887497e-14, 1600456248.6066999435, -1.4352963804455109997e-13
1600456248.6177000999, 1.7941204755568887497e-14, 1600456248.6377000809, -1.7941204755568887497e-14, 1600456248.6377000809, -1.4352963804455109997e-13
1600456248.6486999989, 1.7941204755568887497e-14, 1600456248.6686999798, -1.7941204755568887497e-14, 1600456248.6686999798, -1.4352963804455109997e-13
1600456248.6796998978, 1.7941204755568887497e-14, 1600456248.6996998787, -1.7941204755568887497e-14, 1600456248.6996998787, -1.4352963804455109997e-13
1600456248.7116999626, 1.7941204755568887497e-14, 1600456248.730700016, -1.7941204755568887497e-14, 1600456248.730700016, -1.4352963804455109997e-13
1600456248.741699934, 1.7941204755568887497e-14, 1600456248.7616999149, -1.7941204755568887497e-14, 1600456248.7616999149, -1.4352963804455109997e-13
1600456248.7727000713, 1.7941204755568887497e-14, 1600456248.7927000523, -1.7941204755568887497e-14, 1600456248.7927000523, -1.4352963804455109997e-13
1600456248.8046998978, 1.7941204755568887497e-14, 1600456248.8236999512, -1.7941204755568887497e-14, 1600456248.8236999512, -1.4352963804455109997e-13
1600456248.8357000351, 1.7941204755568887497e-14, 1600456248.8547000885, -1.7941204755568887497e-14, 1600456248.8547000885, -1.4352963804455109997e-13
1600456248.866699934, 1.7941204755568887497e-14, 1600456248.8856999874, -1.7941204755568887497e-14, 1600456248.8856999874, -1.4352963804455109997e-13
1600456248.8977000713, 1.7941204755568887497e-14, 1600456248.9166998863, -1.7941204755568887497e-14, 1600456248.9166998863, -1.4352963804455109997e-13
1600456248.9286999702, 1.7941204755568887497e-14, 1600456248.9477000237, -1.7941204755568887497e-14, 1600456248.9477000237, -1.4352963804455109997e-13
1600456248.9597001076, 1.7941204755568887497e-14, 1600456248.9786999226, -1.7941204755568887497e-14, 1600456248.9786999226, -1.4352963804455109997e-13
1600456248.9907000065, 1.7941204755568887497e-14, 1600456249.0097000599, -1.7941204755568887497e-14, 1600456249.0097000599, -1.4352963804455109997e-13
1600456249.0216999054, 1.7941204755568887497e-14, 1600456249.0406999588, -1.7941204755568887497e-14, 1600456249.0406999588, -1.4352963804455109997e-13
1600456249.0527000427, 1.7941204755568887497e-14, 1600456249.0717000961, -1.7941204755568887497e-14, 1600456249.0717000961, -1.4352963804455109997e-13
1600456249.0836999416, 1.7941204755568887497e-14, 1600456249.102699995, -1.7941204755568887497e-14, 1600456249.102699995, -1.4352963804455109997e-13
1600456249.114700079, 1.7941204755568887497e-14, 1600456249.133699894, -1.7941204755568887497e-14, 1600456249.133699894, -1.4352963804455109997e-13
1600456249.1456999779, 1.7941204755568887497e-14, 1600456249.1647000313, -1.7941204755568887497e-14, 1600456249.1647000313, -1.4352963804455109997e-13
1600456249.1766998768, 1.7941204755568887497e-14, 1600456249.1956999302, -1.7941204755568887497e-14, 1600456249.1956999302, -1.4352963804455109997e-13
1600456249.2077000141, 1.7941204755568887497e-14, 1600456249.2267000675, -1.7941204755568887497e-14, 1600456249.2267000675, -1.4352963804455109997e-13
1600456249.238699913, 1.7941204755568887497e-14, 1600456249.2576999664, -1.7941204755568887497e-14, 1600456249.2576999664, -1.4352963804455109997e-13
1600456249.2697000504, 1.7941204755568887497e-14, 1600456249.2887001038, -1.7941204755568887497e-14, 1600456249.2887001038, -1.4352963804455109997e-13
1600456249.3006999493, 1.7941204755568887497e-14, 1600456249.3197000027, -1.7941204755568887497e-14, 1600456249.3197000027, -1.4352963804455109997e-13
1600456249.3317000866, 1.7941204755568887497e-14, 1600456249.3506999016, -1.7941204755568887497e-14, 1600456249.3506999016, -1.4352963804455109997e-13
1600456249.3626999855, 1.7941204755568887497e-14, 1600456249.3817000389, -1.7941204755568887497e-14, 1600456249.3817000389, -1.4352963804455109997e-13
1600456249.3936998844, 1.7941204755568887497e-14, 1600456249.4126999378, -1.7941204755568887497e-14, 1600456249.4126999378, -1.4352963804455109997e-13
1600456249.4247000217, 1.7941204755568887497e-14, 1600456249.4437000751, -1.7941204755568887497e-14, 1600456249.4437000751, -1.4352963804455109997e-13
1600456249.4556999207, 1.7941204755568887497e-14, 1600456249.4746999741, -1.7941204755568887497e-14, 1600456249.4746999741, -1.4352963804455109997e-13
1600456249.486700058, 1.7941204755568887497e-14, 1600456249.505699873, -1.7941204755568887497e-14, 1600456249.505699873, -1.4352963804455109997e-13
1600456249.5176999569, 1.7941204755568887497e-14, 1600456249.5367000103, -1.7941204755568887497e-14, 1600456249.5367000103, -1.4352963804455109997e-13
1600456249.5487000942, 1.7941204755568887497e-14, 1600456249.5676999092, -1.7941204755568887497e-14, 1600456249.5676999092, -1.4352963804455109997e-13
1600456249.5796999931, 1.7941204755568887497e-14, 1600456249.5987000465, -1.7941204755568887497e-14, 1600456249.5987000465, -1.4352963804455109997e-13
1600456249.610699892, 1.7941204755568887497e-14, 1600456249.6296999454, -1.7941204755568887497e-14, 1600456249.6296999454, -1.4352963804455109997e-13
1600456249.6417000294, 1.7941204755568887497e-14, 1600456249.6607000828, -1.7941204755568887497e-14, 1600456249.6607000828, -1.4352963804455109997e-13
1600456249.7067000866, 1.7941204755568887497e-14, 1600456249.7256999016, -1.7941204755568887497e-14, 1600456249.7256999016, -1.4352963804455109997e-13
1600456249.7376999855, 1.7941204755568887497e-14, 1600456249.7567000389, -1.7941204755568887497e-14, 1600456249.7567000389, -1.4352963804455109997e-13
1600456249.7686998844, 1.7941204755568887497e-14, 1600456249.7876999378, -1.7941204755568887497e-14, 1600456249.7876999378, -1.4352963804455109997e-13
1600456249.7997000217, 1.7941204755568887497e-14, 1600456249.8187000751, -1.7941204755568887497e-14, 1600456249.8187000751, -1.4352963804455109997e-13
1600456249.8306999207, 1.7941204755568887497e-14, 1600456249.8496999741, -1.7941204755568887497e-14, 1600456249.8496999741, -1.4352963804455109997e-13
1600456249.861700058, 1.7941204755568887497e-14, , , , 
