# /joint_state/header/stamp, /joint_state/velocity/0, /pid_left_state/header/stamp, /pid_left_state/error, /pid_left_state/header/stamp, /pid_left_state/output
1600449826.5258259773, -1.2878587509168289496e-15, 1600449826.5448260307, 1.2878587509168289496e-15, 1600449826.5448260307, 0
1600449826.5568258762, -1.2878587509168289496e-15, 1600449826.5758259296, 1.2878587509168289496e-15, 1600449826.5758259296, 0
1600449826.5878260136, -1.2878587509168289496e-15, 1600449826.6068258286, 1.2878587509168289496e-15, 1600449826.6068258286, 0
1600449826.6188259125, -1.2878587509168289496e-15, 1600449826.6378259659, 1.2878587509168289496e-15, 1600449826.6378259659, 0
1600449826.6498258114, -1.2878587509168289496e-15, 1600449826.6688258648, 1.2878587509168289496e-15, 1600449826.6688258648, 0
1600449826.6808259487, -1.2878587509168289496e-15, 1600449826.6998260021, 1.2878587509168289496e-15, 1600449826.6998260021, 0
1600449826.7118258476, -1.2878587509168289496e-15, 1600449826.730825901, 1.2878587509168289496e-15, 1600449826.730825901, 0
1600449826.742825985, -1.2878587509168289496e-15, 1600449826.7618260384, 1.2878587509168289496e-15, 1600449826.7618260384, 0
1600449826.7738258839, -1.2878587509168289496e-15, 1600449826.7928259373, 1.2878587509168289496e-15, 1600449826.7928259373, 0
1600449826.8048260212, -1.2878587509168289496e-15, 1600449826.8238258362, 1.2878587509168289496e-15, 1600449826.8238258362, 0
1600449826.8358259201, -1.2878587509168289496e-15, 1600449826.8548259735, 1.2878587509168289496e-15, 1600449826.8548259735, 0
1600449826.866825819, -1.2878587509168289496e-15, 1600449826.8858258724, 1.2878587509168289496e-15, 1600449826.8858258724, 0
1600449826.8978259563, -1.2878587509168289496e-15, 1600449826.9168260098, 1.2878587509168289496e-15, 1600449826.9168260098, 0
1600449826.9288258553, -1.2878587509168289496e-15, 1600449826.9478259087, 1.2878587509168289496e-15, 1600449826.9478259087, 0
1600449826.9598259926, -1.2878587509168289496e-15, 1600449826.9788258076, 1.2878587509168289496e-15, 1600449826.9788258076, 0
1600449826.9908258915, -1.2878587509168289496e-15, 1600449827.0098259449, 1.2878587509168289496e-15, 1600449827.0098259449, 0
1600449827.0218260288, -1.2878587509168289496e-15, 1600449827.0408258438, 1.2878587509168289496e-15, 1600449827.0408258438, 0
1600449827.0528259277, -1.2878587509168289496e-15, 1600449827.0718259811, 1.2878587509168289496e-15, 1600449827.0718259811, 0
1600449827.0838258266, -1.2878587509168289496e-15, 1600449827.1028258801, 1.2878587509168289496e-15, 1600449827.1028258801, 0
1600449827.114825964, -1.2878587509168289496e-15, 1600449827.1338260174, 1.2878587509168289496e-15, 1600449827.1338260174, 0
1600449827.1458258629, -1.2878587509168289496e-15, 1600449827.1648259163, 1.2878587509168289496e-15, 1600449827.1648259163, 0
1600449827.1768260002, -1.2878587509168289496e-15, 1600449827.1968259811, 1.2878587509168289496e-15, 1600449827.1968259811, 0
1600449827.2118258476, -1.2878587509168289496e-15, 1600449827.230825901, 1.2878587509168289496e-15, 1600449827.230825901, 0
1600449827.242825985, -1.2878587509168289496e-15, 1600449827.2618260384, 1.2878587509168289496e-15, 1600449827.2618260384, 0
1600449827.2738258839, -1.2878587509168289496e-15, 1600449827.2928259373, 1.2878587509168289496e-15, 1600449827.2928259373, 0
1600449827.3048260212, -1.2878587509168289496e-15, 1600449827.3238258362, 1.2878587509168289496e-15, 1600449827.3238258362, 0
1600449827.3358259201, -1.2878587509168289496e-15, 1600449827.3548259735, 1.2878587509168289496e-15, 1600449827.3548259735, 0
1600449827.366825819, -1.2878587509168289496e-15, 1600449827.3858258724, 1.2878587509168289496e-15, 1600449827.3858258724, 0
1600449827.3978259563, -1.2878587509168289496e-15, 1600449827.4168260098, 1.2878587509168289496e-15, 1600449827.4168260098, 0
1600449827.4288258553, -1.2878587509168289496e-15, 1600449827.4478259087, 1.2878587509168289496e-15, 1600449827.4478259087, 0
1600449827.4598259926, -1.2878587509168289496e-15, 1600449827.4788258076, 1.2878587509168289496e-15, 1600449827.4788258076, 0
1600449827.4908258915, -1.2878587509168289496e-15, 1600449827.5098259449, 1.2878587509168289496e-15, 1600449827.5098259449, 0
1600449827.5218260288, -1.2878587509168289496e-15, 1600449827.5408258438, 1.2878587509168289496e-15, 1600449827.5408258438, 0
1600449827.5528259277, -1.2878587509168289496e-15, 1600449827.5718259811, 1.2878587509168289496e-15, 1600449827.5718259811, 0
1600449827.5838258266, -1.2878587509168289496e-15, 1600449827.6028258801, 1.2878587509168289496e-15, 1600449827.6028258801, 0
1600449827.614825964, -1.2878587509168289496e-15, 1600449827.6338260174, 1.2878587509168289496e-15, 1600449827.6338260174, 0
1600449827.6458258629, -1.2878587509168289496e-15, 1600449827.6648259163, 1.2878587509168289496e-15, 1600449827.6648259163, 0
1600449827.6768260002, -1.2878587509168289496e-15, 1600449827.6958258152, 1.2878587509168289496e-15, 1600449827.6958258152, 0
1600449827.7078258991, -1.2878587509168289496e-15, 1600449827.7268259525, 1.2878587509168289496e-15, 1600449827.7268259525, 0
1600449827.7388260365, -1.2878587509168289496e-15, 1600449827.7578258514, 1.2878587509168289496e-15, 1600449827.7578258514, 0
1600449827.7698259354, -1.2878587509168289496e-15, 1600449827.7888259888, 1.2878587509168289496e-15, 1600449827.7888259888, 0
1600449827.8008258343, -1.2878587509168289496e-15, 1600449827.8208258152, 1.2878587509168289496e-15, 1600449827.8208258152, 0
1600449827.8318259716, -1.2878587509168289496e-15, 1600449827.8518259525, 1.2878587509168289496e-15, 1600449827.8518259525, 0
1600449827.8628258705, -1.2878587509168289496e-15, 1600449827.8828258514, 1.2878587509168289496e-15, 1600449827.8828258514, 0
1600449827.8938260078, -1.2878587509168289496e-15, 1600449827.9138259888, 1.2878587509168289496e-15, 1600449827.9138259888, 0
1600449827.9248259068, -1.2878587509168289496e-15, 1600449827.9448258877, 1.2878587509168289496e-15, 1600449827.9448258877, 0
1600449827.9558260441, -1.2878587509168289496e-15, 1600449827.975826025, 1.2878587509168289496e-15, 1600449827.975826025, 0
1600449827.986825943, -1.2878587509168289496e-15, 1600449828.0068259239, 1.2878587509168289496e-15, 1600449828.0068259239, 0
1600449828.0178258419, -1.2878587509168289496e-15, 1600449828.0378258228, 1.2878587509168289496e-15, 1600449828.0378258228, 0
1600449828.0498259068, -1.2878587509168289496e-15, 1600449828.0688259602, 1.2878587509168289496e-15, 1600449828.0688259602, 0
1600449828.0808260441, -1.2878587509168289496e-15, 1600449828.0998258591, 1.2878587509168289496e-15, 1600449828.0998258591, 0
1600449828.111825943, -1.2878587509168289496e-15, 1600449828.1308259964, 1.2878587509168289496e-15, 1600449828.1308259964, 0
1600449828.1428258419, -1.2878587509168289496e-15, 1600449828.1618258953, 1.2878587509168289496e-15, 1600449828.1618258953, 0
1600449828.1748259068, -1.2878587509168289496e-15, 1600449828.1938259602, 5, 1600449828.1938259602, 50
1600449828.205988884, 0.067561134696006774902, 1600449828.2249889374, 4.9324388504028320313, 1600449828.2249889374, 50
1600449828.2369890213, 0.33780565857887268066, 1600449828.2559890747, 4.6621942520141601563, 1600449828.2559890747, 50
1600449828.2679889202, 0.60805016756057739258, 1600449828.2869889736, 4.3919496536254882813, 1600449828.2869889736, 50
1600449828.3329889774, 0.90257447957992553711, 1600449828.3519890308, 4.0974254608154296875, 1600449828.3519890308, 40.974254608154296875
1600449828.3629889488, 1.1728190183639526367, 1600449828.3829889297, 3.8271808624267578125, 1600449828.3829889297, 40.974254608154296875
1600449828.3949890137, 1.4430636167526245117, 1600449828.4139890671, 3.5569365024566650391, 1600449828.4139890671, 40.974254608154296875
1600449828.4259889126, 1.6457469463348388672, 1600449828.444988966, 3.3542530536651611328, 1600449828.444988966, 40.974254608154296875
1600449828.4569890499, 1.9159915447235107422, 1600449828.4759891033, 3.0840084552764892578, 1600449828.4759891033, 30.840085983276367188
1600449828.4879889488, 2.1186749935150146484, 1600449828.5069890022, 2.8813250064849853516, 1600449828.5069890022, 30.840085983276367188
1600449828.5189890862, 2.3213582038879394531, 1600449828.5379889011, 2.6786417961120605469, 1600449828.5379889011, 30.840085983276367188
1600449828.5499889851, 2.3889193534851074219, 1600449828.5689890385, 2.6110806465148925781, 1600449828.5689890385, 30.840085983276367188
1600449828.580988884, 2.3213582038879394531, 1600449828.5999889374, 2.6786417961120605469, 1600449828.5999889374, 26.786417007446289063
1600449828.6119890213, 2.1820135116577148438, 1600449828.6309890747, 2.8179864883422851563, 1600449828.6309890747, 26.786417007446289063
1600449828.6429889202, 2.0226113796234130859, 1600449828.6619889736, 2.9773886203765869141, 1600449828.6619889736, 26.786417007446289063
1600449828.6739890575, 1.8874890804290771484, 1600449828.6929888725, 3.1125109195709228516, 1600449828.6929888725, 26.786417007446289063
1600449828.7049889565, 1.7523669004440307617, 1600449828.7239890099, 3.2476332187652587891, 1600449828.7239890099, 32.476329803466796875
1600449828.7359890938, 1.7523669004440307617, 1600449828.7549889088, 3.2476332187652587891, 1600449828.7549889088, 32.476329803466796875
1600449828.7669889927, 1.6172446012496948242, 1600449828.7859890461, 3.382755279541015625, 1600449828.7859890461, 32.476329803466796875
1600449828.7979888916, 1.6172446012496948242, 1600449828.816988945, 3.382755279541015625, 1600449828.816988945, 32.476329803466796875
1600449828.8289890289, 1.5496834516525268555, 1600449828.8479890823, 3.4503164291381835938, 1600449828.8479890823, 34.50316619873046875
1600449828.8599889278, 1.6172446012496948242, 1600449828.8789889812, 3.382755279541015625, 1600449828.8789889812, 34.50316619873046875
1600449828.8909890652, 1.6172446012496948242, 1600449828.9099888802, 3.382755279541015625, 1600449828.9099888802, 34.50316619873046875
1600449828.9219889641, 1.6890282630920410156, 1600449828.9409890175, 3.3109717369079589844, 1600449828.9409890175, 34.50316619873046875
1600449828.9529891014, 1.7565894126892089844, 1600449828.9719889164, 3.2434105873107910156, 1600449828.9719889164, 32.43410491943359375
1600449828.9839890003, 1.7565894126892089844, 1600449829.0029890537, 3.2434105873107910156, 1600449829.0029890537, 32.43410491943359375
1600449829.0149888992, 1.8241505622863769531, 1600449829.0339889526, 3.1758494377136230469, 1600449829.0339889526, 32.43410491943359375
1600449829.0459890366, 1.8241505622863769531, 1600449829.06498909, 3.1758494377136230469, 1600449829.06498909, 32.43410491943359375
1600449829.0769889355, 1.8241505622863769531, 1600449829.0959889889, 3.1758494377136230469, 1600449829.0959889889, 31.758493423461914063
1600449829.1079890728, 1.8241505622863769531, 1600449829.1269888878, 3.1758494377136230469, 1600449829.1269888878, 31.758493423461914063
1600449829.1389889717, 1.8917117118835449219, 1600449829.1579890251, 3.1082882881164550781, 1600449829.1579890251, 31.758493423461914063
1600449829.1699888706, 1.8241505622863769531, 1600449829.188988924, 3.1758494377136230469, 1600449829.188988924, 31.758493423461914063
1600449829.2009890079, 1.8241505622863769531, 1600449829.2199890614, 3.1758494377136230469, 1600449829.2199890614, 31.758493423461914063
1600449829.2319889069, 1.7565894126892089844, 1600449829.2509889603, 3.2434105873107910156, 1600449829.2509889603, 31.758493423461914063
1600449829.2629890442, 1.7565894126892089844, 1600449829.2819890976, 3.2434105873107910156, 1600449829.2819890976, 31.758493423461914063
1600449829.2939889431, 1.7565894126892089844, 1600449829.3129889965, 3.2434105873107910156, 1600449829.3129889965, 31.758493423461914063
1600449829.3249890804, 1.7565894126892089844, 1600449829.3439888954, 3.2434105873107910156, 1600449829.3439888954, 32.43410491943359375
1600449829.3559889793, 1.6890282630920410156, 1600449829.3749890327, 3.3109717369079589844, 1600449829.3749890327, 32.43410491943359375
1600449829.3869888783, 1.7565894126892089844, 1600449829.4069890976, 3.2434105873107910156, 1600449829.4069890976, 32.43410491943359375
1600449829.4179890156, 1.7565894126892089844, 1600449829.4379889965, 3.2434105873107910156, 1600449829.4379889965, 32.43410491943359375
1600449829.4499890804, 1.6890282630920410156, 1600449829.4689888954, 3.3109717369079589844, 1600449829.4689888954, 33.10971832275390625
1600449829.4799890518, 1.7565894126892089844, 1600449829.4999890327, 3.2434105873107910156, 1600449829.4999890327, 33.10971832275390625
1600449829.5109889507, 1.7565894126892089844, 1600449829.5309889317, 3.2434105873107910156, 1600449829.5309889317, 33.10971832275390625
1600449829.5419890881, 1.7565894126892089844, 1600449829.561989069, 3.2434105873107910156, 1600449829.561989069, 33.10971832275390625
1600449829.5739889145, 1.7565894126892089844, 1600449829.5929889679, 3.2434105873107910156, 1600449829.5929889679, 32.43410491943359375
1600449829.6049890518, 1.8241505622863769531, 1600449829.6239888668, 3.1758494377136230469, 1600449829.6239888668, 32.43410491943359375
1600449829.6359889507, 1.7565894126892089844, 1600449829.6549890041, 3.2434105873107910156, 1600449829.6549890041, 32.43410491943359375
1600449829.6669890881, 1.8241505622863769531, 1600449829.685988903, 3.1758494377136230469, 1600449829.685988903, 32.43410491943359375
1600449829.697988987, 1.8241505622863769531, 1600449829.7169890404, 3.1758494377136230469, 1600449829.7169890404, 31.758493423461914063
1600449829.7289888859, 1.7565894126892089844, 1600449829.7479889393, 3.2434105873107910156, 1600449829.7479889393, 31.758493423461914063
1600449829.7599890232, 1.8241505622863769531, 1600449829.7789890766, 3.1758494377136230469, 1600449829.7789890766, 31.758493423461914063
1600449829.7909889221, 1.7523669004440307617, 1600449829.8099889755, 3.2476332187652587891, 1600449829.8099889755, 31.758493423461914063
1600449829.8219890594, 1.7523669004440307617, 1600449829.8409888744, 3.2476332187652587891, 1600449829.8409888744, 32.476329803466796875
1600449829.8529889584, 1.7523669004440307617, 1600449829.8719890118, 3.2476332187652587891, 1600449829.8719890118, 32.476329803466796875
1600449829.8839890957, 1.7523669004440307617, 1600449829.9029889107, 3.2476332187652587891, 1600449829.9029889107, 32.476329803466796875
1600449829.9149889946, 1.7523669004440307617, 1600449829.933989048, 3.2476332187652587891, 1600449829.933989048, 32.476329803466796875
1600449829.9459888935, 1.7523669004440307617, 1600449829.9649889469, 3.2476332187652587891, 1600449829.9649889469, 32.476329803466796875
1600449829.9769890308, 1.7523669004440307617, 1600449829.9959890842, 3.2476332187652587891, 1600449829.9959890842, 32.476329803466796875
1600449830.0079889297, 1.684805750846862793, 1600449830.0269889832, 3.3151943683624267578, 1600449830.0269889832, 32.476329803466796875
1600449830.0389890671, 1.7523669004440307617, 1600449830.0579888821, 3.2476332187652587891, 1600449830.0579888821, 32.476329803466796875
1600449830.069988966, 1.7523669004440307617, 1600449830.0889890194, 3.2476332187652587891, 1600449830.0889890194, 32.476329803466796875
1600449830.1009891033, 1.7565894126892089844, 1600449830.1199889183, 3.2434105873107910156, 1600449830.1199889183, 32.476329803466796875
1600449830.1319890022, 1.7565894126892089844, 1600449830.1509890556, 3.2434105873107910156, 1600449830.1509890556, 32.476329803466796875
1600449830.1629889011, 1.7565894126892089844, 1600449830.1819889545, 3.2434105873107910156, 1600449830.1819889545, 32.476329803466796875
1600449830.1939890385, 1.7565894126892089844, 1600449830.2129890919, 3.2434105873107910156, 1600449830.2129890919, 32.43410491943359375
1600449830.2249889374, 1.7565894126892089844, 1600449830.2439889908, 3.2434105873107910156, 1600449830.2439889908, 32.43410491943359375
1600449830.2559890747, 1.7565894126892089844, 1600449830.2749888897, 3.2434105873107910156, 1600449830.2749888897, 32.43410491943359375
1600449830.2869889736, 1.7565894126892089844, 1600449830.305989027, 3.2434105873107910156, 1600449830.305989027, 32.43410491943359375
1600449830.3179888725, 1.8241505622863769531, 1600449830.3369889259, 3.1758494377136230469, 1600449830.3369889259, 31.758493423461914063
1600449830.3819890022, 1.7850917577743530273, 1600449830.4019889832, 3.2149081230163574219, 1600449830.4019889832, 31.758493423461914063
1600449830.4129889011, 1.7175306081771850586, 1600449830.4329888821, 3.2824692726135253906, 1600449830.4329888821, 31.758493423461914063
1600449830.444988966, 1.7850917577743530273, 1600449830.4639890194, 3.2149081230163574219, 1600449830.4639890194, 32.149082183837890625
1600449830.4759891033, 1.7175306081771850586, 1600449830.4949889183, 3.2824692726135253906, 1600449830.4949889183, 32.149082183837890625
1600449830.5069890022, 1.7850917577743530273, 1600449830.5259890556, 3.2149081230163574219, 1600449830.5259890556, 32.149082183837890625
1600449830.5379889011, 1.7850917577743530273, 1600449830.5569889545, 3.2149081230163574219, 1600449830.5569889545, 32.149082183837890625
1600449830.5689890385, 1.7175306081771850586, 1600449830.5879890919, 3.2824692726135253906, 1600449830.5879890919, 32.8246917724609375
1600449830.5999889374, 1.7850917577743530273, 1600449830.6189889908, 3.2149081230163574219, 1600449830.6189889908, 32.8246917724609375
1600449830.6309890747, 1.7175306081771850586, 1600449830.6499888897, 3.2824692726135253906, 1600449830.6499888897, 32.8246917724609375
1600449830.6619889736, 1.7111967802047729492, 1600449830.680989027, 3.2888031005859375, 1600449830.680989027, 32.8246917724609375
1600449830.6939890385, 1.7439217567443847656, 1600449830.7129890919, 3.2560782432556152344, 1600449830.7129890919, 32.56078338623046875
1600449830.7245550156, 1.7439217567443847656, 1600449830.743555069, 3.2560782432556152344, 1600449830.743555069, 32.56078338623046875
1600449830.7555551529, 1.7439217567443847656, 1600449830.7745552063, 3.2560782432556152344, 1600449830.7745552063, 32.56078338623046875
1600449830.7865550518, 1.7439217567443847656, 1600449830.8055551052, 3.2560782432556152344, 1600449830.8055551052, 32.56078338623046875
1600449830.8175551891, 1.7439217567443847656, 1600449830.8365550041, 3.2560782432556152344, 1600449830.8365550041, 32.56078338623046875
1600449830.848555088, 1.7439217567443847656, 1600449830.8675551414, 3.2560782432556152344, 1600449830.8675551414, 32.56078338623046875
1600449830.8795552254, 1.7439217567443847656, 1600449830.8985550404, 3.2560782432556152344, 1600449830.8985550404, 32.56078338623046875
1600449830.9105551243, 1.7439217567443847656, 1600449830.9295551777, 3.2560782432556152344, 1600449830.9295551777, 32.56078338623046875
1600449830.9415550232, 1.7439217567443847656, 1600449830.9605550766, 3.2560782432556152344, 1600449830.9605550766, 32.56078338623046875
1600449830.9725551605, 1.750255584716796875, 1600449830.9925551414, 3.249744415283203125, 1600449830.9925551414, 32.56078338623046875
1600449831.0035550594, 1.7565894126892089844, 1600449831.0235550404, 3.2434105873107910156, 1600449831.0235550404, 32.56078338623046875
1600449831.0345551968, 1.7565894126892089844, 1600449831.0545551777, 3.2434105873107910156, 1600449831.0545551777, 32.56078338623046875
1600449831.0665550232, 1.7565894126892089844, 1600449831.0855550766, 3.2434105873107910156, 1600449831.0855550766, 32.43410491943359375
1600449831.096555233, 1.7565894126892089844, 1600449831.1165552139, 3.2434105873107910156, 1600449831.1165552139, 32.43410491943359375
1600449831.1275551319, 1.7565894126892089844, 1600449831.1475551128, 3.2434105873107910156, 1600449831.1475551128, 32.43410491943359375
1600449831.1595551968, 1.7565894126892089844, 1600449831.1785550117, 3.2434105873107910156, 1600449831.1785550117, 32.43410491943359375
1600449831.1905550957, 1.7565894126892089844, 1600449831.2095551491, 3.2434105873107910156, 1600449831.2095551491, 32.43410491943359375
1600449831.221555233, 1.7565894126892089844, 1600449831.240555048, 3.2434105873107910156, 1600449831.240555048, 32.43410491943359375
1600449831.2525551319, 1.7565894126892089844, 1600449831.2715551853, 3.2434105873107910156, 1600449831.2715551853, 32.43410491943359375
1600449831.2835550308, 1.7565894126892089844, 1600449831.3025550842, 3.2434105873107910156, 1600449831.3025550842, 32.43410491943359375
1600449831.3145551682, 1.7565894126892089844, 1600449831.3335552216, 3.2434105873107910156, 1600449831.3335552216, 32.43410491943359375
1600449831.3455550671, 1.7565894126892089844, 1600449831.3645551205, 3.2434105873107910156, 1600449831.3645551205, 32.43410491943359375
1600449831.3765552044, 1.750255584716796875, 1600449831.3955550194, 3.249744415283203125, 1600449831.3955550194, 32.43410491943359375
1600449831.4075551033, 1.750255584716796875, 1600449831.4265551567, 3.249744415283203125, 1600449831.4265551567, 32.43410491943359375
1600449831.4385550022, 1.750255584716796875, 1600449831.4575550556, 3.249744415283203125, 1600449831.4575550556, 32.49744415283203125
1600449831.4695551395, 1.750255584716796875, 1600449831.4885551929, 3.249744415283203125, 1600449831.4885551929, 32.49744415283203125
1600449831.5005550385, 1.750255584716796875, 1600449831.5195550919, 3.249744415283203125, 1600449831.5195550919, 32.49744415283203125
1600449831.5315551758, 1.750255584716796875, 1600449831.5505552292, 3.249744415283203125, 1600449831.5505552292, 32.49744415283203125
1600449831.5625550747, 1.750255584716796875, 1600449831.5815551281, 3.249744415283203125, 1600449831.5815551281, 32.49744415283203125
1600449831.593555212, 1.6826944351196289063, 1600449831.612555027, 3.3173055648803710938, 1600449831.612555027, 32.49744415283203125
1600449831.6245551109, 1.6826944351196289063, 1600449831.6435551643, 3.3173055648803710938, 1600449831.6435551643, 32.49744415283203125
1600449831.6555550098, 1.6826944351196289063, 1600449831.6745550632, 3.3173055648803710938, 1600449831.6745550632, 32.49744415283203125
1600449831.6865551472, 1.6890282630920410156, 1600449831.7055552006, 3.3109717369079589844, 1600449831.7055552006, 33.10971832275390625
1600449831.7175550461, 1.7565894126892089844, 1600449831.7365550995, 3.2434105873107910156, 1600449831.7365550995, 33.10971832275390625
1600449831.7485551834, 1.6890282630920410156, 1600449831.7675549984, 3.3109717369079589844, 1600449831.7675549984, 33.10971832275390625
1600449831.7795550823, 1.6890282630920410156, 1600449831.7985551357, 3.3109717369079589844, 1600449831.7985551357, 33.10971832275390625
1600449831.8105552197, 1.7565894126892089844, 1600449831.8295550346, 3.2434105873107910156, 1600449831.8295550346, 32.43410491943359375
1600449831.8415551186, 1.7565894126892089844, 1600449831.860555172, 3.2434105873107910156, 1600449831.860555172, 32.43410491943359375
1600449831.8725550175, 1.7565894126892089844, 1600449831.8915550709, 3.2434105873107910156, 1600449831.8915550709, 32.43410491943359375
1600449831.9035551548, 1.8241505622863769531, 1600449831.9225552082, 3.1758494377136230469, 1600449831.9225552082, 32.43410491943359375
1600449831.9345550537, 1.7565894126892089844, 1600449831.9535551071, 3.2434105873107910156, 1600449831.9535551071, 32.43410491943359375
1600449831.965555191, 1.8241505622863769531, 1600449831.984555006, 3.1758494377136230469, 1600449831.984555006, 32.43410491943359375
1600449831.99655509, 1.8241505622863769531, 1600449832.0155551434, 3.1758494377136230469, 1600449832.0155551434, 32.43410491943359375
1600449832.0275552273, 1.7565894126892089844, 1600449832.0465550423, 3.2434105873107910156, 1600449832.0465550423, 32.43410491943359375
1600449832.0585551262, 1.8241505622863769531, 1600449832.0775551796, 3.1758494377136230469, 1600449832.0775551796, 31.758493423461914063
1600449832.0895550251, 1.8241505622863769531, 1600449832.1085550785, 3.1758494377136230469, 1600449832.1085550785, 31.758493423461914063
1600449832.1205551624, 1.7565894126892089844, 1600449832.1395552158, 3.2434105873107910156, 1600449832.1395552158, 31.758493423461914063
1600449832.1515550613, 1.7565894126892089844, 1600449832.1715550423, 3.2434105873107910156, 1600449832.1715550423, 31.758493423461914063
1600449832.1825551987, 1.7565894126892089844, 1600449832.2025551796, 3.2434105873107910156, 1600449832.2025551796, 32.43410491943359375
1600449832.2175550461, 1.7334256172180175781, 1600449832.2365550995, 3.2665743827819824219, 1600449832.2365550995, 32.43410491943359375
1600449832.2485551834, 1.8009867668151855469, 1600449832.2675549984, 3.1990132331848144531, 1600449832.2675549984, 32.43410491943359375
1600449832.2795550823, 1.7334256172180175781, 1600449832.2985551357, 3.2665743827819824219, 1600449832.2985551357, 32.43410491943359375
1600449832.3105552197, 1.6658644676208496094, 1600449832.3295550346, 3.3341355323791503906, 1600449832.3295550346, 33.3413543701171875
1600449832.3415551186, 1.7334256172180175781, 1600449832.360555172, 3.2665743827819824219, 1600449832.360555172, 33.3413543701171875
1600449832.3725550175, 1.7334256172180175781, 1600449832.3915550709, 3.2665743827819824219, 1600449832.3915550709, 33.3413543701171875
1600449832.4365551472, 1.6943668127059936523, 1600449832.4555552006, 3.3056330680847167969, 1600449832.4555552006, 33.056331634521484375
1600449832.4675550461, 1.7619279623031616211, 1600449832.487555027, 3.2380719184875488281, 1600449832.487555027, 33.056331634521484375
1600449832.4985551834, 1.7619279623031616211, 1600449832.5185551643, 3.2380719184875488281, 1600449832.5185551643, 33.056331634521484375
1600449832.5295550823, 1.7619279623031616211, 1600449832.5495550632, 3.2380719184875488281, 1600449832.5495550632, 33.056331634521484375
1600449832.5615551472, 1.7175306081771850586, 1600449832.5805552006, 3.2824692726135253906, 1600449832.5805552006, 32.8246917724609375
1600449832.5915551186, 1.7175306081771850586, 1600449832.6115550995, 3.2824692726135253906, 1600449832.6115550995, 32.8246917724609375
1600449832.6225550175, 1.7850917577743530273, 1600449832.6425549984, 3.2149081230163574219, 1600449832.6425549984, 32.8246917724609375
1600449832.6545550823, 1.7850917577743530273, 1600449832.6735551357, 3.2149081230163574219, 1600449832.6735551357, 32.8246917724609375
1600449832.6855552197, 1.7850917577743530273, 1600449832.7045550346, 3.2149081230163574219, 1600449832.7045550346, 32.149082183837890625
1600449832.7165551186, 1.7850917577743530273, 1600449832.735555172, 3.2149081230163574219, 1600449832.735555172, 32.149082183837890625
1600449832.7475550175, 1.7565894126892089844, 1600449832.7665550709, 3.2434105873107910156, 1600449832.7665550709, 32.149082183837890625
1600449832.7785551548, 1.7565894126892089844, 1600449832.7975552082, 3.2434105873107910156, 1600449832.7975552082, 32.149082183837890625
1600449832.8095550537, 1.7565894126892089844, 1600449832.8285551071, 3.2434105873107910156, 1600449832.8285551071, 32.43410491943359375
1600449832.840555191, 1.7565894126892089844, 1600449832.859555006, 3.2434105873107910156, 1600449832.859555006, 32.43410491943359375
1600449832.87155509, 1.8178167343139648438, 1600449832.8905551434, 3.1821832656860351563, 1600449832.8905551434, 32.43410491943359375
1600449832.9025552273, 1.750255584716796875, 1600449832.9215550423, 3.249744415283203125, 1600449832.9215550423, 32.43410491943359375
1600449832.9335551262, 1.750255584716796875, 1600449832.9525551796, 3.249744415283203125, 1600449832.9525551796, 32.49744415283203125
1600449832.9645550251, 1.8178167343139648438, 1600449832.9835550785, 3.1821832656860351563, 1600449832.9835550785, 32.49744415283203125
1600449832.9955551624, 1.750255584716796875, 1600449833.0145552158, 3.249744415283203125, 1600449833.0145552158, 32.49744415283203125
1600449833.0265550613, 1.750255584716796875, 1600449833.0455551147, 3.249744415283203125, 1600449833.0455551147, 32.49744415283203125
1600449833.0575551987, 1.8178167343139648438, 1600449833.0765550137, 3.1821832656860351563, 1600449833.0765550137, 31.821832656860351563
1600449833.0885550976, 1.750255584716796875, 1600449833.107555151, 3.249744415283203125, 1600449833.107555151, 31.821832656860351563
1600449833.1195552349, 1.750255584716796875, 1600449833.1385550499, 3.249744415283203125, 1600449833.1385550499, 31.821832656860351563
1600449833.1505551338, 1.750255584716796875, 1600449833.1695551872, 3.249744415283203125, 1600449833.1695551872, 31.821832656860351563
1600449833.1815550327, 1.7565894126892089844, 1600449833.2005550861, 3.2434105873107910156, 1600449833.2005550861, 32.43410491943359375
1600449833.2135550976, 1.8178167343139648438, 1600449833.2335550785, 3.1821832656860351563, 1600449833.2335550785, 32.43410491943359375
1600449833.2445552349, 1.750255584716796875, 1600449833.2645552158, 3.249744415283203125, 1600449833.2645552158, 32.43410491943359375
1600449833.2755551338, 1.750255584716796875, 1600449833.2955551147, 3.249744415283203125, 1600449833.2955551147, 32.43410491943359375
1600449833.3075551987, 1.750255584716796875, 1600449833.3265550137, 3.249744415283203125, 1600449833.3265550137, 32.49744415283203125
1600449833.3375551701, 1.750255584716796875, 1600449833.357555151, 3.249744415283203125, 1600449833.357555151, 32.49744415283203125
1600449833.3695552349, 1.750255584716796875, 1600449833.3885550499, 3.249744415283203125, 1600449833.3885550499, 32.49744415283203125
1600449833.4005551338, 1.750255584716796875, 1600449833.4195551872, 3.249744415283203125, 1600449833.4195551872, 32.49744415283203125
1600449833.4315550327, 1.750255584716796875, 1600449833.4505550861, 3.249744415283203125, 1600449833.4505550861, 32.49744415283203125
1600449833.4625551701, 1.8178167343139648438, 1600449833.4815552235, 3.1821832656860351563, 1600449833.4815552235, 32.49744415283203125
1600449833.493555069, 1.750255584716796875, 1600449833.5125551224, 3.249744415283203125, 1600449833.5125551224, 32.49744415283203125
1600449833.5245552063, 1.7565894126892089844, 1600449833.5435550213, 3.2434105873107910156, 1600449833.5435550213, 32.49744415283203125
1600449833.5555551052, 1.7565894126892089844, 1600449833.5745551586, 3.2434105873107910156, 1600449833.5745551586, 32.43410491943359375
1600449833.5865550041, 1.750255584716796875, 1600449833.6055550575, 3.249744415283203125, 1600449833.6055550575, 32.43410491943359375
1600449833.6175551414, 1.8178167343139648438, 1600449833.6365551949, 3.1821832656860351563, 1600449833.6365551949, 32.43410491943359375
1600449833.6485550404, 1.750255584716796875, 1600449833.6675550938, 3.249744415283203125, 1600449833.6675550938, 32.43410491943359375
1600449833.6795551777, 1.750255584716796875, 1600449833.6985552311, 3.249744415283203125, 1600449833.6985552311, 32.49744415283203125
1600449833.7105550766, 1.750255584716796875, 1600449833.72955513, 3.249744415283203125, 1600449833.72955513, 32.49744415283203125
1600449833.7415552139, 1.750255584716796875, 1600449833.7605550289, 3.249744415283203125, 1600449833.7605550289, 32.49744415283203125
1600449833.7725551128, 1.750255584716796875, 1600449833.7915551662, 3.249744415283203125, 1600449833.7915551662, 32.49744415283203125
1600449833.8035550117, 1.750255584716796875, 1600449833.8225550652, 3.249744415283203125, 1600449833.8225550652, 32.49744415283203125
1600449833.8345551491, 1.750255584716796875, 1600449833.8535552025, 3.249744415283203125, 1600449833.8535552025, 32.49744415283203125
1600449833.865555048, 1.8178167343139648438, 1600449833.8845551014, 3.1821832656860351563, 1600449833.8845551014, 32.49744415283203125
1600449833.8965551853, 1.7565894126892089844, 1600449833.9155550003, 3.2434105873107910156, 1600449833.9155550003, 32.49744415283203125
1600449833.9275550842, 1.7565894126892089844, 1600449833.9465551376, 3.2434105873107910156, 1600449833.9465551376, 32.43410491943359375
1600449833.9585552216, 1.7565894126892089844, 1600449833.9775550365, 3.2434105873107910156, 1600449833.9775550365, 32.43410491943359375
1600449833.9895551205, 1.7565894126892089844, 1600449834.0085551739, 3.2434105873107910156, 1600449834.0085551739, 32.43410491943359375
1600449834.0205550194, 1.8241505622863769531, 1600449834.0395550728, 3.1758494377136230469, 1600449834.0395550728, 32.43410491943359375
1600449834.0515551567, 1.7565894126892089844, 1600449834.0705552101, 3.2434105873107910156, 1600449834.0705552101, 32.43410491943359375
1600449834.0825550556, 1.7565894126892089844, 1600449834.101555109, 3.2434105873107910156, 1600449834.101555109, 32.43410491943359375
1600449834.1135551929, 1.7565894126892089844, 1600449834.1325550079, 3.2434105873107910156, 1600449834.1325550079, 32.43410491943359375
1600449834.1445550919, 1.7565894126892089844, 1600449834.1635551453, 3.2434105873107910156, 1600449834.1635551453, 32.43410491943359375
1600449834.1755552292, 1.7565894126892089844, 1600449834.1945550442, 3.2434105873107910156, 1600449834.1945550442, 32.43410491943359375
1600449834.2065551281, 1.7565894126892089844, 1600449834.2255551815, 3.2434105873107910156, 1600449834.2255551815, 32.43410491943359375
1600449834.237555027, 1.7565894126892089844, 1600449834.2565550804, 3.2434105873107910156, 1600449834.2565550804, 32.43410491943359375
1600449834.2685551643, 1.7565894126892089844, 1600449834.2875552177, 3.2434105873107910156, 1600449834.2875552177, 32.43410491943359375
1600449834.2995550632, 1.7565894126892089844, 1600449834.3185551167, 3.2434105873107910156, 1600449834.3185551167, 32.43410491943359375
1600449834.3305552006, 1.7565894126892089844, 1600449834.3495550156, 3.2434105873107910156, 1600449834.3495550156, 32.43410491943359375
1600449834.3615550995, 1.7565894126892089844, 1600449834.3815550804, 3.2434105873107910156, 1600449834.3815550804, 32.43410491943359375
1600449834.3925549984, 1.7565894126892089844, 1600449834.4125552177, 3.2434105873107910156, 1600449834.4125552177, 32.43410491943359375
1600449834.4245550632, 1.7565894126892089844, 1600449834.4435551167, 3.2434105873107910156, 1600449834.4435551167, 32.43410491943359375
1600449834.4885551929, 1.7472348213195800781, 1600449834.5075550079, 3.2527651786804199219, 1600449834.5075550079, 32.43410491943359375
1600449834.5195550919, 1.6796736717224121094, 1600449834.5385551453, 3.3203263282775878906, 1600449834.5385551453, 32.43410491943359375
1600449834.5505552292, 1.7472348213195800781, 1600449834.5695550442, 3.2527651786804199219, 1600449834.5695550442, 32.527652740478515625
1600449834.5815551281, 1.7472348213195800781, 1600449834.6005551815, 3.2527651786804199219, 1600449834.6005551815, 32.527652740478515625
1600449834.612555027, 1.7472348213195800781, 1600449834.6315550804, 3.2527651786804199219, 1600449834.6315550804, 32.527652740478515625
1600449834.6435551643, 1.7472348213195800781, 1600449834.6625552177, 3.2527651786804199219, 1600449834.6625552177, 32.527652740478515625
1600449834.6745550632, 1.6796736717224121094, 1600449834.6935551167, 3.3203263282775878906, 1600449834.6935551167, 33.2032623291015625
1600449834.7055552006, 1.7472348213195800781, 1600449834.7245550156, 3.2527651786804199219, 1600449834.7245550156, 33.2032623291015625
1600449834.7365550995, 1.7472348213195800781, 1600449834.7555551529, 3.2527651786804199219, 1600449834.7555551529, 33.2032623291015625
1600449834.7675549984, 1.7472348213195800781, 1600449834.7865550518, 3.2527651786804199219, 1600449834.7865550518, 33.2032623291015625
1600449834.7985551357, 1.7565894126892089844, 1600449834.8175551891, 3.2434105873107910156, 1600449834.8175551891, 32.43410491943359375
1600449834.8295550346, 1.8241505622863769531, 1600449834.848555088, 3.1758494377136230469, 1600449834.848555088, 32.43410491943359375
1600449834.860555172, 1.7565894126892089844, 1600449834.8795552254, 3.2434105873107910156, 1600449834.8795552254, 32.43410491943359375
1600449834.8915550709, 1.7565894126892089844, 1600449834.9105551243, 3.2434105873107910156, 1600449834.9105551243, 32.43410491943359375
1600449834.9225552082, 1.8241505622863769531, 1600449834.9415550232, 3.1758494377136230469, 1600449834.9415550232, 31.758493423461914063
1600449834.9535551071, 1.7565894126892089844, 1600449834.9725551605, 3.2434105873107910156, 1600449834.9725551605, 31.758493423461914063
1600449834.984555006, 1.8241505622863769531, 1600449835.0035550594, 3.1758494377136230469, 1600449835.0035550594, 31.758493423461914063
1600449835.0155551434, 1.7565894126892089844, 1600449835.0345551968, 3.2434105873107910156, 1600449835.0345551968, 31.758493423461914063
1600449835.0465550423, 1.7565894126892089844, 1600449835.0655550957, 3.2434105873107910156, 1600449835.0655550957, 32.43410491943359375
1600449835.0775551796, 1.7565894126892089844, 1600449835.096555233, 3.2434105873107910156, 1600449835.096555233, 32.43410491943359375
1600449835.1085550785, 1.7565894126892089844, 1600449835.1275551319, 3.2434105873107910156, 1600449835.1275551319, 32.43410491943359375
1600449835.1395552158, 1.7565894126892089844, 1600449835.1585550308, 3.2434105873107910156, 1600449835.1585550308, 32.43410491943359375
1600449835.1705551147, 1.7565894126892089844, 1600449835.1895551682, 3.2434105873107910156, 1600449835.1895551682, 32.43410491943359375
1600449835.2015550137, 1.7565894126892089844, 1600449835.2205550671, 3.2434105873107910156, 1600449835.2205550671, 32.43410491943359375
1600449835.232555151, 1.6890282630920410156, 1600449835.2525551319, 3.3109717369079589844, 1600449835.2525551319, 32.43410491943359375
1600449835.2635550499, 1.7565894126892089844, 1600449835.2835550308, 3.2434105873107910156, 1600449835.2835550308, 32.43410491943359375
1600449835.2955551147, 1.7565894126892089844, 1600449835.3145551682, 3.2434105873107910156, 1600449835.3145551682, 32.43410491943359375
1600449835.3255550861, 1.7565894126892089844, 1600449835.3455550671, 3.2434105873107910156, 1600449835.3455550671, 32.43410491943359375
1600449835.3565552235, 1.7565894126892089844, 1600449835.3765552044, 3.2434105873107910156, 1600449835.3765552044, 32.43410491943359375
1600449835.3885550499, 1.8241505622863769531, 1600449835.4075551033, 3.1758494377136230469, 1600449835.4075551033, 32.43410491943359375
1600449835.4195551872, 1.7565894126892089844, 1600449835.4385550022, 3.2434105873107910156, 1600449835.4385550022, 32.43410491943359375
1600449835.4505550861, 1.7565894126892089844, 1600449835.4695551395, 3.2434105873107910156, 1600449835.4695551395, 32.43410491943359375
1600449835.4815552235, 1.8241505622863769531, 1600449835.5005550385, 3.1758494377136230469, 1600449835.5005550385, 32.43410491943359375
1600449835.5125551224, 1.7565894126892089844, 1600449835.5315551758, 3.2434105873107910156, 1600449835.5315551758, 32.43410491943359375
1600449835.5435550213, 1.8241505622863769531, 1600449835.5625550747, 3.1758494377136230469, 1600449835.5625550747, 31.758493423461914063
1600449835.5745551586, 1.7565894126892089844, 1600449835.593555212, 3.2434105873107910156, 1600449835.593555212, 31.758493423461914063
1600449835.6055550575, 1.750255584716796875, 1600449835.6245551109, 3.249744415283203125, 1600449835.6245551109, 31.758493423461914063
1600449835.6365551949, 1.8178167343139648438, 1600449835.6555550098, 3.1821832656860351563, 1600449835.6555550098, 31.758493423461914063
1600449835.6675550938, 1.750255584716796875, 1600449835.6865551472, 3.249744415283203125, 1600449835.6865551472, 32.49744415283203125
1600449835.6985552311, 1.750255584716796875, 1600449835.7175550461, 3.249744415283203125, 1600449835.7175550461, 32.49744415283203125
1600449835.7305550575, 1.8114829063415527344, 1600449835.7495551109, 3.1885170936584472656, 1600449835.7495551109, 32.49744415283203125
1600449835.7610888481, 1.7439217567443847656, 1600449835.7800889015, 3.2560782432556152344, 1600449835.7800889015, 32.49744415283203125
1600449835.7920889854, 1.7439217567443847656, 1600449835.8110890388, 3.2560782432556152344, 1600449835.8110890388, 32.56078338623046875
1600449835.8230888844, 1.7439217567443847656, 1600449835.8420889378, 3.2560782432556152344, 1600449835.8420889378, 32.56078338623046875
1600449835.8540890217, 1.7439217567443847656, 1600449835.8730888367, 3.2560782432556152344, 1600449835.8730888367, 32.56078338623046875
1600449835.8850889206, 1.8114829063415527344, 1600449835.904088974, 3.1885170936584472656, 1600449835.904088974, 32.56078338623046875
1600449835.9160890579, 1.750255584716796875, 1600449835.9350888729, 3.249744415283203125, 1600449835.9350888729, 32.49744415283203125
1600449835.9470889568, 1.750255584716796875, 1600449835.9670889378, 3.249744415283203125, 1600449835.9670889378, 32.49744415283203125
1600449835.9780888557, 1.8178167343139648438, 1600449835.9980888367, 3.1821832656860351563, 1600449835.9980888367, 32.49744415283203125
1600449836.0090889931, 1.750255584716796875, 1600449836.029088974, 3.249744415283203125, 1600449836.029088974, 32.49744415283203125
1600449836.0410890579, 1.7565894126892089844, 1600449836.0600888729, 3.2434105873107910156, 1600449836.0600888729, 32.43410491943359375
1600449836.0710890293, 1.8241505622863769531, 1600449836.0910890102, 3.1758494377136230469, 1600449836.0910890102, 32.43410491943359375
1600449836.1030888557, 1.7565894126892089844, 1600449836.1220889091, 3.2434105873107910156, 1600449836.1220889091, 32.43410491943359375
1600449836.1340889931, 1.8241505622863769531, 1600449836.1530890465, 3.1758494377136230469, 1600449836.1530890465, 32.43410491943359375
1600449836.165088892, 1.8241505622863769531, 1600449836.1840889454, 3.1758494377136230469, 1600449836.1840889454, 31.758493423461914063
1600449836.1960890293, 1.7565894126892089844, 1600449836.2150888443, 3.2434105873107910156, 1600449836.2150888443, 31.758493423461914063
1600449836.2270889282, 1.8241505622863769531, 1600449836.2460889816, 3.1758494377136230469, 1600449836.2460889816, 31.758493423461914063
1600449836.2580890656, 1.7565894126892089844, 1600449836.2770888805, 3.2434105873107910156, 1600449836.2770888805, 31.758493423461914063
1600449836.2890889645, 1.7565894126892089844, 1600449836.3080890179, 3.2434105873107910156, 1600449836.3080890179, 32.43410491943359375
1600449836.3200888634, 1.8178167343139648438, 1600449836.3390889168, 3.1821832656860351563, 1600449836.3390889168, 32.43410491943359375
1600449836.3510890007, 1.750255584716796875, 1600449836.3700890541, 3.249744415283203125, 1600449836.3700890541, 32.43410491943359375
1600449836.3820888996, 1.750255584716796875, 1600449836.401088953, 3.249744415283203125, 1600449836.401088953, 32.43410491943359375
1600449836.4130890369, 1.750255584716796875, 1600449836.4320888519, 3.249744415283203125, 1600449836.4320888519, 32.49744415283203125
1600449836.4440889359, 1.750255584716796875, 1600449836.4630889893, 3.249744415283203125, 1600449836.4630889893, 32.49744415283203125
1600449836.4750888348, 1.750255584716796875, 1600449836.4940888882, 3.249744415283203125, 1600449836.4940888882, 32.49744415283203125
1600449836.5390889645, 1.778757929801940918, 1600449836.5580890179, 3.2212419509887695313, 1600449836.5580890179, 32.212421417236328125
1600449836.5700888634, 1.778757929801940918, 1600449836.5890889168, 3.2212419509887695313, 1600449836.5890889168, 32.212421417236328125
1600449836.6010890007, 1.778757929801940918, 1600449836.6200890541, 3.2212419509887695313, 1600449836.6200890541, 32.212421417236328125
1600449836.6320888996, 1.778757929801940918, 1600449836.651088953, 3.2212419509887695313, 1600449836.651088953, 32.212421417236328125
1600449836.6630890369, 1.7850917577743530273, 1600449836.6820888519, 3.2149081230163574219, 1600449836.6820888519, 32.149082183837890625
1600449836.6940889359, 1.7850917577743530273, 1600449836.7130889893, 3.2149081230163574219, 1600449836.7130889893, 32.149082183837890625
1600449836.7250888348, 1.7850917577743530273, 1600449836.7440888882, 3.2149081230163574219, 1600449836.7440888882, 32.149082183837890625
1600449836.7560889721, 1.8526529073715209961, 1600449836.7750890255, 3.1473469734191894531, 1600449836.7750890255, 32.149082183837890625
1600449836.787088871, 1.7850917577743530273, 1600449836.8060889244, 3.2149081230163574219, 1600449836.8060889244, 32.149082183837890625
1600449836.8180890083, 1.7850917577743530273, 1600449836.8380889893, 3.2149081230163574219, 1600449836.8380889893, 32.149082183837890625
1600449836.8490889072, 1.8241505622863769531, 1600449836.8690888882, 3.1758494377136230469, 1600449836.8690888882, 32.149082183837890625
1600449836.8800890446, 1.7565894126892089844, 1600449836.9000890255, 3.2434105873107910156, 1600449836.9000890255, 32.149082183837890625
1600449836.912088871, 1.8241505622863769531, 1600449836.9310889244, 3.1758494377136230469, 1600449836.9310889244, 31.758493423461914063
1600449836.9420888424, 1.7565894126892089844, 1600449836.9620890617, 3.2434105873107910156, 1600449836.9620890617, 31.758493423461914063
1600449836.9740889072, 1.7565894126892089844, 1600449836.9930889606, 3.2434105873107910156, 1600449836.9930889606, 31.758493423461914063
1600449837.0050890446, 1.7565894126892089844, 1600449837.0240888596, 3.2434105873107910156, 1600449837.0240888596, 31.758493423461914063
1600449837.0360889435, 1.6890282630920410156, 1600449837.0550889969, 3.3109717369079589844, 1600449837.0550889969, 33.10971832275390625
1600449837.0670888424, 1.6890282630920410156, 1600449837.0860888958, 3.3109717369079589844, 1600449837.0860888958, 33.10971832275390625
1600449837.0980889797, 1.6890282630920410156, 1600449837.1170890331, 3.3109717369079589844, 1600449837.1170890331, 33.10971832275390625
1600449837.1290888786, 1.6890282630920410156, 1600449837.148088932, 3.3109717369079589844, 1600449837.148088932, 33.10971832275390625
1600449837.160089016, 1.6890282630920410156, 1600449837.1790888309, 3.3109717369079589844, 1600449837.1790888309, 33.10971832275390625
1600449837.1910889149, 1.750255584716796875, 1600449837.2100889683, 3.249744415283203125, 1600449837.2100889683, 33.10971832275390625
1600449837.2250888348, 1.6707719564437866211, 1600449837.2440888882, 3.3292281627655029297, 1600449837.2440888882, 33.10971832275390625
1600449837.2560889721, 1.7383329868316650391, 1600449837.2750890255, 3.2616670131683349609, 1600449837.2750890255, 33.10971832275390625
1600449837.287088871, 1.7383329868316650391, 1600449837.3060889244, 3.2616670131683349609, 1600449837.3060889244, 32.616668701171875
1600449837.3180890083, 1.8058941364288330078, 1600449837.3370890617, 3.1941058635711669922, 1600449837.3370890617, 32.616668701171875
1600449837.3490889072, 1.8058941364288330078, 1600449837.3680889606, 3.1941058635711669922, 1600449837.3680889606, 32.616668701171875
1600449837.3800890446, 1.8058941364288330078, 1600449837.3990888596, 3.1941058635711669922, 1600449837.3990888596, 32.616668701171875
1600449837.4110889435, 1.8058941364288330078, 1600449837.4300889969, 3.1941058635711669922, 1600449837.4300889969, 31.941059112548828125
1600449837.4420888424, 1.8058941364288330078, 1600449837.4620890617, 3.1941058635711669922, 1600449837.4620890617, 31.941059112548828125
1600449837.4730889797, 1.8058941364288330078, 1600449837.4930889606, 3.1941058635711669922, 1600449837.4930889606, 31.941059112548828125
1600449837.5040888786, 1.7446669340133666992, 1600449837.5240888596, 3.2553331851959228516, 1600449837.5240888596, 31.941059112548828125
1600449837.5360889435, 1.8241505622863769531, 1600449837.5550889969, 3.1758494377136230469, 1600449837.5550889969, 31.758493423461914063
1600449837.5660889149, 1.7565894126892089844, 1600449837.5860888958, 3.2434105873107910156, 1600449837.5860888958, 31.758493423461914063
1600449837.5980889797, 1.7565894126892089844, 1600449837.6170890331, -1.7565894126892089844, 1600449837.6170890331, 31.758493423461914063
1600449837.6290888786, 1.6890282630920410156, 1600449837.648088932, -1.6890282630920410156, 1600449837.648088932, 31.758493423461914063
1600449837.660089016, 1.7565894126892089844, 1600449837.6790888309, -1.7565894126892089844, 1600449837.6790888309, -17.56589508056640625
1600449837.6910889149, 1.4863449335098266602, 1600449837.7100889683, -1.4863449335098266602, 1600449837.7100889683, -17.56589508056640625
1600449837.7220890522, 1.3512226343154907227, 1600449837.7410888672, -1.3512226343154907227, 1600449837.7410888672, -17.56589508056640625
1600449837.7530889511, 1.1485393047332763672, 1600449837.7720890045, -1.1485393047332763672, 1600449837.7720890045, -17.56589508056640625
1600449837.78408885, 0.94585585594177246094, 1600449837.8030889034, -0.94585585594177246094, 1600449837.8030889034, -9.4585580825805664063
1600449837.8150889874, 0.81073361635208129883, 1600449837.8340890408, -0.81073361635208129883, 1600449837.8340890408, -9.4585580825805664063
1600449837.8460888863, 0.60805016756057739258, 1600449837.8650889397, -0.60805016756057739258, 1600449837.8650889397, -9.4585580825805664063
1600449837.8770890236, 0.47292792797088623047, 1600449837.8960888386, -0.47292792797088623047, 1600449837.8960888386, -9.4585580825805664063
1600449837.9080889225, 0.27024453878402709961, 1600449837.9270889759, -0.27024453878402709961, 1600449837.9270889759, -2.7024452686309814453
1600449837.9390890598, 0.1351222693920135498, 1600449837.9580888748, -0.1351222693920135498, 1600449837.9580888748, -2.7024452686309814453
1600449837.9700889587, -0.067561134696006774902, 1600449837.9890890121, 0.067561134696006774902, 1600449837.9890890121, -2.7024452686309814453
1600449838.0010888577, 2.2204460492503130808e-16, 1600449838.0200889111, -2.2204460492503130808e-16, 1600449838.0200889111, -2.7024452686309814453
1600449838.032088995, 2.2204460492503130808e-16, 1600449838.0510890484, -2.2204460492503130808e-16, 1600449838.0510890484, -2.2204460492503130808e-15
1600449838.0630888939, 2.2204460492503130808e-16, 1600449838.0820889473, -2.2204460492503130808e-16, 1600449838.0820889473, -2.2204460492503130808e-15
1600449838.0940890312, 2.2204460492503130808e-16, 1600449838.1130888462, -2.2204460492503130808e-16, 1600449838.1130888462, -2.2204460492503130808e-15
1600449838.1250889301, 2.2204460492503130808e-16, 1600449838.1440889835, -2.2204460492503130808e-16, 1600449838.1440889835, -2.2204460492503130808e-15
1600449838.1560890675, 2.2204460492503130808e-16, 1600449838.1750888824, -2.2204460492503130808e-16, 1600449838.1750888824, -2.2204460492503130808e-15
1600449838.1870889664, 2.2204460492503130808e-16, 1600449838.2060890198, -2.2204460492503130808e-16, 1600449838.2060890198, -2.2204460492503130808e-15
1600449838.2180888653, 2.2204460492503130808e-16, 1600449838.2370889187, -2.2204460492503130808e-16, 1600449838.2370889187, -2.2204460492503130808e-15
1600449838.2500889301, 2.2204460492503130808e-16, 1600449838.2700889111, -2.2204460492503130808e-16, 1600449838.2700889111, -2.2204460492503130808e-15
1600449838.2820320129, 2.2204460492503130808e-16, 1600449838.3010320663, -2.2204460492503130808e-16, 1600449838.3010320663, -2.2204460492503130808e-15
1600449838.3120319843, 2.2204460492503130808e-16, 1600449838.3320319653, -2.2204460492503130808e-16, 1600449838.3320319653, -2.2204460492503130808e-15
1600449838.3430318832, 2.2204460492503130808e-16, 1600449838.3630318642, -2.2204460492503130808e-16, 1600449838.3630318642, -2.2204460492503130808e-15
1600449838.3740320206, 2.2204460492503130808e-16, 1600449838.3940320015, -2.2204460492503130808e-16, 1600449838.3940320015, -2.2204460492503130808e-15
1600449838.406031847, 2.2204460492503130808e-16, 1600449838.4250319004, -2.2204460492503130808e-16, 1600449838.4250319004, -2.2204460492503130808e-15
1600449838.4370319843, 2.2204460492503130808e-16, 1600449838.4560320377, -2.2204460492503130808e-16, 1600449838.4560320377, -2.2204460492503130808e-15
1600449838.4680318832, 2.2204460492503130808e-16, 1600449838.4870319366, -2.2204460492503130808e-16, 1600449838.4870319366, -2.2204460492503130808e-15
1600449838.4990320206, 2.2204460492503130808e-16, 1600449838.5180318356, -2.2204460492503130808e-16, 1600449838.5180318356, -2.2204460492503130808e-15
1600449838.5300319195, 2.2204460492503130808e-16, 1600449838.5490319729, -2.2204460492503130808e-16, 1600449838.5490319729, -2.2204460492503130808e-15
1600449838.5940320492, 2.2204460492503130808e-16, 1600449838.6130318642, -2.2204460492503130808e-16, 1600449838.6130318642, -2.2204460492503130808e-15
1600449838.6250319481, 2.2204460492503130808e-16, 1600449838.6440320015, -2.2204460492503130808e-16, 1600449838.6440320015, -2.2204460492503130808e-15
1600449838.656031847, 2.2204460492503130808e-16, 1600449838.6750319004, -2.2204460492503130808e-16, 1600449838.6750319004, -2.2204460492503130808e-15
1600449838.6870319843, 2.2204460492503130808e-16, 1600449838.7060320377, -2.2204460492503130808e-16, 1600449838.7060320377, -2.2204460492503130808e-15
1600449838.7180318832, 2.2204460492503130808e-16, 1600449838.7370319366, -2.2204460492503130808e-16, 1600449838.7370319366, -2.2204460492503130808e-15
1600449838.7490320206, 2.2204460492503130808e-16, 1600449838.7680318356, -2.2204460492503130808e-16, 1600449838.7680318356, -2.2204460492503130808e-15
1600449838.7800319195, 2.2204460492503130808e-16, 1600449838.7990319729, -2.2204460492503130808e-16, 1600449838.7990319729, -2.2204460492503130808e-15
1600449838.8110320568, 2.2204460492503130808e-16, 1600449838.8300318718, -2.2204460492503130808e-16, 1600449838.8300318718, -2.2204460492503130808e-15
1600449838.8420319557, 2.2204460492503130808e-16, 1600449838.8610320091, -2.2204460492503130808e-16, 1600449838.8610320091, -2.2204460492503130808e-15
1600449838.8730318546, 2.2204460492503130808e-16, 1600449838.892031908, -2.2204460492503130808e-16, 1600449838.892031908, -2.2204460492503130808e-15
1600449838.904031992, 2.2204460492503130808e-16, 1600449838.9230320454, -2.2204460492503130808e-16, 1600449838.9230320454, -2.2204460492503130808e-15
1600449838.9350318909, 2.2204460492503130808e-16, 1600449838.9540319443, -2.2204460492503130808e-16, 1600449838.9540319443, -2.2204460492503130808e-15
1600449838.9660320282, 2.2204460492503130808e-16, 1600449838.9850318432, -2.2204460492503130808e-16, 1600449838.9850318432, -2.2204460492503130808e-15
1600449838.9970319271, 2.2204460492503130808e-16, 1600449839.0160319805, -2.2204460492503130808e-16, 1600449839.0160319805, -2.2204460492503130808e-15
1600449839.0280320644, 2.2204460492503130808e-16, 1600449839.0480320454, -2.2204460492503130808e-16, 1600449839.0480320454, -2.2204460492503130808e-15
1600449839.0590319633, 2.2204460492503130808e-16, 1600449839.0790319443, -2.2204460492503130808e-16, 1600449839.0790319443, -2.2204460492503130808e-15
1600449839.0900318623, 2.2204460492503130808e-16, 1600449839.1100318432, -2.2204460492503130808e-16, 1600449839.1100318432, -2.2204460492503130808e-15
1600449839.1210319996, 2.2204460492503130808e-16, 1600449839.1410319805, -2.2204460492503130808e-16, 1600449839.1410319805, -2.2204460492503130808e-15
1600449839.1530320644, 2.2204460492503130808e-16, 1600449839.1720318794, -2.2204460492503130808e-16, 1600449839.1720318794, -2.2204460492503130808e-15
1600449839.1830320358, 2.2204460492503130808e-16, 1600449839.2030320168, -2.2204460492503130808e-16, 1600449839.2030320168, -2.2204460492503130808e-15
1600449839.2140319347, 2.2204460492503130808e-16, 1600449839.2340319157, -2.2204460492503130808e-16, 1600449839.2340319157, -2.2204460492503130808e-15
1600449839.2450318336, 2.2204460492503130808e-16, 1600449839.265032053, -2.2204460492503130808e-16, 1600449839.265032053, -2.2204460492503130808e-15
1600449839.2770318985, 2.2204460492503130808e-16, 1600449839.2960319519, -2.2204460492503130808e-16, 1600449839.2960319519, -2.2204460492503130808e-15
1600449839.3080320358, 2.2204460492503130808e-16, 1600449839.3270318508, -2.2204460492503130808e-16, 1600449839.3270318508, -2.2204460492503130808e-15
1600449839.3390319347, 2.2204460492503130808e-16, 1600449839.3580319881, -2.2204460492503130808e-16, 1600449839.3580319881, -2.2204460492503130808e-15
1600449839.3700318336, 2.2204460492503130808e-16, 1600449839.3890318871, -2.2204460492503130808e-16, 1600449839.3890318871, -2.2204460492503130808e-15
1600449839.401031971, 2.2204460492503130808e-16, 1600449839.4200320244, -2.2204460492503130808e-16, 1600449839.4200320244, -2.2204460492503130808e-15
1600449839.4320318699, 2.2204460492503130808e-16, 1600449839.4510319233, -2.2204460492503130808e-16, 1600449839.4510319233, -2.2204460492503130808e-15
1600449839.4630320072, 2.2204460492503130808e-16, 1600449839.4820320606, -2.2204460492503130808e-16, 1600449839.4820320606, -2.2204460492503130808e-15
1600449839.4940319061, 2.2204460492503130808e-16, 1600449839.5130319595, -2.2204460492503130808e-16, 1600449839.5130319595, -2.2204460492503130808e-15
1600449839.5250320435, 2.2204460492503130808e-16, 1600449839.5440318584, -2.2204460492503130808e-16, 1600449839.5440318584, -2.2204460492503130808e-15
1600449839.5560319424, 2.2204460492503130808e-16, 1600449839.5750319958, -2.2204460492503130808e-16, 1600449839.5750319958, -2.2204460492503130808e-15
1600449839.5870318413, 2.2204460492503130808e-16, 1600449839.6060318947, -2.2204460492503130808e-16, 1600449839.6060318947, -2.2204460492503130808e-15
1600449839.6180319786, 2.2204460492503130808e-16, 1600449839.637032032, -2.2204460492503130808e-16, 1600449839.637032032, -2.2204460492503130808e-15
1600449839.6490318775, 2.2204460492503130808e-16, 1600449839.6680319309, -2.2204460492503130808e-16, 1600449839.6680319309, -2.2204460492503130808e-15
1600449839.6800320148, 2.2204460492503130808e-16, 1600449839.6990318298, -2.2204460492503130808e-16, 1600449839.6990318298, -2.2204460492503130808e-15
1600449839.7110319138, 2.2204460492503130808e-16, 1600449839.7300319672, -2.2204460492503130808e-16, 1600449839.7300319672, -2.2204460492503130808e-15
1600449839.7420320511, 2.2204460492503130808e-16, 1600449839.7610318661, -2.2204460492503130808e-16, 1600449839.7610318661, -2.2204460492503130808e-15
1600449839.77303195, 2.2204460492503130808e-16, 1600449839.7920320034, -2.2204460492503130808e-16, 1600449839.7920320034, -2.2204460492503130808e-15
1600449839.8040318489, 2.2204460492503130808e-16, 1600449839.8230319023, -2.2204460492503130808e-16, 1600449839.8230319023, -2.2204460492503130808e-15
1600449839.8350319862, 2.2204460492503130808e-16, 1600449839.8540320396, -2.2204460492503130808e-16, 1600449839.8540320396, -2.2204460492503130808e-15
1600449839.8660318851, 2.2204460492503130808e-16, 1600449839.8850319386, -2.2204460492503130808e-16, 1600449839.8850319386, -2.2204460492503130808e-15
1600449839.8970320225, 2.2204460492503130808e-16, 1600449839.9160318375, -2.2204460492503130808e-16, 1600449839.9160318375, -2.2204460492503130808e-15
1600449839.9280319214, 2.2204460492503130808e-16, 1600449839.9470319748, -2.2204460492503130808e-16, 1600449839.9470319748, -2.2204460492503130808e-15
1600449839.9590320587, 2.2204460492503130808e-16, 1600449839.9780318737, -2.2204460492503130808e-16, 1600449839.9780318737, -2.2204460492503130808e-15
1600449839.9900319576, 2.2204460492503130808e-16, 1600449840.009032011, -2.2204460492503130808e-16, 1600449840.009032011, -2.2204460492503130808e-15
1600449840.0210318565, 2.2204460492503130808e-16, 1600449840.0400319099, -2.2204460492503130808e-16, 1600449840.0400319099, -2.2204460492503130808e-15
1600449840.0520319939, 2.2204460492503130808e-16, 1600449840.0710320473, -2.2204460492503130808e-16, 1600449840.0710320473, -2.2204460492503130808e-15
1600449840.0830318928, 2.2204460492503130808e-16, 1600449840.1020319462, -2.2204460492503130808e-16, 1600449840.1020319462, -2.2204460492503130808e-15
1600449840.1140320301, 2.2204460492503130808e-16, 1600449840.1330318451, -2.2204460492503130808e-16, 1600449840.1330318451, -2.2204460492503130808e-15
1600449840.145031929, 2.2204460492503130808e-16, 1600449840.1640319824, -2.2204460492503130808e-16, 1600449840.1640319824, -2.2204460492503130808e-15
1600449840.1760320663, 2.2204460492503130808e-16, 1600449840.1960320473, -2.2204460492503130808e-16, 1600449840.1960320473, -2.2204460492503130808e-15
1600449840.2070319653, 2.2204460492503130808e-16, 1600449840.2270319462, -2.2204460492503130808e-16, 1600449840.2270319462, -2.2204460492503130808e-15
1600449840.2380318642, 2.2204460492503130808e-16, 1600449840.2580318451, -2.2204460492503130808e-16, 1600449840.2580318451, -2.2204460492503130808e-15
1600449840.2690320015, 2.2204460492503130808e-16, 1600449840.2890319824, -2.2204460492503130808e-16, 1600449840.2890319824, -2.2204460492503130808e-15
1600449840.3000319004, 2.2204460492503130808e-16, 1600449840.3200318813, -2.2204460492503130808e-16, 1600449840.3200318813, -2.2204460492503130808e-15
1600449840.3310320377, 2.2204460492503130808e-16, 1600449840.3510320187, -2.2204460492503130808e-16, 1600449840.3510320187, -2.2204460492503130808e-15
1600449840.3620319366, 2.2204460492503130808e-16, 1600449840.3820319176, -2.2204460492503130808e-16, 1600449840.3820319176, -2.2204460492503130808e-15
1600449840.3940320015, 2.2204460492503130808e-16, 1600449840.4130320549, -2.2204460492503130808e-16, 1600449840.4130320549, -2.2204460492503130808e-15
1600449840.4250319004, 2.2204460492503130808e-16, 1600449840.4440319538, -2.2204460492503130808e-16, 1600449840.4440319538, -2.2204460492503130808e-15
1600449840.4560320377, 2.2204460492503130808e-16, 1600449840.4750318527, -2.2204460492503130808e-16, 1600449840.4750318527, -2.2204460492503130808e-15
1600449840.4870319366, 2.2204460492503130808e-16, 1600449840.5060319901, -2.2204460492503130808e-16, 1600449840.5060319901, -2.2204460492503130808e-15
1600449840.5180318356, 2.2204460492503130808e-16, 1600449840.537031889, -2.2204460492503130808e-16, 1600449840.537031889, -2.2204460492503130808e-15
1600449840.5490319729, 2.2204460492503130808e-16, 1600449840.5680320263, -2.2204460492503130808e-16, 1600449840.5680320263, -2.2204460492503130808e-15
1600449840.5800318718, 2.2204460492503130808e-16, 1600449840.5990319252, -2.2204460492503130808e-16, 1600449840.5990319252, -2.2204460492503130808e-15
1600449840.6440320015, 2.2204460492503130808e-16, 1600449840.6630320549, -2.2204460492503130808e-16, 1600449840.6630320549, -2.2204460492503130808e-15
