# /joint_state/header/stamp, /joint_state/velocity/0, /pid_left_state/header/stamp, /pid_left_state/error, /pid_left_state/header/stamp, /pid_left_state/output
1600449469.7637629509, 0, 1600449469.7827630043, 0, 1600449469.7827630043, 0
1600449469.7947630882, 0, 1600449469.8137631416, 0, 1600449469.8137631416, 0
1600449469.8257629871, 0, 1600449469.8447630405, 0, 1600449469.8447630405, 0
1600449469.8567631245, 0, 1600449469.8757629395, 0, 1600449469.8757629395, 0
1600449469.8877630234, 0, 1600449469.9067630768, 0, 1600449469.9067630768, 0
1600449469.9187631607, 0, 1600449469.9377629757, 0, 1600449469.9377629757, 0
1600449469.9497630596, 0, 1600449469.968763113, 0, 1600449469.968763113, 0
1600449469.9807629585, 0, 1600449469.9997630119, 0, 1600449469.9997630119, 0
1600449470.0117630959, 0, 1600449470.0307631493, 0, 1600449470.0307631493, 0
1600449470.0427629948, 0, 1600449470.0617630482, 0, 1600449470.0617630482, 0
1600449470.0737631321, 0, 1600449470.0927629471, 0, 1600449470.0927629471, 0
1600449470.104763031, 0, 1600449470.1237630844, 0, 1600449470.1237630844, 0
1600449470.1357629299, 0, 1600449470.1547629833, 0, 1600449470.1547629833, 0
1600449470.1667630672, 0, 1600449470.1857631207, 0, 1600449470.1857631207, 0
1600449470.1977629662, 0, 1600449470.2167630196, 0, 1600449470.2167630196, 0
1600449470.2287631035, 0, 1600449470.2477631569, 0, 1600449470.2477631569, 0
1600449470.2597630024, 0, 1600449470.2787630558, 0, 1600449470.2787630558, 0
1600449470.2907631397, 0, 1600449470.3097629547, 0, 1600449470.3097629547, 0
1600449470.3217630386, 0, 1600449470.340763092, 0, 1600449470.340763092, 0
1600449470.3527629375, 0, 1600449470.371762991, 0, 1600449470.371762991, 0
1600449470.3837630749, 0, 1600449470.4027631283, 0, 1600449470.4027631283, 0
1600449470.4147629738, 0, 1600449470.4337630272, 0, 1600449470.4337630272, 0
1600449470.4457631111, 0, 1600449470.4647629261, 0, 1600449470.4647629261, 0
1600449470.47676301, 0, 1600449470.4957630634, 0, 1600449470.4957630634, 0
1600449470.5097630024, 0, 1600449470.5287630558, 0, 1600449470.5287630558, 0
1600449470.5403368473, 0, 1600449470.5593369007, 0, 1600449470.5593369007, 0
1600449470.5713369846, 0, 1600449470.590337038, 0, 1600449470.590337038, 0
1600449470.6023368835, 0, 1600449470.621336937, 0, 1600449470.621336937, 0
1600449470.6333370209, 0, 1600449470.6523368359, 0, 1600449470.6523368359, 0
1600449470.6643369198, 0, 1600449470.6833369732, 0, 1600449470.6833369732, 0
1600449470.6953370571, 0, 1600449470.7143368721, 0, 1600449470.7143368721, 0
1600449470.726336956, 0, 1600449470.7453370094, 0, 1600449470.7453370094, 0
1600449470.7573368549, 0, 1600449470.7763369083, 0, 1600449470.7763369083, 0
1600449470.7883369923, 0, 1600449470.8073370457, 0, 1600449470.8073370457, 0
1600449470.8193368912, 0, 1600449470.8383369446, 0, 1600449470.8383369446, 0
1600449470.8503370285, 0, 1600449470.8693368435, 0, 1600449470.8693368435, 0
1600449470.8813369274, 0, 1600449470.9003369808, 0, 1600449470.9003369808, 0
1600449470.9123370647, 0, 1600449470.9313368797, 0, 1600449470.9313368797, 0
1600449470.9433369637, 0, 1600449470.9623370171, 0, 1600449470.9623370171, 0
1600449470.9743368626, 0, 1600449470.993336916, 0, 1600449470.993336916, 0
1600449471.0053369999, 0, 1600449471.0243370533, 0, 1600449471.0243370533, 0
1600449471.0363368988, 0, 1600449471.0553369522, 0, 1600449471.0553369522, 0
1600449471.0673370361, 0, 1600449471.0863368511, 0, 1600449471.0863368511, 0
1600449471.098336935, 0, 1600449471.1173369884, 0, 1600449471.1173369884, 0
1600449471.129336834, 0, 1600449471.1483368874, 0, 1600449471.1483368874, 0
1600449471.1603369713, 0, 1600449471.1793370247, 0, 1600449471.1793370247, 0
1600449471.2253370285, 0, 1600449471.2443368435, 0, 1600449471.2443368435, 0
1600449471.2563369274, 0, 1600449471.2753369808, 0, 1600449471.2753369808, 0
1600449471.2873370647, 0, 1600449471.3063368797, 0, 1600449471.3063368797, 0
1600449471.3183369637, 0, 1600449471.3373370171, 0, 1600449471.3373370171, 0
1600449471.3493368626, 0, 1600449471.368336916, 0, 1600449471.368336916, 0
1600449471.3803369999, 0, 1600449471.3993370533, 0, 1600449471.3993370533, 0
1600449471.4113368988, 0, 1600449471.4303369522, 0, 1600449471.4303369522, 0
1600449471.4423370361, 0, 1600449471.4613368511, 0, 1600449471.4613368511, 0
1600449471.473336935, 0, 1600449471.4923369884, 0, 1600449471.4923369884, 0
1600449471.504336834, 0, 1600449471.5233368874, 0, 1600449471.5233368874, 0
1600449471.5353369713, 0, 1600449471.5543370247, 0, 1600449471.5543370247, 0
1600449471.5663368702, 0, 1600449471.5853369236, 0, 1600449471.5853369236, 0
1600449471.5973370075, 0, 1600449471.6163370609, 0, 1600449471.6163370609, 0
1600449471.6283369064, 0, 1600449471.6473369598, 0, 1600449471.6473369598, 0
1600449471.6623370647, 0, 1600449471.6823370457, 0, 1600449471.6823370457, 0
1600449471.6933369637, 0, 1600449471.7133369446, 0, 1600449471.7133369446, 0
1600449471.7243368626, 0, 1600449471.7443368435, 0, 1600449471.7443368435, 0
1600449471.7553369999, 0, 1600449471.7753369808, 0, 1600449471.7753369808, 0
1600449471.7873370647, 0, 1600449471.8063368797, 0, 1600449471.8063368797, 0
1600449471.8183369637, 0, 1600449471.8373370171, 0, 1600449471.8373370171, 0
1600449471.8493368626, 0, 1600449471.868336916, 0, 1600449471.868336916, 0
1600449471.8803369999, 0, 1600449471.8993370533, 0, 1600449471.8993370533, 0
1600449471.9113368988, 0, 1600449471.9303369522, 0, 1600449471.9303369522, 0
1600449471.9423370361, 0, 1600449471.9613368511, 0, 1600449471.9613368511, 0
1600449471.973336935, 0, 1600449471.9923369884, 0, 1600449471.9923369884, 0
1600449472.004336834, 0, 1600449472.0233368874, 0, 1600449472.0233368874, 0
1600449472.0353369713, 0, 1600449472.0543370247, 0, 1600449472.0543370247, 0
1600449472.0663368702, 0, 1600449472.0853369236, 0, 1600449472.0853369236, 0
1600449472.0973370075, 0, 1600449472.1163370609, 0, 1600449472.1163370609, 0
1600449472.1283369064, 0, 1600449472.1473369598, 0, 1600449472.1473369598, 0
1600449472.1593370438, 0, 1600449472.1783368587, 0, 1600449472.1783368587, 0
1600449472.1903369427, 0, 1600449472.2093369961, 0, 1600449472.2093369961, 0
1600449472.2213368416, 0, 1600449472.240336895, 0, 1600449472.240336895, 0
1600449472.2523369789, 0, 1600449472.2713370323, 0, 1600449472.2713370323, 0
1600449472.2833368778, 0, 1600449472.3023369312, 0, 1600449472.3023369312, 0
1600449472.3143370152, 0, 1600449472.3333368301, 0, 1600449472.3333368301, 0
1600449472.3453369141, 0, 1600449472.3643369675, 0, 1600449472.3643369675, 0
1600449472.3763370514, 0, 1600449472.3953368664, 0, 1600449472.3953368664, 0
1600449472.4073369503, 0, 1600449472.4263370037, 0, 1600449472.4263370037, 0
1600449472.4383368492, 0, 1600449472.4573369026, 0, 1600449472.4573369026, 0
1600449472.4693369865, 0, 1600449472.4883370399, 0, 1600449472.4883370399, 0
1600449472.5003368855, 0, 1600449472.5193369389, 0, 1600449472.5193369389, 0
1600449472.5313370228, 0, 1600449472.5503368378, 0, 1600449472.5503368378, 0
1600449472.5623369217, 0, 1600449472.5813369751, 0, 1600449472.5813369751, 0
1600449472.593337059, 0, 1600449472.612336874, 0, 1600449472.612336874, 0
1600449472.6243369579, 0, 1600449472.6433370113, 0, 1600449472.6433370113, 0
1600449472.6553368568, 0, 1600449472.6743369102, 0, 1600449472.6743369102, 0
1600449472.6863369942, 0, 1600449472.7053370476, 0, 1600449472.7053370476, 0
1600449472.7173368931, 0, 1600449472.737336874, 0, 1600449472.737336874, 0
1600449472.7483370304, 0, 1600449472.7683370113, 0, 1600449472.7683370113, 0
1600449472.7793369293, 0, 1600449472.7993369102, 0, 1600449472.7993369102, 0
1600449472.8103370667, 0, 1600449472.8303370476, 0, 1600449472.8303370476, 0
1600449472.8413369656, 0, 1600449472.8613369465, 0, 1600449472.8613369465, 0
1600449472.8723368645, 0, 1600449472.8923368454, 0, 1600449472.8923368454, 0
1600449472.9033370018, 0, 1600449472.9233369827, 0, 1600449472.9233369827, 0
1600449472.9343369007, 0, 1600449472.9543368816, 0, 1600449472.9543368816, 0
1600449472.9663369656, 0, 1600449472.985337019, 0, 1600449472.985337019, 0
1600449472.9973368645, 0, 1600449473.0163369179, 0, 1600449473.0163369179, 0
1600449473.0293369293, 0, 1600449473.0483369827, 0, 1600449473.0483369827, 0
1600449473.0603370667, 0, 1600449473.0793368816, 0, 1600449473.0793368816, 0
1600449473.0913369656, 0, 1600449473.110337019, 0, 1600449473.110337019, 0
1600449473.1223368645, 0, 1600449473.1413369179, 0, 1600449473.1413369179, 0
1600449473.1533370018, 0, 1600449473.1723370552, 0, 1600449473.1723370552, 0
1600449473.1843369007, 0, 1600449473.2033369541, 0, 1600449473.2033369541, 0
1600449473.215337038, 0, 1600449473.234336853, 0, 1600449473.234336853, 0
1600449473.2793369293, 0, 1600449473.2993369102, 0, 1600449473.2993369102, 0
1600449473.3103370667, 0, 1600449473.3303370476, 0, 1600449473.3303370476, 0
1600449473.3413369656, 0, 1600449473.3613369465, 0, 1600449473.3613369465, 0
1600449473.3733370304, 0, 1600449473.3923368454, 0, 1600449473.3923368454, 0
1600449473.4043369293, 0, 1600449473.4233369827, 0, 1600449473.4233369827, 0
1600449473.4353370667, 0, 1600449473.4543368816, 0, 1600449473.4543368816, 0
1600449473.4663369656, 0, 1600449473.485337019, 0, 1600449473.485337019, 0
1600449473.4973368645, 0, 1600449473.5163369179, 0, 1600449473.5163369179, 0
1600449473.5283370018, 0, 1600449473.5473370552, 0, 1600449473.5473370552, 0
1600449473.5593369007, 0, 1600449473.5783369541, 0, 1600449473.5783369541, 0
1600449473.590337038, 0, 1600449473.609336853, 0, 1600449473.609336853, 0
1600449473.621336937, 0, 1600449473.6403369904, 0, 1600449473.6403369904, 0
1600449473.6523368359, 0, 1600449473.6713368893, 0, 1600449473.6713368893, 0
1600449473.6833369732, 0, 1600449473.7023370266, 0, 1600449473.7023370266, 0
1600449473.7143368721, 0, 1600449473.7333369255, 0, 1600449473.7333369255, 0
1600449473.7453370094, 0, 1600449473.7643370628, 0, 1600449473.7643370628, 0
1600449473.7763369083, 0, 1600449473.7953369617, 0, 1600449473.7953369617, 0
1600449473.8073370457, 0, 1600449473.8263368607, 0, 1600449473.8263368607, 0
1600449473.8383369446, 0, 1600449473.857336998, 0, 1600449473.857336998, 0
1600449473.8693368435, 0, 1600449473.8883368969, 0, 1600449473.8883368969, 0
1600449473.9003369808, 0, 1600449473.9193370342, 0, 1600449473.9193370342, 0
1600449473.9313368797, 0, 1600449473.9503369331, 0, 1600449473.9503369331, 0
1600449473.9623370171, 0, 1600449473.981336832, 0, 1600449473.981336832, 0
1600449473.993336916, 0, 1600449474.0123369694, 0, 1600449474.0123369694, 0
1600449474.0243370533, 0, 1600449474.0433368683, 0, 1600449474.0433368683, 0
1600449474.0553369522, 0, 1600449474.0743370056, 0, 1600449474.0743370056, 0
1600449474.0863368511, 0, 1600449474.1053369045, 0, 1600449474.1053369045, 0
1600449474.1173369884, 0, 1600449474.1363370419, 0, 1600449474.1363370419, 0
1600449474.1483368874, 0, 1600449474.1673369408, 0, 1600449474.1673369408, 0
1600449474.1793370247, 0, 1600449474.1983368397, 0, 1600449474.1983368397, 0
1600449474.2103369236, 0, 1600449474.229336977, 0, 1600449474.229336977, 0
1600449474.2413370609, 0, 1600449474.2603368759, 0, 1600449474.2603368759, 0
1600449474.2723369598, 0, 1600449474.2913370132, 0, 1600449474.2913370132, 0
1600449474.3033368587, 0, 1600449474.3233368397, 0, 1600449474.3233368397, 0
1600449474.3343369961, 0, 1600449474.354336977, 0, 1600449474.354336977, 0
1600449474.365336895, 0, 1600449474.3853368759, 0, 1600449474.3853368759, 0
1600449474.3963370323, 0, 1600449474.4163370132, 0, 1600449474.4163370132, 0
1600449474.4273369312, 0, 1600449474.4473369122, 0, 1600449474.4473369122, 0
1600449474.4583368301, 0, 1600449474.4783370495, 0, 1600449474.4783370495, 0
1600449474.4893369675, 0, 1600449474.5093369484, 0, 1600449474.5093369484, 0
1600449474.5203368664, 0, 1600449474.5403368473, 0, 1600449474.5403368473, 0
1600449474.5523369312, 0, 1600449474.5713369846, 0, 1600449474.5713369846, 0
1600449474.5833368301, 0, 1600449474.6023368835, 0, 1600449474.6023368835, 0
1600449474.6143369675, 0, 1600449474.6333370209, 0, 1600449474.6333370209, 0
1600449474.6453368664, 0, 1600449474.6643369198, 0, 1600449474.6643369198, 0
1600449474.6763370037, 0, 1600449474.6953370571, 0, 1600449474.6953370571, 0
1600449474.7073369026, 0, 1600449474.726336956, 0, 1600449474.726336956, 0
1600449474.7383370399, 0, 1600449474.7573368549, 0, 1600449474.7573368549, 0
1600449474.7693369389, 0, 1600449474.7883369923, 0, 1600449474.7883369923, 0
1600449474.8003368378, 0, 1600449474.8193368912, 0, 1600449474.8193368912, 0
1600449474.8313369751, 0, 1600449474.8503370285, 0, 1600449474.8503370285, 0
1600449474.862336874, 0, 1600449474.8813369274, 0, 1600449474.8813369274, 0
1600449474.8933370113, 0, 1600449474.9123370647, 0, 1600449474.9123370647, 0
1600449474.9243369102, 0, 1600449474.9433369637, 0, 1600449474.9433369637, 0
1600449474.9553370476, 0, 1600449474.9743368626, 0, 1600449474.9743368626, 0
1600449474.9863369465, 0, 1600449475.0053369999, 0, 1600449475.0053369999, 0
1600449475.0173368454, 0, 1600449475.0363368988, 0, 1600449475.0363368988, 0
1600449475.0483369827, 0, 1600449475.0673370361, 0, 1600449475.0673370361, 0
1600449475.0793368816, 0, 1600449475.098336935, 0, 1600449475.098336935, 0
1600449475.110337019, 0, 1600449475.129336834, 0, 1600449475.129336834, 0
1600449475.1413369179, 0, 1600449475.1603369713, 0, 1600449475.1603369713, 0
1600449475.1723370552, 0, 1600449475.1913368702, 0, 1600449475.1913368702, 0
1600449475.2033369541, 0, 1600449475.2223370075, 0, 1600449475.2223370075, 0
1600449475.234336853, 0, 1600449475.2533369064, 0, 1600449475.2533369064, 0
1600449475.2653369904, 0, 1600449475.2843370438, 0, 1600449475.2843370438, 0
1600449475.3293368816, 0, 1600449475.3493368626, 0, 1600449475.3493368626, 0
1600449475.360337019, 0, 1600449475.3803369999, 0, 1600449475.3803369999, 0
1600449475.3913369179, 0, 1600449475.4113368988, 0, 1600449475.4113368988, 0
1600449475.4233369827, 0, 1600449475.4423370361, 0, 1600449475.4423370361, 0
1600449475.4543368816, 0, 1600449475.473336935, 0, 1600449475.473336935, 0
1600449475.485337019, 0, 1600449475.504336834, 0, 1600449475.504336834, 0
1600449475.5163369179, 0, 1600449475.5353369713, 0, 1600449475.5353369713, 0
1600449475.5483369827, 0, 1600449475.5673370361, 0, 1600449475.5673370361, 0
1600449475.5793368816, 0, 1600449475.598336935, 0, 1600449475.598336935, 0
1600449475.6100311279, 0, 1600449475.6290311813, 0, 1600449475.6290311813, 0
1600449475.6410310268, 0, 1600449475.6600310802, 0, 1600449475.6600310802, 0
1600449475.6720311642, 0, 1600449475.6910309792, 0, 1600449475.6910309792, 0
1600449475.7030310631, 0, 1600449475.7220311165, 0, 1600449475.7220311165, 0
1600449475.7340312004, 0, 1600449475.7530310154, 0, 1600449475.7530310154, 0
1600449475.7650310993, 0, 1600449475.7840311527, 0, 1600449475.7840311527, 0
1600449475.7960309982, 0, 1600449475.8150310516, 0, 1600449475.8150310516, 0
1600449475.8270311356, 0, 1600449475.846031189, 0, 1600449475.846031189, 0
1600449475.8580310345, 0, 1600449475.8770310879, 0, 1600449475.8770310879, 0
1600449475.8890311718, 0, 1600449475.9090311527, 0, 1600449475.9090311527, 0
1600449475.9200310707, 0, 1600449475.9400310516, 0, 1600449475.9400310516, 0
1600449475.951031208, 0, 1600449475.971031189, 0, 1600449475.971031189, 0
1600449475.9820311069, 0, 1600449476.0020310879, 0, 1600449476.0020310879, 0
1600449476.0130310059, 0, 1600449476.0330309868, 0, 1600449476.0330309868, 0
1600449476.0440311432, 0, 1600449476.0640311241, 0, 1600449476.0640311241, 0
1600449476.0750310421, 0, 1600449476.095031023, 0, 1600449476.095031023, 0
1600449476.1060311794, 0, 1600449476.1260311604, 0, 1600449476.1260311604, 0
1600449476.1380310059, 0, 1600449476.1570310593, 0, 1600449476.1570310593, 0
1600449476.1690311432, 0, 1600449476.1880311966, 0, 1600449476.1880311966, 0
1600449476.2000310421, 0, 1600449476.2190310955, 0, 1600449476.2190310955, 0
1600449476.2310311794, 0, 1600449476.2500309944, 0, 1600449476.2500309944, 0
1600449476.2620310783, 0, 1600449476.2810311317, 0, 1600449476.2810311317, 0
1600449476.2930309772, 0, 1600449476.3120310307, 0, 1600449476.3120310307, 0
1600449476.3240311146, 0, 1600449476.343031168, 0, 1600449476.343031168, 0
1600449476.3550310135, 0, 1600449476.3740310669, 0, 1600449476.3740310669, 0
1600449476.3860311508, 0, 1600449476.4050312042, 0, 1600449476.4050312042, 0
1600449476.4170310497, 0, 1600449476.4360311031, 0, 1600449476.4360311031, 0
1600449476.4480311871, 0, 1600449476.467031002, 0, 1600449476.467031002, 0
1600449476.479031086, 0, 1600449476.4980311394, 0, 1600449476.4980311394, 0
1600449476.5100309849, 0, 1600449476.5290310383, 0, 1600449476.5290310383, 150
1600449476.5410311222, 0.40536680817604064941, 1600449476.5600311756, -0.40536680817604064941, 1600449476.5600311756, 150
1600449476.5720310211, 1.2161003351211547852, 1600449476.5910310745, -1.2161003351211547852, 1600449476.5910310745, 150
1600449476.6030311584, 2.0943951606750488281, 1600449476.6220309734, -2.0943951606750488281, 1600449476.6220309734, 150
1600449476.6340310574, 3.0402510166168212891, 1600449476.6530311108, -3.0402510166168212891, 1600449476.6530311108, 150
1600449476.6680309772, 4.0258488655090332031, 1600449476.6880311966, -4.0258488655090332031, 1600449476.6880311966, 150
1600449476.7000310421, 5.0392656326293945313, 1600449476.7190310955, -5.0392656326293945313, 1600449476.7190310955, 150
1600449476.7310311794, 5.9851212501525878906, 1600449476.7500309944, -5.9851212501525878906, 1600449476.7500309944, 150
1600449476.7620310783, 6.9309773445129394531, 1600449476.7810311317, -6.9309773445129394531, 1600449476.7810311317, 150
1600449476.7930309772, 7.9443941116333007813, 1600449476.8120310307, -7.9443941116333007813, 1600449476.8120310307, 150
1600449476.8240311146, 8.8902502059936523438, 1600449476.843031168, -8.8902502059936523438, 1600449476.843031168, 150
1600449476.8550310135, 9.4983005523681640625, 1600449476.8740310669, -9.4983005523681640625, 1600449476.8740310669, 150
1600449476.8860311508, 9.6038646697998046875, 1600449476.9050312042, -9.6038646697998046875, 1600449476.9050312042, 150
1600449476.9170310497, 9.738986968994140625, 1600449476.9360311031, -9.738986968994140625, 1600449476.9360311031, 150
1600449476.9480311871, 9.738986968994140625, 1600449476.967031002, -9.738986968994140625, 1600449476.967031002, 150
1600449476.979031086, 9.7668066024780273438, 1600449476.9980311394, -9.7668066024780273438, 1600449476.9980311394, 150
1600449477.0100309849, 9.699245452880859375, 1600449477.0290310383, -9.699245452880859375, 1600449477.0290310383, 150
1600449477.0410311222, 9.7668066024780273438, 1600449477.0600311756, -9.7668066024780273438, 1600449477.0600311756, 150
1600449477.0720310211, 9.7668066024780273438, 1600449477.0910310745, -9.7668066024780273438, 1600449477.0910310745, 150
1600449477.1030311584, 9.7668066024780273438, 1600449477.1220309734, -9.7668066024780273438, 1600449477.1220309734, 150
1600449477.1340310574, 9.7668066024780273438, 1600449477.1530311108, -9.7668066024780273438, 1600449477.1530311108, 150
1600449477.1650311947, 9.699245452880859375, 1600449477.1840310097, -9.699245452880859375, 1600449477.1840310097, 150
1600449477.1960310936, 9.7288026809692382813, 1600449477.215031147, -9.7288026809692382813, 1600449477.215031147, 150
1600449477.2270309925, 9.6612415313720703125, 1600449477.2460310459, -9.6612415313720703125, 1600449477.2460310459, 150
1600449477.2580311298, 9.7288026809692382813, 1600449477.2770311832, -9.7288026809692382813, 1600449477.2770311832, 150
1600449477.2890310287, 9.6612415313720703125, 1600449477.3080310822, -9.6612415313720703125, 1600449477.3080310822, 150
1600449477.3200311661, 9.7288026809692382813, 1600449477.3390309811, -9.7288026809692382813, 1600449477.3390309811, 150
1600449477.3840310574, 9.6971340179443359375, 1600449477.4040310383, -9.6971340179443359375, 1600449477.4040310383, 150
1600449477.4150311947, 9.6971340179443359375, 1600449477.4350311756, -9.6971340179443359375, 1600449477.4350311756, 150
1600449477.4460310936, 9.6971340179443359375, 1600449477.4660310745, -9.6971340179443359375, 1600449477.4660310745, 150
1600449477.4770309925, 9.6971340179443359375, 1600449477.4970309734, -9.6971340179443359375, 1600449477.4970309734, 150
1600449477.5080311298, 9.7646951675415039063, 1600449477.5280311108, -9.7646951675415039063, 1600449477.5280311108, 150
1600449477.5400311947, 9.7646951675415039063, 1600449477.5590310097, -9.7646951675415039063, 1600449477.5590310097, 150
1600449477.5710310936, 9.832256317138671875, 1600449477.590031147, -9.832256317138671875, 1600449477.590031147, 150
1600449477.6020309925, 9.7646951675415039063, 1600449477.6210310459, -9.7646951675415039063, 1600449477.6210310459, 150
1600449477.6330311298, 9.832256317138671875, 1600449477.6520311832, -9.832256317138671875, 1600449477.6520311832, 150
1600449477.6640310287, 9.7646951675415039063, 1600449477.6830310822, -9.7646951675415039063, 1600449477.6830310822, 150
1600449477.6950311661, 9.79636383056640625, 1600449477.7140309811, -9.79636383056640625, 1600449477.7140309811, 150
1600449477.726031065, 9.79636383056640625, 1600449477.7450311184, -9.79636383056640625, 1600449477.7450311184, 150
1600449477.7570312023, 9.7646951675415039063, 1600449477.7760310173, -9.7646951675415039063, 1600449477.7760310173, 150
1600449477.7880311012, 9.7646951675415039063, 1600449477.8070311546, -9.7646951675415039063, 1600449477.8070311546, 150
1600449477.8190310001, 9.7646951675415039063, 1600449477.8380310535, -9.7646951675415039063, 1600449477.8380310535, 150
1600449477.8500311375, 9.7646951675415039063, 1600449477.8690311909, -9.7646951675415039063, 1600449477.8690311909, 150
1600449477.8810310364, 9.7646951675415039063, 1600449477.9000310898, -9.7646951675415039063, 1600449477.9000310898, 150
1600449477.9120311737, 9.7646951675415039063, 1600449477.9310309887, -9.7646951675415039063, 1600449477.9310309887, 150
1600449477.9430310726, 9.7646951675415039063, 1600449477.962031126, -9.7646951675415039063, 1600449477.962031126, 150
1600449477.9740312099, 9.7646951675415039063, 1600449477.9930310249, -9.7646951675415039063, 1600449477.9930310249, 150
1600449478.0050311089, 9.7646951675415039063, 1600449478.0240311623, -9.7646951675415039063, 1600449478.0240311623, 150
1600449478.0360310078, 9.7646951675415039063, 1600449478.0550310612, -9.7646951675415039063, 1600449478.0550310612, 150
1600449478.0680310726, 9.7646951675415039063, 1600449478.087031126, -9.7646951675415039063, 1600449478.087031126, 150
1600449478.0989239216, 9.832256317138671875, 1600449478.1189241409, -9.832256317138671875, 1600449478.1189241409, 150
1600449478.1299240589, 9.7646951675415039063, 1600449478.1499240398, -9.7646951675415039063, 1600449478.1499240398, 150
1600449478.1609239578, 9.832256317138671875, 1600449478.1809239388, -9.832256317138671875, 1600449478.1809239388, 150
1600449478.1919240952, 9.7646951675415039063, 1600449478.2119240761, -9.7646951675415039063, 1600449478.2119240761, 150
1600449478.2229239941, 9.832256317138671875, 1600449478.242923975, -9.832256317138671875, 1600449478.242923975, 150
1600449478.2549240589, 9.7646951675415039063, 1600449478.2739241123, -9.7646951675415039063, 1600449478.2739241123, 150
1600449478.2859239578, 9.7646951675415039063, 1600449478.3049240112, -9.7646951675415039063, 1600449478.3049240112, 150
1600449478.3169240952, 9.6971340179443359375, 1600449478.3359239101, -9.6971340179443359375, 1600449478.3359239101, 150
1600449478.3479239941, 9.6971340179443359375, 1600449478.3669240475, -9.6971340179443359375, 1600449478.3669240475, 150
1600449478.3789241314, 9.7288026809692382813, 1600449478.3979239464, -9.7288026809692382813, 1600449478.3979239464, 150
1600449478.4099240303, 9.6612415313720703125, 1600449478.4289240837, -9.6612415313720703125, 1600449478.4289240837, 150
1600449478.4409239292, 9.7288026809692382813, 1600449478.4599239826, -9.7288026809692382813, 1600449478.4599239826, 150
1600449478.4719240665, 9.6316843032836914063, 1600449478.4909241199, -9.6316843032836914063, 1600449478.4909241199, 150
1600449478.5029239655, 9.699245452880859375, 1600449478.5219240189, -9.699245452880859375, 1600449478.5219240189, 150
1600449478.5339241028, 9.6316843032836914063, 1600449478.5529239178, -9.6316843032836914063, 1600449478.5529239178, 150
1600449478.5649240017, 9.699245452880859375, 1600449478.5839240551, -9.699245452880859375, 1600449478.5839240551, 150
1600449478.595924139, 9.699245452880859375, 1600449478.614923954, -9.699245452880859375, 1600449478.614923954, 150
1600449478.6269240379, 9.7668066024780273438, 1600449478.6459240913, -9.7668066024780273438, 1600449478.6459240913, 150
1600449478.6579239368, 9.7668066024780273438, 1600449478.6769239902, -9.7668066024780273438, 1600449478.6769239902, 150
1600449478.6889240742, 9.7668066024780273438, 1600449478.7079241276, -9.7668066024780273438, 1600449478.7079241276, 150
1600449478.7199239731, 9.7668066024780273438, 1600449478.7389240265, -9.7668066024780273438, 1600449478.7389240265, 150
1600449478.7509241104, 9.7668066024780273438, 1600449478.7699239254, -9.7668066024780273438, 1600449478.7699239254, 150
1600449478.7819240093, 9.79636383056640625, 1600449478.8009240627, -9.79636383056640625, 1600449478.8009240627, 150
1600449478.8129239082, 9.79636383056640625, 1600449478.8319239616, -9.79636383056640625, 1600449478.8319239616, 150
1600449478.8439240456, 9.8639249801635742188, 1600449478.862924099, -9.8639249801635742188, 1600449478.862924099, 150
1600449478.8749239445, 9.79636383056640625, 1600449478.8939239979, -9.79636383056640625, 1600449478.8939239979, 150
1600449478.9059240818, 9.8639249801635742188, 1600449478.9249241352, -9.8639249801635742188, 1600449478.9249241352, 150
1600449478.9369239807, 9.79636383056640625, 1600449478.9559240341, -9.79636383056640625, 1600449478.9559240341, 150
1600449478.967924118, 9.8639249801635742188, 1600449478.986923933, -9.8639249801635742188, 1600449478.986923933, 150
1600449478.998924017, 9.79636383056640625, 1600449479.0179240704, -9.79636383056640625, 1600449479.0179240704, 150
1600449479.0299239159, 9.8639249801635742188, 1600449479.0489239693, -9.8639249801635742188, 1600449479.0489239693, 150
1600449479.0609240532, 9.79636383056640625, 1600449479.0799241066, -9.79636383056640625, 1600449479.0799241066, 150
1600449479.0919239521, 9.8639249801635742188, 1600449479.1109240055, -9.8639249801635742188, 1600449479.1109240055, 150
1600449479.1229240894, 9.79636383056640625, 1600449479.1419239044, -9.79636383056640625, 1600449479.1419239044, 150
1600449479.1539239883, 9.7288026809692382813, 1600449479.1729240417, -9.7288026809692382813, 1600449479.1729240417, 150
1600449479.1849241257, 9.79636383056640625, 1600449479.2039239407, -9.79636383056640625, 1600449479.2039239407, 150
1600449479.2159240246, 9.7288026809692382813, 1600449479.234924078, -9.7288026809692382813, 1600449479.234924078, 150
1600449479.2469239235, 9.79636383056640625, 1600449479.2669239044, -9.79636383056640625, 1600449479.2669239044, 150
1600449479.2779240608, 9.7288026809692382813, 1600449479.2979240417, -9.7288026809692382813, 1600449479.2979240417, 150
1600449479.3089239597, 9.79636383056640625, 1600449479.3289239407, -9.79636383056640625, 1600449479.3289239407, 150
1600449479.3399240971, 9.7288026809692382813, 1600449479.359924078, -9.7288026809692382813, 1600449479.359924078, 150
1600449479.370923996, 9.79636383056640625, 1600449479.3909239769, -9.79636383056640625, 1600449479.3909239769, 150
1600449479.4359240532, 9.7495908737182617188, 1600449479.4549241066, -9.7495908737182617188, 1600449479.4549241066, 150
1600449479.4669239521, 9.8171520233154296875, 1600449479.4859240055, -9.8171520233154296875, 1600449479.4859240055, 150
1600449479.4979240894, 9.8171520233154296875, 1600449479.5169239044, -9.8171520233154296875, 1600449479.5169239044, 150
1600449479.5289239883, 9.8171520233154296875, 1600449479.5479240417, -9.8171520233154296875, 1600449479.5479240417, 150
1600449479.5599241257, 9.8171520233154296875, 1600449479.5789239407, -9.8171520233154296875, 1600449479.5789239407, 150
1600449479.5909240246, 9.7495908737182617188, 1600449479.609924078, -9.7495908737182617188, 1600449479.609924078, 150
1600449479.6219239235, 9.8171520233154296875, 1600449479.6409239769, -9.8171520233154296875, 1600449479.6409239769, 150
1600449479.6529240608, 9.7495908737182617188, 1600449479.6719241142, -9.7495908737182617188, 1600449479.6719241142, 150
1600449479.6839239597, 9.8171520233154296875, 1600449479.7029240131, -9.8171520233154296875, 1600449479.7029240131, 150
1600449479.7149240971, 9.7495908737182617188, 1600449479.733923912, -9.7495908737182617188, 1600449479.733923912, 150
1600449479.745923996, 9.79636383056640625, 1600449479.7649240494, -9.79636383056640625, 1600449479.7649240494, 150
1600449479.7769241333, 9.7288026809692382813, 1600449479.7959239483, -9.7288026809692382813, 1600449479.7959239483, 150
1600449479.8079240322, 9.79636383056640625, 1600449479.8269240856, -9.79636383056640625, 1600449479.8269240856, 150
1600449479.8389239311, 9.7288026809692382813, 1600449479.8579239845, -9.7288026809692382813, 1600449479.8579239845, 150
1600449479.8699240685, 9.7288026809692382813, 1600449479.8889241219, -9.7288026809692382813, 1600449479.8889241219, 150
1600449479.9009239674, 9.79636383056640625, 1600449479.9199240208, -9.79636383056640625, 1600449479.9199240208, 150
1600449479.9319241047, 9.7288026809692382813, 1600449479.9509239197, -9.7288026809692382813, 1600449479.9509239197, 150
1600449479.9629240036, 9.79636383056640625, 1600449479.981924057, -9.79636383056640625, 1600449479.981924057, 150
1600449479.9939241409, 9.7288026809692382813, 1600449480.0129239559, -9.7288026809692382813, 1600449480.0129239559, 150
1600449480.0249240398, 9.79636383056640625, 1600449480.0439240932, -9.79636383056640625, 1600449480.0439240932, 150
1600449480.0559239388, 9.79636383056640625, 1600449480.0749239922, -9.79636383056640625, 1600449480.0749239922, 150
1600449480.0869240761, 9.79636383056640625, 1600449480.1059241295, -9.79636383056640625, 1600449480.1059241295, 150
1600449480.117923975, 9.79636383056640625, 1600449480.1379239559, -9.79636383056640625, 1600449480.1379239559, 150
1600449480.1489241123, 9.79636383056640625, 1600449480.1689240932, -9.79636383056640625, 1600449480.1689240932, 150
1600449480.1799240112, 9.8639249801635742188, 1600449480.1999239922, -9.8639249801635742188, 1600449480.1999239922, 150
1600449480.2109239101, 9.8639249801635742188, 1600449480.2309241295, -9.8639249801635742188, 1600449480.2309241295, 150
1600449480.2419240475, 9.8639249801635742188, 1600449480.2619240284, -9.8639249801635742188, 1600449480.2619240284, 150
1600449480.2729239464, 9.8639249801635742188, 1600449480.2929239273, -9.8639249801635742188, 1600449480.2929239273, 150
1600449480.3049240112, 9.8639249801635742188, 1600449480.3239240646, -9.8639249801635742188, 1600449480.3239240646, 150
1600449480.3359239101, 9.8639249801635742188, 1600449480.3549239635, -9.8639249801635742188, 1600449480.3549239635, 150
1600449480.3669240475, 9.79636383056640625, 1600449480.3859241009, -9.79636383056640625, 1600449480.3859241009, 150
1600449480.3979239464, 9.8639249801635742188, 1600449480.4169239998, -9.8639249801635742188, 1600449480.4169239998, 150
1600449480.4289240837, 9.8639249801635742188, 1600449480.4479241371, -9.8639249801635742188, 1600449480.4479241371, 150
1600449480.4599239826, 9.8639249801635742188, 1600449480.478924036, -9.8639249801635742188, 1600449480.478924036, 150
1600449480.4909241199, 9.8639249801635742188, 1600449480.5099239349, -9.8639249801635742188, 1600449480.5099239349, 150
1600449480.5219240189, 9.7668066024780273438, 1600449480.5409240723, -9.7668066024780273438, 1600449480.5409240723, 150
1600449480.5529239178, 9.8343677520751953125, 1600449480.5719239712, -9.8343677520751953125, 1600449480.5719239712, 150
1600449480.5849239826, 9.8026981353759765625, 1600449480.603924036, -9.8026981353759765625, 1600449480.603924036, 150
1600449480.6159241199, 9.8702592849731445313, 1600449480.6349239349, -9.8702592849731445313, 1600449480.6349239349, 150
1600449480.6469240189, 9.8026981353759765625, 1600449480.6659240723, -9.8026981353759765625, 1600449480.6659240723, 150
1600449480.6779239178, 9.8702592849731445313, 1600449480.6969239712, -9.8702592849731445313, 1600449480.6969239712, 150
1600449480.7089240551, 9.8026981353759765625, 1600449480.7279241085, -9.8026981353759765625, 1600449480.7279241085, 150
1600449480.739923954, 9.7351369857788085938, 1600449480.7589240074, -9.7351369857788085938, 1600449480.7589240074, 150
1600449480.7709240913, 9.8026981353759765625, 1600449480.7899239063, -9.8026981353759765625, 1600449480.7899239063, 150
1600449480.8019239902, 9.7351369857788085938, 1600449480.8209240437, -9.7351369857788085938, 1600449480.8209240437, 150
1600449480.8329241276, 9.832256317138671875, 1600449480.8529241085, -9.832256317138671875, 1600449480.8529241085, 150
1600449480.8639240265, 9.832256317138671875, 1600449480.8839240074, -9.832256317138671875, 1600449480.8839240074, 150
1600449480.8949239254, 9.79636383056640625, 1600449480.9149239063, -9.79636383056640625, 1600449480.9149239063, 150
1600449480.9259240627, 9.79636383056640625, 1600449480.9459240437, -9.79636383056640625, 1600449480.9459240437, 150
1600449480.9569239616, 9.79636383056640625, 1600449480.9769239426, -9.79636383056640625, 1600449480.9769239426, 150
1600449480.987924099, 9.79636383056640625, 1600449481.0079240799, -9.79636383056640625, 1600449481.0079240799, 150
1600449481.0199239254, 9.79636383056640625, 1600449481.0389239788, -9.79636383056640625, 1600449481.0389239788, 150
1600449481.0509240627, 9.8639249801635742188, 1600449481.0699241161, -9.8639249801635742188, 1600449481.0699241161, 150
1600449481.0819239616, 9.8639249801635742188, 1600449481.100924015, -9.8639249801635742188, 1600449481.100924015, 150
1600449481.112924099, 9.8639249801635742188, 1600449481.131923914, -9.8639249801635742188, 1600449481.131923914, 150
1600449481.1439239979, 9.8639249801635742188, 1600449481.1629240513, -9.8639249801635742188, 1600449481.1629240513, 150
1600449481.1749241352, 9.79636383056640625, 1600449481.1939239502, -9.79636383056640625, 1600449481.1939239502, 150
1600449481.2059240341, 9.8639249801635742188, 1600449481.2249240875, -9.8639249801635742188, 1600449481.2249240875, 150
1600449481.236923933, 9.7668066024780273438, 1600449481.2559239864, -9.7668066024780273438, 1600449481.2559239864, 150
1600449481.2679240704, 9.8343677520751953125, 1600449481.2869241238, -9.8343677520751953125, 1600449481.2869241238, 150
1600449481.2989239693, 9.8343677520751953125, 1600449481.3179240227, -9.8343677520751953125, 1600449481.3179240227, 150
1600449481.3299241066, 9.8343677520751953125, 1600449481.3489239216, -9.8343677520751953125, 1600449481.3489239216, 150
1600449481.3609240055, 9.8343677520751953125, 1600449481.3799240589, -9.8343677520751953125, 1600449481.3799240589, 150
1600449481.3919239044, 9.8343677520751953125, 1600449481.4109239578, -9.8343677520751953125, 1600449481.4109239578, 150
1600449481.4229240417, 9.8343677520751953125, 1600449481.4419240952, -9.8343677520751953125, 1600449481.4419240952, 150
1600449481.486923933, 9.8026981353759765625, 1600449481.5059239864, -9.8026981353759765625, 1600449481.5059239864, 150
1600449481.5179240704, 9.8702592849731445313, 1600449481.5369241238, -9.8702592849731445313, 1600449481.5369241238, 150
1600449481.5489239693, 9.8026981353759765625, 1600449481.5679240227, -9.8026981353759765625, 1600449481.5679240227, 150
1600449481.5799241066, 9.832256317138671875, 1600449481.5989239216, -9.832256317138671875, 1600449481.5989239216, 150
1600449481.6109240055, 9.832256317138671875, 1600449481.6299240589, -9.832256317138671875, 1600449481.6299240589, 150
1600449481.6419239044, 9.7646951675415039063, 1600449481.6609239578, -9.7646951675415039063, 1600449481.6609239578, 150
1600449481.6769239902, 9.7762765884399414063, 1600449481.6959240437, -9.7762765884399414063, 1600449481.6959240437, 150
1600449481.7079241276, 9.7762765884399414063, 1600449481.7269239426, -9.7762765884399414063, 1600449481.7269239426, 150
1600449481.7389240265, 9.7762765884399414063, 1600449481.7579240799, -9.7762765884399414063, 1600449481.7579240799, 150
1600449481.7699239254, 9.7762765884399414063, 1600449481.7889239788, -9.7762765884399414063, 1600449481.7889239788, 150
1600449481.8009240627, 9.8079462051391601563, 1600449481.8199241161, -9.8079462051391601563, 1600449481.8199241161, 150
1600449481.8319239616, 9.7403850555419921875, 1600449481.850924015, -9.7403850555419921875, 1600449481.850924015, 150
1600449481.862924099, 9.8079462051391601563, 1600449481.881923914, -9.8079462051391601563, 1600449481.881923914, 150
1600449481.8939239979, 9.875507354736328125, 1600449481.9129240513, -9.875507354736328125, 1600449481.9129240513, 150
1600449481.9249241352, 9.8079462051391601563, 1600449481.9439239502, -9.8079462051391601563, 1600449481.9439239502, 150
1600449481.9559240341, 9.875507354736328125, 1600449481.9749240875, -9.875507354736328125, 1600449481.9749240875, 150
1600449481.986923933, 9.9314861297607421875, 1600449482.0059239864, -9.9314861297607421875, 1600449482.0059239864, 150
1600449482.0179240704, 9.8639249801635742188, 1600449482.0369241238, -9.8639249801635742188, 1600449482.0369241238, 150
1600449482.0489239693, 9.8639249801635742188, 1600449482.0679240227, -9.8639249801635742188, 1600449482.0679240227, 150
1600449482.0799241066, 9.8639249801635742188, 1600449482.0989239216, -9.8639249801635742188, 1600449482.0989239216, 150
1600449482.1109240055, 9.8639249801635742188, 1600449482.1299240589, -9.8639249801635742188, 1600449482.1299240589, 150
1600449482.1419239044, 9.8639249801635742188, 1600449482.1609239578, -9.8639249801635742188, 1600449482.1609239578, 150
1600449482.1729240417, 9.79636383056640625, 1600449482.1919240952, -9.79636383056640625, 1600449482.1919240952, 150
1600449482.2039239407, 9.79636383056640625, 1600449482.2229239941, -9.79636383056640625, 1600449482.2229239941, 150
1600449482.234924078, 9.79636383056640625, 1600449482.2539241314, -9.79636383056640625, 1600449482.2539241314, 150
1600449482.2659239769, 9.79636383056640625, 1600449482.2849240303, -9.79636383056640625, 1600449482.2849240303, 150
1600449482.2969241142, 9.79636383056640625, 1600449482.3159239292, -9.79636383056640625, 1600449482.3159239292, 150
1600449482.3279240131, 9.79636383056640625, 1600449482.3479239941, -9.79636383056640625, 1600449482.3479239941, 150
1600449482.358923912, 9.79636383056640625, 1600449482.3789241314, -9.79636383056640625, 1600449482.3789241314, 150
1600449482.3899240494, 9.79636383056640625, 1600449482.4099240303, -9.79636383056640625, 1600449482.4099240303, 150
1600449482.4209239483, 9.79636383056640625, 1600449482.4409239292, -9.79636383056640625, 1600449482.4409239292, 150
1600449482.4519240856, 9.79636383056640625, 1600449482.4719240665, -9.79636383056640625, 1600449482.4719240665, 150
1600449482.4829239845, 9.79636383056640625, 1600449482.5029239655, -9.79636383056640625, 1600449482.5029239655, 150
1600449482.5149240494, 9.79636383056640625, 1600449482.5339241028, -9.79636383056640625, 1600449482.5339241028, 150
1600449482.5459239483, 9.79636383056640625, 1600449482.5649240017, -9.79636383056640625, 1600449482.5649240017, 150
1600449482.5769240856, 9.79636383056640625, 1600449482.595924139, -9.79636383056640625, 1600449482.595924139, 150
1600449482.6079239845, 9.79636383056640625, 1600449482.6269240379, -9.79636383056640625, 1600449482.6269240379, 150
1600449482.6389241219, 9.79636383056640625, 1600449482.6579239368, -9.79636383056640625, 1600449482.6579239368, 150
1600449482.6699240208, 9.79636383056640625, 1600449482.6889240742, -9.79636383056640625, 1600449482.6889240742, 150
1600449482.7009239197, 9.8639249801635742188, 1600449482.7199239731, -9.8639249801635742188, 1600449482.7199239731, 150
1600449482.731924057, 9.7668066024780273438, 1600449482.7509241104, -9.7668066024780273438, 1600449482.7509241104, 150
1600449482.7629239559, 9.8343677520751953125, 1600449482.7819240093, -9.8343677520751953125, 1600449482.7819240093, 150
1600449482.7939240932, 9.8343677520751953125, 1600449482.8129239082, -9.8343677520751953125, 1600449482.8129239082, 150
1600449482.8249239922, 9.8343677520751953125, 1600449482.8439240456, -9.8343677520751953125, 1600449482.8439240456, 150
1600449482.8559241295, 9.9019289016723632813, 1600449482.8749239445, -9.9019289016723632813, 1600449482.8749239445, 150
1600449482.8869240284, 9.8343677520751953125, 1600449482.9059240818, -9.8343677520751953125, 1600449482.9059240818, 150
1600449482.9179239273, 9.8343677520751953125, 1600449482.9369239807, -9.8343677520751953125, 1600449482.9369239807, 150
1600449482.9489240646, 9.8343677520751953125, 1600449482.967924118, -9.8343677520751953125, 1600449482.967924118, 150
1600449482.9799239635, 9.8343677520751953125, 1600449482.998924017, -9.8343677520751953125, 1600449482.998924017, 150
1600449483.0109241009, 9.8343677520751953125, 1600449483.0299239159, -9.8343677520751953125, 1600449483.0299239159, 150
1600449483.0419239998, 9.8639249801635742188, 1600449483.0609240532, -9.8639249801635742188, 1600449483.0609240532, 150
1600449483.0729241371, 9.8639249801635742188, 1600449483.0919239521, -9.8639249801635742188, 1600449483.0919239521, 150
1600449483.1049239635, 9.8998174667358398438, 1600449483.1249239445, -9.8998174667358398438, 1600449483.1249239445, 150
1600449483.1359241009, 9.8998174667358398438, 1600449483.1559240818, -9.8998174667358398438, 1600449483.1559240818, 150
1600449483.1674499512, 9.832256317138671875, 1600449483.1864500046, -9.832256317138671875, 1600449483.1864500046, 150
1600449483.1974499226, 9.8998174667358398438, 1600449483.2174499035, -9.8998174667358398438, 1600449483.2174499035, 150
1600449483.2294499874, 9.8998174667358398438, 1600449483.2484500408, -9.8998174667358398438, 1600449483.2484500408, 150
1600449483.2604498863, 9.8998174667358398438, 1600449483.2794499397, -9.8998174667358398438, 1600449483.2794499397, 150
1600449483.2914500237, 9.8998174667358398438, 1600449483.3104500771, -9.8998174667358398438, 1600449483.3104500771, 150
1600449483.3224499226, 9.832256317138671875, 1600449483.341449976, -9.832256317138671875, 1600449483.341449976, 150
1600449483.3534500599, 9.832256317138671875, 1600449483.3724498749, -9.832256317138671875, 1600449483.3724498749, 150
1600449483.3844499588, 9.832256317138671875, 1600449483.4034500122, -9.832256317138671875, 1600449483.4034500122, 150
1600449483.4154500961, 9.79636383056640625, 1600449483.4344499111, -9.79636383056640625, 1600449483.4344499111, 150
1600449483.446449995, 9.7646951675415039063, 1600449483.4654500484, -9.7646951675415039063, 1600449483.4654500484, 150
1600449483.477449894, 9.7646951675415039063, 1600449483.4964499474, -9.7646951675415039063, 1600449483.4964499474, 150
1600449483.5414500237, 9.765750885009765625, 1600449483.5604500771, -9.765750885009765625, 1600449483.5604500771, 150
1600449483.5724499226, 9.6981897354125976563, 1600449483.591449976, -9.6981897354125976563, 1600449483.591449976, 150
1600449483.6034500599, 9.765750885009765625, 1600449483.6224498749, -9.765750885009765625, 1600449483.6224498749, 150
1600449483.6344499588, 9.765750885009765625, 1600449483.6534500122, -9.765750885009765625, 1600449483.6534500122, 150
1600449483.6654500961, 9.765750885009765625, 1600449483.6844499111, -9.765750885009765625, 1600449483.6844499111, 150
1600449483.696449995, 9.8333120346069335938, 1600449483.7154500484, -9.8333120346069335938, 1600449483.7154500484, 150
1600449483.727449894, 9.765750885009765625, 1600449483.7464499474, -9.765750885009765625, 1600449483.7464499474, 150
1600449483.7584500313, 9.8333120346069335938, 1600449483.7774500847, -9.8333120346069335938, 1600449483.7774500847, 150
1600449483.7894499302, 9.8649806976318359375, 1600449483.8084499836, -9.8649806976318359375, 1600449483.8084499836, 150
1600449483.8204500675, 9.8649806976318359375, 1600449483.8394498825, -9.8649806976318359375, 1600449483.8394498825, 150
1600449483.8514499664, 9.8639249801635742188, 1600449483.8704500198, -9.8639249801635742188, 1600449483.8704500198, 150
1600449483.8824501038, 9.9314861297607421875, 1600449483.9014499187, -9.9314861297607421875, 1600449483.9014499187, 150
1600449483.9134500027, 9.8639249801635742188, 1600449483.9334499836, -9.8639249801635742188, 1600449483.9334499836, 150
1600449483.9444499016, 9.8639249801635742188, 1600449483.9644498825, -9.8639249801635742188, 1600449483.9644498825, 150
1600449483.9754500389, 9.9314861297607421875, 1600449483.9954500198, -9.9314861297607421875, 1600449483.9954500198, 150
1600449484.0064499378, 9.8639249801635742188, 1600449484.0264499187, -9.8639249801635742188, 1600449484.0264499187, 150
1600449484.0374500751, 9.9314861297607421875, 1600449484.0574500561, -9.9314861297607421875, 1600449484.0574500561, 150
1600449484.0684499741, 9.8639249801635742188, 1600449484.088449955, -9.8639249801635742188, 1600449484.088449955, 150
1600449484.1004500389, 9.8639249801635742188, 1600449484.1194500923, -9.8639249801635742188, 1600449484.1194500923, 150
1600449484.1314499378, 9.9314861297607421875, 1600449484.1504499912, -9.9314861297607421875, 1600449484.1504499912, 150
1600449484.1624500751, 9.8639249801635742188, 1600449484.1814498901, -9.8639249801635742188, 1600449484.1814498901, 150
1600449484.1934499741, 9.8639249801635742188, 1600449484.2124500275, -9.8639249801635742188, 1600449484.2124500275, 150
1600449484.224449873, 9.8639249801635742188, 1600449484.2434499264, -9.8639249801635742188, 1600449484.2434499264, 150
1600449484.2554500103, 9.8639249801635742188, 1600449484.2744500637, -9.8639249801635742188, 1600449484.2744500637, 150
1600449484.2864499092, 9.8639249801635742188, 1600449484.3054499626, -9.8639249801635742188, 1600449484.3054499626, 150
1600449484.3174500465, 9.8343677520751953125, 1600449484.3364500999, -9.8343677520751953125, 1600449484.3364500999, 150
1600449484.3484499454, 9.8343677520751953125, 1600449484.3674499989, -9.8343677520751953125, 1600449484.3674499989, 150
1600449484.3794500828, 9.8343677520751953125, 1600449484.3984498978, -9.8343677520751953125, 1600449484.3984498978, 150
1600449484.4104499817, 9.8343677520751953125, 1600449484.4294500351, -9.8343677520751953125, 1600449484.4294500351, 150
1600449484.4414498806, 9.8343677520751953125, 1600449484.460449934, -9.8343677520751953125, 1600449484.460449934, 150
1600449484.4724500179, 9.8343677520751953125, 1600449484.4914500713, -9.8343677520751953125, 1600449484.4914500713, 150
1600449484.5034499168, 9.8343677520751953125, 1600449484.5224499702, -9.8343677520751953125, 1600449484.5224499702, 150
1600449484.5344500542, 9.9019289016723632813, 1600449484.5534498692, -9.9019289016723632813, 1600449484.5534498692, 150
1600449484.5654499531, 9.8343677520751953125, 1600449484.5844500065, -9.8343677520751953125, 1600449484.5844500065, 150
1600449484.5964500904, 9.8343677520751953125, 1600449484.6154499054, -9.8343677520751953125, 1600449484.6154499054, 150
1600449484.6274499893, 9.9314861297607421875, 1600449484.6464500427, -9.9314861297607421875, 1600449484.6464500427, 150
1600449484.6584498882, 9.8639249801635742188, 1600449484.6774499416, -9.8639249801635742188, 1600449484.6774499416, 150
1600449484.6894500256, 9.9314861297607421875, 1600449484.708450079, -9.9314861297607421875, 1600449484.708450079, 150
1600449484.7204499245, 9.8639249801635742188, 1600449484.7394499779, -9.8639249801635742188, 1600449484.7394499779, 150
1600449484.7514500618, 9.8639249801635742188, 1600449484.7704498768, -9.8639249801635742188, 1600449484.7704498768, 150
1600449484.7824499607, 9.9314861297607421875, 1600449484.8014500141, -9.9314861297607421875, 1600449484.8014500141, 150
1600449484.813450098, 9.8639249801635742188, 1600449484.832449913, -9.8639249801635742188, 1600449484.832449913, 150
1600449484.8444499969, 9.8639249801635742188, 1600449484.8634500504, -9.8639249801635742188, 1600449484.8634500504, 150
1600449484.8754498959, 9.8639249801635742188, 1600449484.8944499493, -9.8639249801635742188, 1600449484.8944499493, 150
1600449484.9064500332, 9.8639249801635742188, 1600449484.9254500866, -9.8639249801635742188, 1600449484.9254500866, 0
1600449484.9374499321, 9.3909969329833984375, 1600449484.9564499855, -9.3909969329833984375, 1600449484.9564499855, 0
1600449484.9684500694, 8.5802640914916992188, 1600449484.9874498844, -8.5802640914916992188, 1600449484.9874498844, 0
1600449484.9994499683, 7.6344079971313476563, 1600449485.0184500217, -7.6344079971313476563, 1600449485.0184500217, 0
1600449485.0304501057, 6.6885519027709960938, 1600449485.0494499207, -6.6885519027709960938, 1600449485.0494499207, 0
1600449485.0614500046, 5.6751351356506347656, 1600449485.080450058, -5.6751351356506347656, 1600449485.080450058, 0
1600449485.0924499035, 4.6617183685302734375, 1600449485.1124498844, -4.6617183685302734375, 1600449485.1124498844, 0
1600449485.1234500408, 3.715862274169921875, 1600449485.1434500217, -3.715862274169921875, 1600449485.1434500217, 0
1600449485.1544499397, 2.7024452686309814453, 1600449485.1744499207, -2.7024452686309814453, 1600449485.1744499207, 0
1600449485.1854500771, 1.7565894126892089844, 1600449485.205450058, -1.7565894126892089844, 1600449485.205450058, 0
1600449485.216449976, 0.74317246675491333008, 1600449485.2364499569, -0.74317246675491333008, 1600449485.2364499569, 0
1600449485.2474498749, 0.20268340408802032471, 1600449485.2674500942, -0.20268340408802032471, 1600449485.2674500942, 0
1600449485.2784500122, 0.067561134696006774902, 1600449485.2984499931, -0.067561134696006774902, 1600449485.2984499931, 0
1600449485.3104500771, -1.2878587509168289496e-15, 1600449485.329449892, 1.2878587509168289496e-15, 1600449485.329449892, 0
1600449485.341449976, -1.2878587509168289496e-15, 1600449485.3604500294, 1.2878587509168289496e-15, 1600449485.3604500294, 0
1600449485.3724498749, -1.2878587509168289496e-15, 1600449485.3914499283, 1.2878587509168289496e-15, 1600449485.3914499283, 0
1600449485.4034500122, -1.2878587509168289496e-15, 1600449485.4224500656, 1.2878587509168289496e-15, 1600449485.4224500656, 0
1600449485.4344499111, -1.2878587509168289496e-15, 1600449485.4534499645, 1.2878587509168289496e-15, 1600449485.4534499645, 0
1600449485.4654500484, -1.2878587509168289496e-15, 1600449485.4844501019, 1.2878587509168289496e-15, 1600449485.4844501019, 0
1600449485.4964499474, -1.2878587509168289496e-15, 1600449485.5154500008, 1.2878587509168289496e-15, 1600449485.5154500008, 0
1600449485.5274500847, -1.2878587509168289496e-15, 1600449485.5464498997, 1.2878587509168289496e-15, 1600449485.5464498997, 0
1600449485.591449976, -1.2878587509168289496e-15, 1600449485.6104500294, 1.2878587509168289496e-15, 1600449485.6104500294, 0
1600449485.6234500408, -1.2878587509168289496e-15, 1600449485.6434500217, 1.2878587509168289496e-15, 1600449485.6434500217, 0
1600449485.654255867, -1.2878587509168289496e-15, 1600449485.6742560863, 1.2878587509168289496e-15, 1600449485.6742560863, 0
1600449485.6852560043, -1.2878587509168289496e-15, 1600449485.7052559853, 1.2878587509168289496e-15, 1600449485.7052559853, 0
1600449485.7162559032, -1.2878587509168289496e-15, 1600449485.7362558842, 1.2878587509168289496e-15, 1600449485.7362558842, 0
1600449485.7482559681, -1.2878587509168289496e-15, 1600449485.7672560215, 1.2878587509168289496e-15, 1600449485.7672560215, 0
1600449485.779255867, -1.2878587509168289496e-15, 1600449485.7982559204, 1.2878587509168289496e-15, 1600449485.7982559204, 0
1600449485.8102560043, -1.2878587509168289496e-15, 1600449485.8292560577, 1.2878587509168289496e-15, 1600449485.8292560577, 0
1600449485.8412559032, -1.2878587509168289496e-15, 1600449485.8602559566, 1.2878587509168289496e-15, 1600449485.8602559566, 0
1600449485.8722560406, -1.2878587509168289496e-15, 1600449485.8912558556, 1.2878587509168289496e-15, 1600449485.8912558556, 0
1600449485.9032559395, -1.2878587509168289496e-15, 1600449485.9222559929, 1.2878587509168289496e-15, 1600449485.9222559929, 0
1600449485.9342560768, -1.2878587509168289496e-15, 1600449485.9532558918, 1.2878587509168289496e-15, 1600449485.9532558918, 0
1600449485.9652559757, -1.2878587509168289496e-15, 1600449485.9842560291, 1.2878587509168289496e-15, 1600449485.9842560291, 0
1600449485.9962558746, -1.2878587509168289496e-15, 1600449486.015255928, 1.2878587509168289496e-15, 1600449486.015255928, 0
1600449486.027256012, -1.2878587509168289496e-15, 1600449486.0462560654, 1.2878587509168289496e-15, 1600449486.0462560654, 0
1600449486.0582559109, -1.2878587509168289496e-15, 1600449486.0772559643, 1.2878587509168289496e-15, 1600449486.0772559643, 0
1600449486.0892560482, -1.2878587509168289496e-15, 1600449486.1082558632, 1.2878587509168289496e-15, 1600449486.1082558632, 0
1600449486.1202559471, -1.2878587509168289496e-15, 1600449486.1392560005, 1.2878587509168289496e-15, 1600449486.1392560005, 0
1600449486.1512560844, -1.2878587509168289496e-15, 1600449486.1702558994, 1.2878587509168289496e-15, 1600449486.1702558994, 0
1600449486.1822559834, -1.2878587509168289496e-15, 1600449486.2012560368, 1.2878587509168289496e-15, 1600449486.2012560368, 0
1600449486.2132558823, -1.2878587509168289496e-15, 1600449486.2322559357, 1.2878587509168289496e-15, 1600449486.2322559357, 0
1600449486.2442560196, -1.2878587509168289496e-15, 1600449486.263256073, 1.2878587509168289496e-15, 1600449486.263256073, 0
1600449486.2752559185, -1.2878587509168289496e-15, 1600449486.2942559719, 1.2878587509168289496e-15, 1600449486.2942559719, 0
1600449486.3062560558, -1.2878587509168289496e-15, 1600449486.3252558708, 1.2878587509168289496e-15, 1600449486.3252558708, 0
1600449486.3372559547, -1.2878587509168289496e-15, 1600449486.3562560081, 1.2878587509168289496e-15, 1600449486.3562560081, 0
1600449486.3682558537, -1.2878587509168289496e-15, 1600449486.3872559071, 1.2878587509168289496e-15, 1600449486.3872559071, 0
1600449486.399255991, -1.2878587509168289496e-15, 1600449486.4182560444, 1.2878587509168289496e-15, 1600449486.4182560444, 0
1600449486.4302558899, -1.2878587509168289496e-15, 1600449486.4492559433, 1.2878587509168289496e-15, 1600449486.4492559433, 0
1600449486.4612560272, -1.2878587509168289496e-15, 1600449486.4802560806, 1.2878587509168289496e-15, 1600449486.4802560806, 0
1600449486.4922559261, -1.2878587509168289496e-15, 1600449486.5112559795, 1.2878587509168289496e-15, 1600449486.5112559795, 0
1600449486.5232560635, -1.2878587509168289496e-15, 1600449486.5422558784, 1.2878587509168289496e-15, 1600449486.5422558784, 0
1600449486.5542559624, -1.2878587509168289496e-15, 1600449486.5732560158, 1.2878587509168289496e-15, 1600449486.5732560158, 0
1600449486.5852558613, -1.2878587509168289496e-15, 1600449486.6042559147, 1.2878587509168289496e-15, 1600449486.6042559147, 0
1600449486.6162559986, -1.2878587509168289496e-15, 1600449486.635256052, 1.2878587509168289496e-15, 1600449486.635256052, 0
1600449486.6472558975, -1.2878587509168289496e-15, 1600449486.6662559509, 1.2878587509168289496e-15, 1600449486.6662559509, 0
1600449486.6822559834, -1.2878587509168289496e-15, 1600449486.7012560368, 1.2878587509168289496e-15, 1600449486.7012560368, 0
1600449486.7132558823, -1.2878587509168289496e-15, 1600449486.7322559357, 1.2878587509168289496e-15, 1600449486.7322559357, 0
1600449486.7442560196, -1.2878587509168289496e-15, 1600449486.763256073, 1.2878587509168289496e-15, 1600449486.763256073, 0
1600449486.7752559185, -1.2878587509168289496e-15, 1600449486.7942559719, 1.2878587509168289496e-15, 1600449486.7942559719, 0
1600449486.8062560558, -1.2878587509168289496e-15, 1600449486.8252558708, 1.2878587509168289496e-15, 1600449486.8252558708, 0
1600449486.8372559547, -1.2878587509168289496e-15, 1600449486.8562560081, 1.2878587509168289496e-15, 1600449486.8562560081, 0
1600449486.8682558537, -1.2878587509168289496e-15, 1600449486.8872559071, 1.2878587509168289496e-15, 1600449486.8872559071, 0
1600449486.899255991, -1.2878587509168289496e-15, 1600449486.9182560444, 1.2878587509168289496e-15, 1600449486.9182560444, 0
1600449486.9302558899, -1.2878587509168289496e-15, 1600449486.9492559433, 1.2878587509168289496e-15, 1600449486.9492559433, 0
1600449486.9612560272, -1.2878587509168289496e-15, 1600449486.9802560806, 1.2878587509168289496e-15, 1600449486.9802560806, 0
1600449486.9922559261, -1.2878587509168289496e-15, 1600449487.0112559795, 1.2878587509168289496e-15, 1600449487.0112559795, 0
1600449487.0232560635, -1.2878587509168289496e-15, 1600449487.0422558784, 1.2878587509168289496e-15, 1600449487.0422558784, 0
1600449487.0542559624, -1.2878587509168289496e-15, 1600449487.0732560158, 1.2878587509168289496e-15, 1600449487.0732560158, 0
1600449487.0852558613, -1.2878587509168289496e-15, 1600449487.1042559147, 1.2878587509168289496e-15, 1600449487.1042559147, 0
1600449487.1162559986, -1.2878587509168289496e-15, 1600449487.135256052, 1.2878587509168289496e-15, 1600449487.135256052, 0
1600449487.1472558975, -1.2878587509168289496e-15, 1600449487.1662559509, 1.2878587509168289496e-15, 1600449487.1662559509, 0
1600449487.1782560349, -1.2878587509168289496e-15, 1600449487.1972558498, 1.2878587509168289496e-15, 1600449487.1972558498, 0
1600449487.2092559338, -1.2878587509168289496e-15, 1600449487.2282559872, 1.2878587509168289496e-15, 1600449487.2282559872, 0
1600449487.2402560711, -1.2878587509168289496e-15, 1600449487.2592558861, 1.2878587509168289496e-15, 1600449487.2592558861, 0
1600449487.27125597, -1.2878587509168289496e-15, 1600449487.2902560234, 1.2878587509168289496e-15, 1600449487.2902560234, 0
1600449487.3022558689, -1.2878587509168289496e-15, 1600449487.3222558498, 1.2878587509168289496e-15, 1600449487.3222558498, 0
1600449487.3332560062, -1.2878587509168289496e-15, 1600449487.3532559872, 1.2878587509168289496e-15, 1600449487.3532559872, 0
1600449487.3642559052, -1.2878587509168289496e-15, 1600449487.3842558861, 1.2878587509168289496e-15, 1600449487.3842558861, 0
1600449487.3952560425, -1.2878587509168289496e-15, 1600449487.4152560234, 1.2878587509168289496e-15, 1600449487.4152560234, 0
1600449487.4262559414, -1.2878587509168289496e-15, 1600449487.4462559223, 1.2878587509168289496e-15, 1600449487.4462559223, 0
1600449487.4572560787, -1.2878587509168289496e-15, 1600449487.4772560596, 1.2878587509168289496e-15, 1600449487.4772560596, 0
1600449487.4882559776, -1.2878587509168289496e-15, 1600449487.5082559586, 1.2878587509168289496e-15, 1600449487.5082559586, 0
1600449487.5202560425, -1.2878587509168289496e-15, 1600449487.5392558575, 1.2878587509168289496e-15, 1600449487.5392558575, 0
1600449487.5512559414, -1.2878587509168289496e-15, 1600449487.5702559948, 1.2878587509168289496e-15, 1600449487.5702559948, 0
1600449487.5822560787, -1.2878587509168289496e-15, 1600449487.6012558937, 1.2878587509168289496e-15, 1600449487.6012558937, 0
1600449487.64625597, -1.2878587509168289496e-15, 1600449487.6652560234, 1.2878587509168289496e-15, 1600449487.6652560234, 0
1600449487.6772558689, -1.2878587509168289496e-15, 1600449487.6962559223, 1.2878587509168289496e-15, 1600449487.6962559223, 0
1600449487.7082560062, -1.2878587509168289496e-15, 1600449487.7272560596, 1.2878587509168289496e-15, 1600449487.7272560596, 0
1600449487.7392559052, -1.2878587509168289496e-15, 1600449487.7582559586, 1.2878587509168289496e-15, 1600449487.7582559586, 0
1600449487.7702560425, -1.2878587509168289496e-15, 1600449487.7892558575, 1.2878587509168289496e-15, 1600449487.7892558575, 0
1600449487.8012559414, -1.2878587509168289496e-15, 1600449487.8202559948, 1.2878587509168289496e-15, 1600449487.8202559948, 0
1600449487.8322560787, -1.2878587509168289496e-15, 1600449487.8512558937, 1.2878587509168289496e-15, 1600449487.8512558937, 0
1600449487.8632559776, -1.2878587509168289496e-15, 1600449487.882256031, 1.2878587509168289496e-15, 1600449487.882256031, 0
1600449487.8942558765, -1.2878587509168289496e-15, 1600449487.9132559299, 1.2878587509168289496e-15, 1600449487.9132559299, 0
1600449487.9252560139, -1.2878587509168289496e-15, 1600449487.9442560673, 1.2878587509168289496e-15, 1600449487.9442560673, 0
1600449487.9562559128, -1.2878587509168289496e-15, 1600449487.9752559662, 1.2878587509168289496e-15, 1600449487.9752559662, 0
1600449487.9872560501, -1.2878587509168289496e-15, , , , 
