# /hardware/joint_states/header/stamp, /hardware/joint_states/velocity/0, /hardware/pid_state/header/stamp, /hardware/pid_state/error/0, /hardware/pid_state/header/stamp, /hardware/pid_state/output/0
1602754594.4923810959, 0, 1602754594.5113811493, 0, 1602754594.5113811493, 0
1602754594.5323810577, 0, 1602754594.5453810692, 0, 1602754594.5453810692, 0
1602754594.5653810501, 0, 1602754594.5783810616, 0, 1602754594.5783810616, 0
1602754594.6183810234, 0, 1602754594.6373810768, 0, 1602754594.6373810768, 0
1602754594.6583809853, 0, 1602754594.6713809967, 0, 1602754594.6713809967, 0
1602754594.6913809776, 0, 1602754594.7043809891, 0, 1602754594.7043809891, 0
1602754594.7443811893, 0, 1602754594.7633810043, 0, 1602754594.7633810043, 0
1602754594.7843811512, 0, 1602754594.7973811626, 0, 1602754594.7973811626, 0
1602754594.8173811436, 0, 1602754594.830381155, 0, 1602754594.830381155, 0
1602754594.8703811169, 0, 1602754594.8893811703, 0, 1602754594.8893811703, 0
1602754594.9103810787, 0, 1602754594.9233810902, 0, 1602754594.9233810902, 0
1602754594.9433810711, 0, 1602754594.9563810825, 0, 1602754594.9563810825, 0
1602754594.9963810444, 0, 1602754595.0153810978, 0, 1602754595.0153810978, 0
1602754595.0363810062, 0, 1602754595.0493810177, 0, 1602754595.0493810177, 0
1602754595.0695800781, 0, 1602754595.0825800896, 0, 1602754595.0825800896, 0
1602754595.1225800514, 0, 1602754595.1415801048, 0, 1602754595.1415801048, 0
1602754595.1625800133, 0, 1602754595.1765801907, 0, 1602754595.1765801907, 0
1602754595.1955800056, 0, 1602754595.2085800171, 0, 1602754595.2085800171, 0
1602754595.2485802174, 0, 1602754595.2675800323, 0, 1602754595.2675800323, 0
1602754595.2885801792, 0, 1602754595.3025801182, 0, 1602754595.3025801182, 0
1602754595.3215801716, 0, 1602754595.334580183, 0, 1602754595.334580183, 0
1602754595.3745801449, 0, 1602754595.3935801983, 0, 1602754595.3935801983, 0
1602754595.4145801067, 0, 1602754595.4285800457, 0, 1602754595.4285800457, 0
1602754595.4475800991, 0, 1602754595.4605801105, 0, 1602754595.4605801105, 0
1602754595.5005800724, 0, 1602754595.5195801258, 0, 1602754595.5195801258, 0
1602754595.5405800343, 0, 1602754595.5545802116, 0, 1602754595.5545802116, 0
1602754595.5735800266, 0, 1602754595.5865800381, 0, 1602754595.5865800381, 0
1602754595.6265799999, 0, 1602754595.6455800533, 0, 1602754595.6455800533, 0
1602754595.6665802002, 0, 1602754595.6805801392, 0, 1602754595.6805801392, 0
1602754595.6995801926, 0, 1602754595.712580204, 0, 1602754595.712580204, 0
1602754595.7525801659, 0, 1602754595.7715802193, 0, 1602754595.7715802193, 0
1602754595.7925801277, 0, 1602754595.8065800667, 0, 1602754595.8065800667, 0
1602754595.8255801201, 0, 1602754595.8385801315, 0, 1602754595.8385801315, 0
1602754595.8785800934, 0, 1602754595.8975801468, 0, 1602754595.8975801468, 0
1602754595.9185800552, 0, 1602754595.9325802326, 0, 1602754595.9325802326, 0
1602754595.9515800476, 0, 1602754595.9645800591, 0, 1602754595.9645800591, 0
1602754596.0045800209, 0, 1602754596.0235800743, 0, 1602754596.0235800743, 0
1602754596.0445802212, 0, 1602754596.0585801601, 0, 1602754596.0585801601, 0
1602754596.0775802135, 0, 1602754596.090580225, 0, 1602754596.090580225, 0
1602754596.1305801868, 0, 1602754596.1495800018, 0, 1602754596.1495800018, 0
1602754596.1705801487, 0, 1602754596.1845800877, 0, 1602754596.1845800877, 0
1602754596.2035801411, 0, 1602754596.2165801525, 0, 1602754596.2165801525, 0
1602754596.2565801144, 0, 1602754596.2755801678, 0, 1602754596.2755801678, 0
1602754596.2965800762, 0, 1602754596.3125801086, 0, 1602754596.3125801086, 0
1602754596.3295800686, 0, 1602754596.3465800285, 0, 1602754596.3465800285, 0
1602754596.3865802288, 0, 1602754596.4055800438, 0, 1602754596.4055800438, 0
1602754596.4265801907, 0, 1602754596.4435801506, 0, 1602754596.4435801506, 0
1602754596.4645800591, 0, 1602754596.478579998, 0, 1602754596.478579998, 0
1602754596.5175800323, 0, 1602754596.5375800133, 0, 1602754596.5375800133, 0
1602754596.5575802326, 0, 1602754596.5715801716, 0, 1602754596.5715801716, 0
1602754596.590580225, 0, 1602754596.604580164, 0, 1602754596.604580164, 0
1602754596.6435801983, 0, 1602754596.6635801792, 0, 1602754596.6635801792, 0
1602754596.6845800877, 0, 1602754596.6975800991, 0, 1602754596.6975800991, 0
1602754596.7165801525, 0, 1602754596.7305800915, 0, 1602754596.7305800915, 0
1602754596.7695801258, 0, 1602754596.7895801067, 0, 1602754596.7895801067, 0
1602754596.8105800152, 0, 1602754596.8235800266, 0, 1602754596.8235800266, 0
1602754596.84258008, 0, 1602754596.856580019, 0, 1602754596.856580019, 0
1602754596.8955800533, 0, 1602754596.9155800343, 0, 1602754596.9155800343, 0
1602754596.9365801811, 0, 1602754596.9495801926, 0, 1602754596.9495801926, 0
1602754596.9685800076, 0, 1602754596.9825801849, 0, 1602754596.9825801849, 0
1602754597.0215802193, 0, 1602754597.0415802002, 0, 1602754597.0415802002, 0
1602754597.0625801086, 0, 1602754597.0755801201, 0, 1602754597.0755801201, 0
1602754597.0945801735, 0, 1602754597.1085801125, 0, 1602754597.1085801125, 0
1602754597.1475801468, 0, 1602754597.1675801277, 0, 1602754597.1675801277, 0
1602754597.1885800362, 0, 1602754597.2015800476, 0, 1602754597.2015800476, 0
1602754597.220580101, 0, 1602754597.23458004, 0, 1602754597.23458004, 0
1602754597.2735800743, 0, 1602754597.2935800552, 0, 1602754597.2935800552, 0
1602754597.3145802021, 0, 1602754597.3275802135, 0, 1602754597.3275802135, 0
1602754597.3465800285, 0, 1602754597.3605802059, 0, 1602754597.3605802059, 0
1602754597.3995800018, 0, 1602754597.4195802212, 0, 1602754597.4195802212, 0
1602754597.4405801296, 0, 1602754597.4535801411, 0, 1602754597.4535801411, 0
1602754597.4725801945, 0, 1602754597.4865801334, 0, 1602754597.4865801334, 0
1602754597.5255801678, 0, 1602754597.5455801487, 0, 1602754597.5455801487, 0
1602754597.5665800571, 0, 1602754597.5795800686, 0, 1602754597.5795800686, 0
1602754597.6010518074, 0, 1602754597.6140518188, 0, 1602754597.6140518188, 0
1602754597.6540520191, 0, 1602754597.6730518341, 0, 1602754597.6730518341, 0
1602754597.694051981, 0, 1602754597.7070519924, 0, 1602754597.7070519924, 0
1602754597.7270519733, 0, 1602754597.7400519848, 0, 1602754597.7400519848, 0
1602754597.7800519466, 0, 1602754597.799052, 0, 1602754597.799052, 0
1602754597.8200519085, 0, 1602754597.8330519199, 0, 1602754597.8330519199, 0
1602754597.8530519009, 0, 1602754597.8660519123, 0, 1602754597.8660519123, 0
1602754597.9060518742, 0, 1602754597.9250519276, 0, 1602754597.9250519276, 0
1602754597.946051836, 0, 1602754597.9590518475, 0, 1602754597.9590518475, 0
1602754597.9790518284, 0, 1602754597.9920518398, 0, 1602754597.9920518398, 0
1602754598.0320518017, 0, 1602754598.0510518551, 0, 1602754598.0510518551, 0
1602754598.072052002, 0, 1602754598.0850520134, 0, 1602754598.0850520134, 0
1602754598.1050519943, 0, 1602754598.1180520058, 0, 1602754598.1180520058, 0
1602754598.1580519676, 0, 1602754598.177052021, 0, 1602754598.177052021, 0
1602754598.1980519295, 0, 1602754598.2110519409, 0, 1602754598.2110519409, 0
1602754598.2310519218, 0, 1602754598.2440519333, 0, 1602754598.2440519333, 0
1602754598.2840518951, 0, 1602754598.3030519485, 0, 1602754598.3030519485, 0
1602754598.324051857, 0, 1602754598.3370518684, 0, 1602754598.3370518684, 0
1602754598.3570518494, 0, 1602754598.3700518608, 0, 1602754598.3700518608, 0
1602754598.4100518227, 0, 1602754598.4290518761, 0, 1602754598.4290518761, 0
1602754598.4500520229, 0, 1602754598.4670519829, 5, 1602754598.4670519829, 25
1602754598.4880518913, 0, 1602754598.5010519028, 4.8691000938415527344, 1602754598.5010519028, 25
1602754598.5410518646, 0.44505897164344787598, 1602754598.560051918, 4.5549411773681640625, 1602754598.560051918, 25
1602754598.5810518265, 0.75155580043792724609, 1602754598.5940518379, 3.9211950302124023438, 1602754598.5940518379, 21.242221832275390625
1602754598.6130518913, 1.078805088996887207, 1602754598.6260519028, 3.7117555141448974609, 1602754598.6260519028, 21.242221832275390625
1602754598.6660518646, 1.2882446050643920898, 1602754598.685051918, 3.7117555141448974609, 1602754598.685051918, 21.242221832275390625
1602754598.7060518265, 1.2882446050643920898, 1602754598.7190518379, 3.7117555141448974609, 1602754598.7190518379, 18.55877685546875
1602754598.7380518913, 1.2882446050643920898, 1602754598.7510519028, 3.7117555141448974609, 1602754598.7510519028, 18.55877685546875
1602754598.7910518646, 1.2882446050643920898, 1602754598.810051918, 3.7117555141448974609, 1602754598.810051918, 18.55877685546875
1602754598.8310518265, 1.157344818115234375, 1602754598.8440518379, 4.1568145751953125, 1602754598.8440518379, 19.213275909423828125
1602754598.8630518913, 0.84318560361862182617, 1602754598.8760519028, 4.4633111953735351563, 1602754598.8760519028, 19.213275909423828125
1602754598.9160518646, 0.20943951606750488281, 1602754598.935051918, 4.7905607223510742188, 1602754598.935051918, 19.213275909423828125
1602754598.9560518265, 0, 1602754598.9690518379, 5, 1602754598.9690518379, 25
1602754598.9880518913, 0, 1602754599.0010519028, 4.8952803611755371094, 1602754599.0010519028, 25
1602754599.0410518646, 0.43196898698806762695, 1602754599.060051918, 4.5680308341979980469, 1602754599.060051918, 25
1602754599.0810518265, 0.73846584558486938477, 1602754599.0940518379, 3.9997348785400390625, 1602754599.0940518379, 21.30767059326171875
1602754599.1130518913, 1.0002652406692504883, 1602754599.1260519028, 3.7902953624725341797, 1602754599.1260519028, 21.30767059326171875
1602754599.1660518646, 1.2097047567367553711, 1602754599.185051918, 3.7902953624725341797, 1602754599.185051918, 21.30767059326171875
1602754599.2060518265, 1.2620645761489868164, 1602754599.2190518379, 3.7379353046417236328, 1602754599.2190518379, 18.689676284790039063
1602754599.2380518913, 1.2620645761489868164, 1602754599.2510519028, 3.7379353046417236328, 1602754599.2510519028, 18.689676284790039063
1602754599.2910518646, 1.2620645761489868164, 1602754599.310051918, 3.7379353046417236328, 1602754599.310051918, 18.689676284790039063
1602754599.3310518265, 1.157344818115234375, 1602754599.3440518379, 4.1699042320251464844, 1602754599.3440518379, 19.213275909423828125
1602754599.3630518913, 0.83009564876556396484, 1602754599.3760519028, 4.4764013290405273438, 1602754599.3760519028, 19.213275909423828125
1602754599.4160518646, 0.26179939508438110352, 1602754599.435051918, 4.7382006645202636719, 1602754599.435051918, 19.213275909423828125
1602754599.4560518265, 0.052359879016876220703, 1602754599.4690518379, 4.9476399421691894531, 1602754599.4690518379, 24.738201141357421875
1602754599.4880518913, 0.052359879016876220703, 1602754599.5010519028, 5, 1602754599.5010519028, 24.738201141357421875
1602754599.5410518646, 0, 1602754599.560051918, 5, 1602754599.560051918, 24.738201141357421875
1602754599.5810518265, 0, 1602754599.5940518379, 5, 1602754599.5940518379, 25
1602754599.6130518913, 0, 1602754599.6260519028, 4.8952803611755371094, 1602754599.6260519028, 25
1602754599.6660518646, 0.44252541661262512207, 1602754599.685051918, 4.5574746131896972656, 1602754599.685051918, 25
1602754599.7060518265, 0.74902224540710449219, 1602754599.7190518379, 3.9336452484130859375, 1602754599.7190518379, 21.254888534545898438
1602754599.7380518913, 1.0663548707962036133, 1602754599.7510519028, 3.7242057323455810547, 1602754599.7510519028, 21.254888534545898438
1602754599.7910518646, 1.2082332372665405273, 1602754599.810051918, 3.7917668819427490234, 1602754599.810051918, 21.254888534545898438
1602754599.8310518265, 1.2082332372665405273, 1602754599.8440518379, 3.7917668819427490234, 1602754599.8440518379, 18.958833694458007813
1602754599.8630518913, 1.2082332372665405273, 1602754599.8760519028, 3.7917668819427490234, 1602754599.8760519028, 18.958833694458007813
1602754599.9160518646, 1.1406720876693725586, 1602754599.935051918, 3.8593277931213378906, 1602754599.935051918, 18.958833694458007813
1602754599.9560518265, 1.0359523296356201172, 1602754599.9690518379, 4.301853179931640625, 1602754599.9690518379, 19.820238113403320313
1602754599.9880518913, 0.69814670085906982422, 1602754600.0010519028, 4.6083502769470214844, 1602754600.0010519028, 19.820238113403320313
1602754600.0410518646, 0.074317246675491333008, 1602754600.060051918, 4.9256825447082519531, 1602754600.060051918, 19.820238113403320313
1602754600.0810518265, -0.1351222693920135498, 1602754600.0940518379, 5.1351222991943359375, 1602754600.0940518379, 25.675611495971679688
1602754600.1135480404, -0.067561134696006774902, 1602754600.1265480518, 4.8712115287780761719, 1602754600.1265480518, 25.675611495971679688
1602754600.1665480137, 0.44294768571853637695, 1602754600.1855480671, 4.5570521354675292969, 1602754600.1855480671, 25.675611495971679688
1602754600.2065479755, 0.74944454431533813477, 1602754600.219547987, 3.8557450771331787109, 1602754600.219547987, 21.252777099609375
1602754600.2385480404, 1.1442549228668212891, 1602754600.2515480518, 3.6463055610656738281, 1602754600.2515480518, 21.252777099609375
1602754600.2915480137, 1.3536944389343261719, 1602754600.3105480671, 3.6463055610656738281, 1602754600.3105480671, 21.252777099609375
1602754600.3315479755, 1.3536944389343261719, 1602754600.344547987, 3.6463055610656738281, 1602754600.344547987, 18.231527328491210938
1602754600.3635480404, 1.3536944389343261719, 1602754600.3765480518, 3.6463055610656738281, 1602754600.3765480518, 18.231527328491210938
1602754600.4165480137, 1.3536944389343261719, 1602754600.4355480671, 3.6463055610656738281, 1602754600.4355480671, 18.231527328491210938
1602754600.4565479755, 1.157344818115234375, 1602754600.4735481739, 3.842655181884765625, 1602754600.4735481739, 19.213275909423828125
1602754600.4945480824, 0.84318560361862182617, 1602754600.5075480938, 4.4633111953735351563, 1602754600.5075480938, 19.213275909423828125
1602754600.5465481281, 0.20943951606750488281, 1602754600.5655481815, 4.7905607223510742188, 1602754600.5655481815, 19.213275909423828125
1602754600.58654809, 0, 1602754600.5995481014, 5, 1602754600.5995481014, 25
1602754600.6195480824, 0.10471975803375244141, 1602754600.6325480938, 4.8952803611755371094, 1602754600.6325480938, 25
1602754600.6715481281, 0.75398224592208862305, 1602754600.6905481815, 4.2460179328918457031, 1602754600.6905481815, 25
1602754600.71154809, 1.0531815290451049805, 1602754600.7245481014, 3.6195693016052246094, 1602754600.7245481014, 19.73409271240234375
1602754600.7445480824, 1.5898703336715698242, 1602754600.7575480938, 3.4101297855377197266, 1602754600.7575480938, 19.73409271240234375
1602754600.7965481281, 1.4851505756378173828, 1602754600.8155481815, 3.5148494243621826172, 1602754600.8155481815, 19.73409271240234375
1602754600.83654809, 1.4851505756378173828, 1602754600.8495481014, 3.5148494243621826172, 1602754600.8495481014, 17.574247360229492188
1602754600.8695480824, 1.3804308176040649414, 1602754600.8825480938, 3.6195693016052246094, 1602754600.8825480938, 17.574247360229492188
1602754600.9215481281, 0.73116827011108398438, 1602754600.9405481815, 4.2688317298889160156, 1602754600.9405481815, 17.574247360229492188
1602754600.96154809, 0.43196898698806762695, 1602754600.9745481014, 4.8952803611755371094, 1602754600.9745481014, 22.840154647827148438
1602754600.9945480824, -0.10471975803375244141, 1602754601.0075480938, 5.1047196388244628906, 1602754601.0075480938, 22.840154647827148438
1602754601.0465481281, 0, 1602754601.0655481815, 5, 1602754601.0655481815, 22.840154647827148438
1602754601.08654809, 0, 1602754601.0995481014, 5, 1602754601.0995481014, 25
1602754601.1195480824, 0.10471975803375244141, 1602754601.1325480938, 4.8952803611755371094, 1602754601.1325480938, 25
1602754601.1715481281, 0.75398224592208862305, 1602754601.1905481815, 4.2460179328918457031, 1602754601.1905481815, 25
1602754601.21154809, 1.0531815290451049805, 1602754601.2245481014, 3.6195693016052246094, 1602754601.2245481014, 19.73409271240234375
1602754601.2445480824, 1.5898703336715698242, 1602754601.2575480938, 3.4101297855377197266, 1602754601.2575480938, 19.73409271240234375
1602754601.2965481281, 1.5898703336715698242, 1602754601.3155481815, 3.4101297855377197266, 1602754601.3155481815, 19.73409271240234375
1602754601.33654809, 1.5898703336715698242, 1602754601.3515481949, 3.4101297855377197266, 1602754601.3515481949, 17.050647735595703125
1602754601.3725481033, 1.5898703336715698242, 1602754601.3855481148, 3.5148494243621826172, 1602754601.3855481148, 17.050647735595703125
1602754601.4255480766, 1.1709913015365600586, 1602754601.44454813, 3.8290088176727294922, 1602754601.44454813, 17.050647735595703125
1602754601.4655480385, 0.83588802814483642578, 1602754601.4785480499, 4.4633111953735351563, 1602754601.4785480499, 20.820560455322265625
1602754601.4975481033, 0.53668874502182006836, 1602754601.5105481148, 4.7905607223510742188, 1602754601.5105481148, 20.820560455322265625
1602754601.5505480766, 0, 1602754601.56954813, 5, 1602754601.56954813, 20.820560455322265625
1602754601.5905480385, 0, 1602754601.6035480499, 5, 1602754601.6035480499, 25
1602754601.6225481033, 0, 1602754601.6355481148, 4.8952803611755371094, 1602754601.6355481148, 25
1602754601.6755480766, 0.44252541661262512207, 1602754601.69454813, 4.5574746131896972656, 1602754601.69454813, 25
1602754601.7155480385, 0.74902224540710449219, 1602754601.7285480499, 3.9336452484130859375, 1602754601.7285480499, 21.254888534545898438
1602754601.7475481033, 1.0663548707962036133, 1602754601.7605481148, 3.7242057323455810547, 1602754601.7605481148, 21.254888534545898438
1602754601.8005480766, 1.2082332372665405273, 1602754601.81954813, 3.7917668819427490234, 1602754601.81954813, 21.254888534545898438
1602754601.8405480385, 1.2082332372665405273, 1602754601.8535480499, 3.7917668819427490234, 1602754601.8535480499, 18.958833694458007813
1602754601.8725481033, 1.2082332372665405273, 1602754601.8855481148, 3.7917668819427490234, 1602754601.8855481148, 18.958833694458007813
1602754601.9255480766, 1.2082332372665405273, 1602754601.94454813, 3.7917668819427490234, 1602754601.94454813, 18.958833694458007813
1602754601.9655480385, 1.1035134792327880859, 1602754601.9785480499, 4.2342920303344726563, 1602754601.9785480499, 19.482433319091796875
1602754601.9975481033, 0.76570779085159301758, 1602754602.0105481148, 4.5407891273498535156, 1602754602.0105481148, 19.482433319091796875
1602754602.0495481491, 0.14187838137149810791, 1602754602.06954813, 4.8581213951110839844, 1602754602.06954813, 19.482433319091796875
1602754602.0905480385, -0.067561134696006774902, 1602754602.1035480499, 5, 1602754602.1035480499, 25.337804794311523438
1602754602.1225481033, 0, 1602754602.1355481148, 4.8952803611755371094, 1602754602.1355481148, 25.337804794311523438
1602754602.1745481491, 0.37496429681777954102, 1602754602.19454813, 4.6250357627868652344, 1602754602.19454813, 25.337804794311523438
1602754602.2155480385, 0.68146115541458129883, 1602754602.2285480499, 4.0012063980102539063, 1602754602.2285480499, 21.592695236206054688
1602754602.2475481033, 0.99879372119903564453, 1602754602.2605481148, 3.8964865207672119141, 1602754602.2605481148, 21.592695236206054688
1602754602.2995481491, 1.1035134792327880859, 1602754602.31954813, 3.8964865207672119141, 1602754602.31954813, 21.592695236206054688
1602754602.3405480385, 1.1035134792327880859, 1602754602.3535480499, 3.8964865207672119141, 1602754602.3535480499, 19.482433319091796875
1602754602.3725481033, 1.1035134792327880859, 1602754602.3855481148, 3.8964865207672119141, 1602754602.3855481148, 19.482433319091796875
1602754602.4245481491, 1.1035134792327880859, 1602754602.44454813, 3.8964865207672119141, 1602754602.44454813, 19.482433319091796875
1602754602.4655480385, 0.99879372119903564453, 1602754602.4815480709, 4.0012063980102539063, 1602754602.4815480709, 20.006031036376953125
1602754602.5025479794, 0.72854918241500854492, 1602754602.5155479908, 4.5779476165771484375, 1602754602.5155479908, 20.006031036376953125
1602754602.5555481911, 0.10471975803375244141, 1602754602.5745480061, 4.8952803611755371094, 1602754602.5745480061, 20.006031036376953125
1602754602.5955481529, 0, 1602754602.6085481644, 5, 1602754602.6085481644, 25
1602754602.6293029785, 0, 1602754602.64230299, 4.8096003532409667969, 1602754602.64230299, 25
1602754602.6813030243, 0.50455880165100097656, 1602754602.7003030777, 4.4954409599304199219, 1602754602.7003030777, 25
1602754602.7213029861, 0.87107795476913452148, 1602754602.7343029976, 3.8016726970672607422, 1602754602.7343029976, 20.644609451293945313
1602754602.7543029785, 1.3030469417572021484, 1602754602.76730299, 3.6969530582427978516, 1602754602.76730299, 20.644609451293945313
1602754602.8063030243, 1.4077666997909545898, 1602754602.8253030777, 3.5922331809997558594, 1602754602.8253030777, 20.644609451293945313
1602754602.8463029861, 1.4077666997909545898, 1602754602.8593029976, 3.5922331809997558594, 1602754602.8593029976, 17.9611663818359375
1602754602.8793029785, 1.4077666997909545898, 1602754602.89230299, 3.5922331809997558594, 1602754602.89230299, 17.9611663818359375
1602754602.9313030243, 0.90320789813995361328, 1602754602.9503030777, 4.0967922210693359375, 1602754602.9503030777, 17.9611663818359375
1602754602.9713029861, 0.53668874502182006836, 1602754602.9843029976, 4.7905607223510742188, 1602754602.9843029976, 22.316556930541992188
1602754603.0043029785, 0.10471975803375244141, 1602754603.01730299, 4.8952803611755371094, 1602754603.01730299, 22.316556930541992188
1602754603.0563030243, 0, 1602754603.0753030777, 5, 1602754603.0753030777, 22.316556930541992188
1602754603.0963029861, 0, 1602754603.1093029976, 5, 1602754603.1093029976, 25
1602754603.1293029785, 0.10471975803375244141, 1602754603.14230299, 4.8952803611755371094, 1602754603.14230299, 25
1602754603.1813030243, 0.64926248788833618164, 1602754603.2003030777, 4.3507375717163085938, 1602754603.2003030777, 25
1602754603.2213029861, 0.94846177101135253906, 1602754603.2343029976, 3.7242889404296875, 1602754603.2343029976, 20.2576904296875
1602754603.2543029785, 1.4851505756378173828, 1602754603.26730299, 3.5148494243621826172, 1602754603.26730299, 20.2576904296875
1602754603.3063030243, 1.4851505756378173828, 1602754603.3253030777, 3.5148494243621826172, 1602754603.3253030777, 20.2576904296875
1602754603.3463029861, 1.4851505756378173828, 1602754603.3593029976, 3.5148494243621826172, 1602754603.3593029976, 17.574247360229492188
1602754603.3793029785, 1.3804308176040649414, 1602754603.39230299, 3.6195693016052246094, 1602754603.39230299, 17.574247360229492188
1602754603.4313030243, 0.83588802814483642578, 1602754603.4503030777, 4.164112091064453125, 1602754603.4503030777, 17.574247360229492188
1602754603.4713029861, 0.53668874502182006836, 1602754603.4843029976, 4.7905607223510742188, 1602754603.4843029976, 22.316556930541992188
1602754603.5043029785, 0, 1602754603.51730299, 5, 1602754603.51730299, 22.316556930541992188
1602754603.5563030243, 0, 1602754603.5753030777, 5, 1602754603.5753030777, 22.316556930541992188
1602754603.5963029861, 0, 1602754603.6093029976, 5, 1602754603.6093029976, 25
1602754603.6293029785, 0.10471975803375244141, 1602754603.64230299, 4.8952803611755371094, 1602754603.64230299, 25
1602754603.6813030243, 0.75398224592208862305, 1602754603.7003030777, 4.2460179328918457031, 1602754603.7003030777, 25
1602754603.7213029861, 1.0531815290451049805, 1602754603.7343029976, 3.6195693016052246094, 1602754603.7343029976, 19.73409271240234375
1602754603.7543029785, 1.5898703336715698242, 1602754603.76730299, 3.4101297855377197266, 1602754603.76730299, 19.73409271240234375
1602754603.8063030243, 1.4851505756378173828, 1602754603.8253030777, 3.5148494243621826172, 1602754603.8253030777, 19.73409271240234375
1602754603.8463029861, 1.4851505756378173828, 1602754603.8593029976, 3.5148494243621826172, 1602754603.8593029976, 17.574247360229492188
1602754603.878303051, 1.3804308176040649414, 1602754603.8913030624, 3.6195693016052246094, 1602754603.8913030624, 17.574247360229492188
1602754603.9313030243, 0.73116827011108398438, 1602754603.9503030777, 4.2688317298889160156, 1602754603.9503030777, 17.574247360229492188
1602754603.9713029861, 0.43196898698806762695, 1602754603.9843029976, 4.8952803611755371094, 1602754603.9843029976, 22.840154647827148438
1602754604.003303051, 0.10471975803375244141, 1602754604.0163030624, 5.1047196388244628906, 1602754604.0163030624, 22.840154647827148438
1602754604.0563030243, 0, 1602754604.0753030777, 5, 1602754604.0753030777, 22.840154647827148438
1602754604.0963029861, 0, 1602754604.1093029976, 5, 1602754604.1093029976, 25
1602754604.128303051, 0.10471975803375244141, 1602754604.1413030624, 4.8952803611755371094, 1602754604.1413030624, 25
1602754604.1813030243, 0.75398224592208862305, 1602754604.2003030777, 4.2460179328918457031, 1602754604.2003030777, 25
1602754604.2213029861, 1.0531815290451049805, 1602754604.2343029976, 3.6195693016052246094, 1602754604.2343029976, 19.73409271240234375
1602754604.253303051, 1.3804308176040649414, 1602754604.2663030624, 3.5148494243621826172, 1602754604.2663030624, 19.73409271240234375
1602754604.3063030243, 1.41970062255859375, 1602754604.3253030777, 3.58029937744140625, 1602754604.3253030777, 19.73409271240234375
1602754604.3463029861, 1.41970062255859375, 1602754604.3593029976, 3.58029937744140625, 1602754604.3593029976, 17.90149688720703125
1602754604.378303051, 1.41970062255859375, 1602754604.3913030624, 3.58029937744140625, 1602754604.3913030624, 17.90149688720703125
1602754604.4313030243, 1.0008217096328735352, 1602754604.4503030777, 3.9991784095764160156, 1602754604.4503030777, 17.90149688720703125
1602754604.4713029861, 0.66571843624114990234, 1602754604.4883031845, 4.3342814445495605469, 1602754604.4883031845, 21.671407699584960938
1602754604.509303093, 0.36651915311813354492, 1602754604.5223031044, 4.9607300758361816406, 1602754604.5223031044, 21.671407699584960938
1602754604.5613031387, -0.065449848771095275879, 1602754604.5813031197, 5.0654497146606445313, 1602754604.5813031197, 21.671407699584960938
1602754604.6023030281, 0, 1602754604.6153030396, 5, 1602754604.6153030396, 25
1602754604.634303093, 0, 1602754604.6473031044, 4.8952803611755371094, 1602754604.6473031044, 25
1602754604.6863031387, 0.44252541661262512207, 1602754604.7063031197, 4.5574746131896972656, 1602754604.7063031197, 25
1602754604.7273030281, 0.74902224540710449219, 1602754604.7403030396, 3.9336452484130859375, 1602754604.7403030396, 21.254888534545898438
1602754604.759303093, 1.0663548707962036133, 1602754604.7723031044, 3.8289253711700439453, 1602754604.7723031044, 21.254888534545898438
1602754604.8113031387, 1.2386357784271240234, 1602754604.8313031197, 3.7613642215728759766, 1602754604.8313031197, 21.254888534545898438
1602754604.8513031006, 1.2386357784271240234, 1602754604.864303112, 3.7613642215728759766, 1602754604.864303112, 18.806821823120117188
1602754604.884303093, 1.2386357784271240234, 1602754604.8973031044, 3.7613642215728759766, 1602754604.8973031044, 18.806821823120117188
1602754604.9363031387, 1.2386357784271240234, 1602754604.9563031197, 3.7613642215728759766, 1602754604.9563031197, 18.806821823120117188
1602754604.9763031006, 1.133916020393371582, 1602754604.989303112, 4.2038898468017578125, 1602754604.989303112, 19.330419540405273438
1602754605.009303093, 0.48961347341537475586, 1602754605.0223031044, 4.5103864669799804688, 1602754605.0223031044, 19.330419540405273438
1602754605.0613031387, 0.067561134696006774902, 1602754605.0803031921, 4.9324388504028320313, 1602754605.0803031921, 19.330419540405273438
1602754605.1013031006, 0, 1602754605.114303112, 5, 1602754605.114303112, 25
1602754605.1348419189, 0, 1602754605.1478419304, 4.8691000938415527344, 1602754605.1478419304, 25
1602754605.1878418922, 0.44505897164344787598, 1602754605.2068419456, 4.5549411773681640625, 1602754605.2068419456, 25
1602754605.2278418541, 0.8115780949592590332, 1602754605.2408418655, 3.8710892200469970703, 1602754605.2408418655, 20.942110061645507813
1602754605.2598419189, 1.1289106607437133789, 1602754605.2728419304, 3.7663695812225341797, 1602754605.2728419304, 20.942110061645507813
1602754605.3128418922, 1.2336304187774658203, 1602754605.3318419456, 3.7663695812225341797, 1602754605.3318419456, 20.942110061645507813
1602754605.3528418541, 1.2336304187774658203, 1602754605.3658418655, 3.7663695812225341797, 1602754605.3658418655, 18.83184814453125
1602754605.3848419189, 1.2336304187774658203, 1602754605.3978419304, 3.7663695812225341797, 1602754605.3978419304, 18.83184814453125
1602754605.4378418922, 1.2336304187774658203, 1602754605.4568419456, 3.7663695812225341797, 1602754605.4568419456, 18.83184814453125
1602754605.4778418541, 1.1027307510375976563, 1602754605.4908418655, 4.2114286422729492188, 1602754605.4908418655, 19.486345291137695313
1602754605.5098419189, 0.78857147693634033203, 1602754605.5228419304, 4.5779476165771484375, 1602754605.5228419304, 19.486345291137695313
1602754605.5628418922, 0.10471975803375244141, 1602754605.5818419456, 4.8952803611755371094, 1602754605.5818419456, 19.486345291137695313
1602754605.6028418541, 0, 1602754605.6158418655, 5, 1602754605.6158418655, 25
1602754605.6348419189, 0.10471975803375244141, 1602754605.6478419304, 4.8952803611755371094, 1602754605.6478419304, 25
1602754605.6878418922, 0.76794487237930297852, 1602754605.7068419456, 4.2320551872253417969, 1602754605.7068419456, 25
1602754605.7278418541, 1.0671441555023193359, 1602754605.7408418655, 3.6155233383178710938, 1602754605.7408418655, 19.664279937744140625
1602754605.7598419189, 1.384476780891418457, 1602754605.7728419304, 3.4060838222503662109, 1602754605.7728419304, 19.664279937744140625
1602754605.8128418922, 1.5263551473617553711, 1602754605.8318419456, 3.4736449718475341797, 1602754605.8318419456, 19.664279937744140625
1602754605.8528418541, 1.5263551473617553711, 1602754605.8658418655, 3.4736449718475341797, 1602754605.8658418655, 17.36822509765625
1602754605.8848419189, 1.5263551473617553711, 1602754605.8978419304, 3.4736449718475341797, 1602754605.8978419304, 17.36822509765625
1602754605.9378418922, 1.4216353893280029297, 1602754605.9568419456, 3.5783646106719970703, 1602754605.9568419456, 17.36822509765625
1602754605.9778418541, 1.1074761152267456055, 1602754605.9908418655, 4.2415895462036132813, 1602754605.9908418655, 19.462619781494140625
1602754606.0098419189, 0.75841027498245239258, 1602754606.0228419304, 4.5407891273498535156, 1602754606.0228419304, 19.462619781494140625
1602754606.0628418922, 0.14187838137149810791, 1602754606.0818419456, 4.8581213951110839844, 1602754606.0818419456, 19.462619781494140625
1602754606.1028418541, -0.067561134696006774902, 1602754606.1158418655, 5, 1602754606.1158418655, 25.337804794311523438
1602754606.1348419189, 0.10471975803375244141, 1602754606.1478419304, 4.8952803611755371094, 1602754606.1478419304, 25.337804794311523438
1602754606.1878418922, 0.76794487237930297852, 1602754606.2068419456, 4.2320551872253417969, 1602754606.2068419456, 25.337804794311523438
1602754606.2278418541, 1.0671441555023193359, 1602754606.2408418655, 3.6155233383178710938, 1602754606.2408418655, 19.664279937744140625
1602754606.2598419189, 1.384476780891418457, 1602754606.2728419304, 3.4060838222503662109, 1602754606.2728419304, 19.664279937744140625
1602754606.3128418922, 1.5939162969589233398, 1602754606.3318419456, 3.4060838222503662109, 1602754606.3318419456, 19.664279937744140625
1602754606.3528418541, 1.5939162969589233398, 1602754606.3668420315, 3.4060838222503662109, 1602754606.3668420315, 17.03041839599609375
1602754606.3878419399, 1.5939162969589233398, 1602754606.4008419514, 3.4060838222503662109, 1602754606.4008419514, 17.03041839599609375
1602754606.4408419132, 1.4891965389251708984, 1602754606.4598419666, 3.5108034610748291016, 1602754606.4598419666, 17.03041839599609375
1602754606.4808418751, 1.1750372648239135742, 1602754606.4978420734, 3.8249628543853759766, 1602754606.4978420734, 19.124813079833984375
1602754606.5188419819, 0.82597142457962036133, 1602754606.5318419933, 4.4732279777526855469, 1602754606.5318419933, 19.124813079833984375
1602754606.5708420277, 0.20943951606750488281, 1602754606.5908420086, 4.7905607223510742188, 1602754606.5908420086, 19.124813079833984375
1602754606.611841917, 0, 1602754606.6248419285, 0, 1602754606.6248419285, 0
1602754606.6438419819, 0, 1602754606.6568419933, 0, 1602754606.6568419933, 0
1602754606.6968419552, 0, 1602754606.7158420086, 0, 1602754606.7158420086, 0
1602754606.736841917, 0, 1602754606.750841856, 0, 1602754606.750841856, 0
1602754606.7698419094, 0, 1602754606.7828419209, 0, 1602754606.7828419209, 0
1602754606.8228418827, 0, 1602754606.8418419361, 0, 1602754606.8418419361, 0
1602754606.8628418446, 0, 1602754606.8768420219, 0, 1602754606.8768420219, 0
1602754606.8958420753, 0, 1602754606.9088418484, 0, 1602754606.9088418484, 0
1602754606.9488420486, 0, 1602754606.9678418636, 0, 1602754606.9678418636, 0
1602754606.9888420105, 0, 1602754607.0028419495, 0, 1602754607.0028419495, 0
1602754607.0218420029, 0, 1602754607.0348420143, 0, 1602754607.0348420143, 0
1602754607.0748419762, 0, 1602754607.0938420296, 0, 1602754607.0938420296, 0
1602754607.114841938, 0, 1602754607.128841877, 0, 1602754607.128841877, 0
1602754607.1478419304, 0, 1602754607.1608419418, 0, 1602754607.1608419418, 0
1602754607.2008419037, 0, 1602754607.2198419571, 0, 1602754607.2198419571, 0
1602754607.2408418655, 0, 1602754607.2548420429, 0, 1602754607.2548420429, 0
1602754607.2738418579, 0, 1602754607.2868418694, 0, 1602754607.2868418694, 0
1602754607.3268420696, 0, 1602754607.3458418846, 0, 1602754607.3458418846, 0
1602754607.3668420315, 0, 1602754607.3808419704, 0, 1602754607.3808419704, 0
1602754607.3998420238, 0, 1602754607.4128420353, 0, 1602754607.4128420353, 0
1602754607.4528419971, 0, 1602754607.4718420506, 0, 1602754607.4718420506, 0
1602754607.492841959, 0, 1602754607.506841898, 0, 1602754607.506841898, 0
1602754607.5258419514, 0, 1602754607.5388419628, 0, 1602754607.5388419628, 0
1602754607.5788419247, 0, 1602754607.5978419781, 0, 1602754607.5978419781, 0
1602754607.6188418865, 0, 1602754607.6328420639, 0, 1602754607.6328420639, 0
1602754607.6526398659, 0, 1602754607.6666398048, 0, 1602754607.6666398048, 0
1602754607.7066400051, 0, 1602754607.7256398201, 0, 1602754607.7256398201, 0
1602754607.746639967, 0, 1602754607.7596399784, 0, 1602754607.7596399784, 0
1602754607.7786397934, 0, 1602754607.7926399708, 0, 1602754607.7926399708, 0
1602754607.8326399326, 0, 1602754607.851639986, 0, 1602754607.851639986, 0
1602754607.8726398945, 0, 1602754607.8856399059, 0, 1602754607.8856399059, 0
1602754607.9046399593, 0, 1602754607.9186398983, 0, 1602754607.9186398983, 0
1602754607.9586398602, 0, 1602754607.9776399136, 0, 1602754607.9776399136, 0
1602754607.998639822, 0, 1602754608.0116398335, 0, 1602754608.0116398335, 0
1602754608.0306398869, 0, 1602754608.0446398258, 0, 1602754608.0446398258, 0
1602754608.0846397877, 0, 1602754608.1036398411, 0, 1602754608.1036398411, 0
1602754608.1246399879, 0, 1602754608.1376399994, 0, 1602754608.1376399994, 0
1602754608.1566398144, 0, 1602754608.1706399918, 0, 1602754608.1706399918, 0
1602754608.2106399536, 0, 1602754608.229640007, 0, 1602754608.229640007, 0
1602754608.2506399155, 0, 1602754608.2636399269, 0, 1602754608.2636399269, 0
1602754608.2826399803, 0, 1602754608.2966399193, 0, 1602754608.2966399193, 0
1602754608.3366398811, 0, 1602754608.3556399345, 0, 1602754608.3556399345, 0
1602754608.376639843, 0, 1602754608.3896398544, 0, 1602754608.3896398544, 0
1602754608.4086399078, 0, 1602754608.4226398468, 0, 1602754608.4226398468, 0
1602754608.4626398087, 0, 1602754608.4816398621, 0, 1602754608.4816398621, 0
1602754608.5026400089, 0, 1602754608.5196399689, 0, 1602754608.5196399689, 0
1602754608.5406398773, 0, 1602754608.5536398888, 0, 1602754608.5536398888, 0
1602754608.5936398506, 0, 1602754608.612639904, 0, 1602754608.612639904, 0
1602754608.6336398125, 0, 1602754608.6476399899, 0, 1602754608.6476399899, 0
1602754608.6666398048, 0, 1602754608.6796398163, 0, 1602754608.6796398163, 0
1602754608.7196400166, 0, 1602754608.7386398315, 0, 1602754608.7386398315, 0
1602754608.7596399784, 0, 1602754608.7736399174, 0, 1602754608.7736399174, 0
1602754608.7926399708, 0, 1602754608.8056399822, 0, 1602754608.8056399822, 0
1602754608.8456399441, 0, 1602754608.8646399975, 0, 1602754608.8646399975, 0
1602754608.8856399059, 0, 1602754608.8996398449, 0, 1602754608.8996398449, 0
1602754608.9186398983, 0, 1602754608.9316399097, 0, 1602754608.9316399097, 0
1602754608.9716398716, 0, 1602754608.990639925, 0, 1602754608.990639925, 0
1602754609.0116398335, 0, 1602754609.0256400108, 0, 1602754609.0256400108, 0
1602754609.0446398258, 0, 1602754609.0576398373, 0, 1602754609.0576398373, 0
1602754609.0976397991, 0, 1602754609.1166398525, 0, 1602754609.1166398525, 0
1602754609.1376399994, 0, 1602754609.1516399384, 0, 1602754609.1516399384, 0
1602754609.1706399918, 0, 1602754609.1836400032, 0, 1602754609.1836400032, 0
1602754609.2236399651, 0, 1602754609.2426400185, 0, 1602754609.2426400185, 0
1602754609.2636399269, 0, 1602754609.2776398659, 0, 1602754609.2776398659, 0
1602754609.2966399193, 0, 1602754609.3096399307, 0, 1602754609.3096399307, 0
1602754609.3496398926, 0, 1602754609.368639946, 0, 1602754609.368639946, 0
1602754609.3896398544, 0, 1602754609.4036397934, 0, 1602754609.4036397934, 0
1602754609.4226398468, 0, 1602754609.4356398582, 0, 1602754609.4356398582, 0
1602754609.4756398201, 0, 1602754609.4946398735, 0, 1602754609.4946398735, 0
1602754609.5156400204, 0, 1602754609.5296399593, 0, 1602754609.5296399593, 0
1602754609.5486400127, 0, 1602754609.5616397858, 0, 1602754609.5616397858, 0
1602754609.601639986, 0, 1602754609.620639801, 0, 1602754609.620639801, 0
1602754609.6416399479, 0, 1602754609.6556398869, 0, 1602754609.6556398869, 0
1602754609.6746399403, 0, 1602754609.6876399517, 0, 1602754609.6876399517, 0
1602754609.7276399136, 0, 1602754609.746639967, 0, 1602754609.746639967, 0
1602754609.7676398754, 0, 1602754609.7816398144, 0, 1602754609.7816398144, 0
1602754609.8006398678, 0, 1602754609.8136398792, 0, 1602754609.8136398792, 0
1602754609.8536398411, 0, 1602754609.8726398945, 0, 1602754609.8726398945, 0
1602754609.8936398029, 0, 1602754609.9076399803, 0, 1602754609.9076399803, 0
1602754609.9266397953, 0, 1602754609.9396398067, 0, 1602754609.9396398067, 0
1602754609.979640007, 0, 1602754609.998639822, 0, 1602754609.998639822, 0
1602754610.0196399689, 0, 1602754610.0336399078, 0, 1602754610.0336399078, 0
1602754610.0526399612, 0, 1602754610.0656399727, 0, 1602754610.0656399727, 0
1602754610.1056399345, 0, 1602754610.1256399155, 0, 1602754610.1256399155, 0
1602754610.1456398964, 0, 1602754610.1596398354, 0, 1602754610.1596398354, 0
1602754610.1804738045, 0, 1602754610.1934738159, 0, 1602754610.1934738159, 0
1602754610.2334740162, 0, 1602754610.2524738312, 0, 1602754610.2524738312, 0
1602754610.273473978, 0, 1602754610.2864739895, 0, 1602754610.2864739895, 0
1602754610.3064739704, 0, 1602754610.3194739819, 0, 1602754610.3194739819, 0
1602754610.3594739437, 0, 1602754610.3784739971, 0, 1602754610.3784739971, 0
1602754610.3994739056, 0, 1602754610.412473917, 0, 1602754610.412473917, 0
1602754610.4324738979, 0, 1602754610.4454739094, 0, 1602754610.4454739094, 0
1602754610.4854738712, 0, 1602754610.5044739246, 0, 1602754610.5044739246, 0
1602754610.5254738331, 0, 1602754610.5424740314, 0, 1602754610.5424740314, 0
1602754610.5634739399, 0, 1602754610.5764739513, 0, 1602754610.5764739513, 0
1602754610.6164739132, 0, 1602754610.6354739666, 0, 1602754610.6354739666, 0
1602754610.656473875, 0, 1602754610.670473814, 0, 1602754610.670473814, 0
1602754610.6894738674, 0, 1602754610.7024738789, 0, 1602754610.7024738789, 0
1602754610.7424738407, 0, 1602754610.7624738216, 0, 1602754610.7624738216, 0
1602754610.7824738026, 0, 1602754610.7964739799, 0, 1602754610.7964739799, 0
1602754610.8154740334, 0, 1602754610.8294739723, 0, 1602754610.8294739723, 0
1602754610.8684740067, 0, 1602754610.8884739876, 0, 1602754610.8884739876, 0
