# /hardware/joint_states/header/stamp, /hardware/joint_states/velocity/0, /hardware/pid_state/header/stamp, /hardware/pid_state/error/0, /hardware/pid_state/header/stamp, /hardware/pid_state/output/0
1602757589.0853118896, 0, 1602757589.1903119087, 0, 1602757589.1903119087, 0
1602757589.1173119545, 0, 1602757589.224312067, 0, 1602757589.224312067, 0
1602757589.1703119278, 0, 1602757589.2573120594, 0, 1602757589.2573120594, 0
1602757589.2113120556, 0, 1602757589.3193120956, 0, 1602757589.3193120956, 0
1602757589.2433121204, 0, 1602757589.3533120155, 0, 1602757589.3533120155, 0
1602757589.3003120422, 0, 1602757589.3863120079, 0, 1602757589.3863120079, 0
1602757589.3403120041, 0, 1602757589.4453120232, 0, 1602757589.4453120232, 0
1602757589.3733119965, 0, 1602757589.4793119431, 0, 1602757589.4793119431, 0
1602757589.4263119698, 0, 1602757589.5123119354, 0, 1602757589.5123119354, 0
1602757589.4663119316, 0, 1602757589.5713119507, 0, 1602757589.5713119507, 0
1602757589.499311924, 0, 1602757589.605312109, 0, 1602757589.605312109, 0
1602757589.5523118973, 0, 1602757589.6383121014, 0, 1602757589.6383121014, 0
1602757589.5923120975, 0, 1602757589.6973121166, 0, 1602757589.6973121166, 0
1602757589.6253120899, 0, 1602757589.735311985, 0, 1602757589.735311985, 0
1602757589.6783120632, 0, 1602757589.7703120708, 0, 1602757589.7703120708, 0
1602757589.7183120251, 0, 1602757589.8293120861, 0, 1602757589.8293120861, 0
1602757589.7563118935, 0, 1602757589.863312006, 0, 1602757589.863312006, 0
1602757589.8093121052, 0, 1602757589.8963119984, 0, 1602757589.8963119984, 0
1602757589.8503119946, 0, 1602757589.9553120136, 0, 1602757589.9553120136, 0
1602757589.8823120594, 0, 1602757589.9893119335, 0, 1602757589.9893119335, 0
1602757589.9363119602, 0, 1602757590.0223119259, 0, 1602757590.0223119259, 0
1602757589.9763119221, 0, 1602757590.0813119411, 0, 1602757590.0813119411, 0
1602757590.0083119869, 0, 1602757590.1153120995, 0, 1602757590.1153120995, 0
1602757590.0623118877, 0, 1602757590.1483120918, 0, 1602757590.1483120918, 0
1602757590.102312088, 0, 1602757590.2073121071, 0, 1602757590.2073121071, 0
1602757590.1343119144, 0, 1602757590.241312027, 0, 1602757590.241312027, 0
1602757590.1883120537, 0, 1602757590.2743120193, 0, 1602757590.2743120193, 0
1602757590.2283120155, 0, 1602757590.3333120346, 0, 1602757590.3333120346, 0
1602757590.2603120804, 0, 1602757590.3673119545, 0, 1602757590.3673119545, 0
1602757590.3143119812, 0, 1602757590.4013869762, 0, 1602757590.4013869762, 0
1602757590.3543119431, 0, 1602757590.4603869915, 0, 1602757590.4603869915, 0
1602757590.3883869648, 0, 1602757590.4943871498, 0, 1602757590.4943871498, 0
1602757590.4413871765, 0, 1602757590.5273871422, 0, 1602757590.5273871422, 0
1602757590.4813871384, 0, 1602757590.5863871574, 0, 1602757590.5863871574, 0
1602757590.5143871307, 0, 1602757590.6203870773, 0, 1602757590.6203870773, 0
1602757590.567387104, 0, 1602757590.6533870697, 0, 1602757590.6533870697, 0
1602757590.6073870659, 0, 1602757590.712387085, 0, 1602757590.712387085, 0
1602757590.6403870583, 0, 1602757590.7463870049, 0, 1602757590.7463870049, 0
1602757590.6933870316, 0, 1602757590.7793869972, 0, 1602757590.7793869972, 0
1602757590.7333869934, 0, 1602757590.8383870125, 0, 1602757590.8383870125, 0
1602757590.7663869858, 0, 1602757590.8723871708, 0, 1602757590.8723871708, 0
1602757590.8193869591, 0, 1602757590.9053871632, 0, 1602757590.9053871632, 0
1602757590.8593871593, 0, 1602757590.9643871784, 0, 1602757590.9643871784, 0
1602757590.8923871517, 0, 1602757590.9983870983, 0, 1602757590.9983870983, 0
1602757590.945387125, 0, 1602757591.0313870907, 0, 1602757591.0313870907, 0
1602757590.9853870869, 0, 1602757591.0903871059, 0, 1602757591.0903871059, 0
1602757591.0183870792, 0, 1602757591.1253871918, 0, 1602757591.1253871918, 0
1602757591.0713870525, 0, 1602757591.1573870182, 0, 1602757591.1573870182, 0
1602757591.1113870144, 0, 1602757591.2163870335, 0, 1602757591.2163870335, 0
1602757591.1443870068, 0, 1602757591.2513871193, 0, 1602757591.2513871193, 0
1602757591.1973869801, 0, 1602757591.2833871841, 0, 1602757591.2833871841, 0
1602757591.2373871803, 0, 1602757591.342386961, 0, 1602757591.342386961, 0
1602757591.2703871727, 0, 1602757591.3773870468, 0, 1602757591.3773870468, 0
1602757591.323387146, 0, 1602757591.4093871117, 0, 1602757591.4093871117, 0
1602757591.3633871078, 0, 1602757591.4683871269, 0, 1602757591.4683871269, 0
1602757591.3963871002, 0, 1602757591.5033869743, 0, 1602757591.5033869743, 0
1602757591.4493870735, 0, 1602757591.5353870392, 0, 1602757591.5353870392, 0
1602757591.4893870354, 0, 1602757591.5943870544, 0, 1602757591.5943870544, 0
1602757591.5223870277, 0, 1602757591.6293871403, 0, 1602757591.6293871403, 0
1602757591.575387001, 0, 1602757591.6613869667, 0, 1602757591.6613869667, 0
1602757591.6153869629, 0, 1602757591.720386982, 0, 1602757591.720386982, 0
1602757591.6483871937, 0, 1602757591.7583870888, 0, 1602757591.7583870888, 0
1602757591.701387167, 0, 1602757591.7933871746, 0, 1602757591.7933871746, 0
1602757591.7413871288, 0, 1602757591.8523871899, 0, 1602757591.8523871899, 0
1602757591.7793869972, 0, 1602757591.8863871098, 0, 1602757591.8863871098, 0
1602757591.8333871365, 0, 1602757591.9193871021, 0, 1602757591.9193871021, 0
1602757591.8733870983, 0, 1602757591.9783871174, 0, 1602757591.9783871174, 0
1602757591.9053871632, 0, 1602757592.0123870373, 0, 1602757592.0123870373, 0
1602757591.959387064, 0, 1602757592.0453870296, 0, 1602757592.0453870296, 0
1602757591.9993870258, 0, 1602757592.1043870449, 0, 1602757592.1043870449, 0
1602757592.0313870907, 0, 1602757592.1383869648, 0, 1602757592.1383869648, 0
1602757592.0853869915, 0, 1602757592.1713869572, 0, 1602757592.1713869572, 0
1602757592.1253871918, 0, 1602757592.2303869724, 0, 1602757592.2303869724, 0
1602757592.1573870182, 0, 1602757592.2643871307, 0, 1602757592.2643871307, 0
1602757592.2113871574, 0, 1602757592.2973871231, 0, 1602757592.2973871231, 0
1602757592.2513871193, 0, 1602757592.3563871384, 0, 1602757592.3563871384, 0
1602757592.2843871117, 0, 1602757592.3903870583, 0, 1602757592.3903870583, 0
1602757592.337387085, 0, 1602757592.4233870506, 0, 1602757592.4233870506, 0
1602757592.3773870468, 0, 1602757592.4823870659, 0, 1602757592.4823870659, 0
1602757592.4103870392, 0, 1602757592.5163869858, 0, 1602757592.5163869858, 0
1602757592.4633870125, 0, 1602757592.5493869781, 0, 1602757592.5493869781, 0
1602757592.5033869743, 0, 1602757592.6083869934, 0, 1602757592.6083869934, 0
1602757592.5363869667, 0, 1602757592.6423871517, 0, 1602757592.6423871517, 0
1602757592.5893871784, 0, 1602757592.6753871441, 0, 1602757592.6753871441, 0
1602757592.6293871403, 0, 1602757592.7343871593, 0, 1602757592.7343871593, 0
1602757592.6623871326, 0, 1602757592.7683870792, 0, 1602757592.7683870792, 0
1602757592.7153871059, 0, 1602757592.8013870716, 0, 1602757592.8013870716, 0
1602757592.7553870678, 0, 1602757592.8603870869, 0, 1602757592.8603870869, 0
1602757592.7883870602, 0, 1602757592.8943870068, 0, 1602757592.8943870068, 0
1602757592.8413870335, 0, 1602757592.9274799824, 0, 1602757592.9274799824, 0
1602757592.8813869953, 0, 1602757592.9864799976, 0, 1602757592.9864799976, 0
1602757592.9144799709, 0, 1602757593.0214800835, 0, 1602757593.0214800835, 0
1602757592.9674799442, 0, 1602757593.0534799099, 0, 1602757593.0534799099, 0
1602757593.0074799061, 0, 1602757593.1124799252, 0, 1602757593.1124799252, 0
1602757593.0404798985, 0, 1602757593.147480011, 0, 1602757593.147480011, 0
1602757593.0934801102, 0, 1602757593.1794800758, 0, 1602757593.1794800758, 0
1602757593.133480072, 0, 1602757593.2384800911, 0, 1602757593.2384800911, 0
1602757593.1664800644, 0, 1602757593.2734799385, 0, 1602757593.2734799385, 0
1602757593.2194800377, 0, 1602757593.3054800034, 0, 1602757593.3054800034, 0
1602757593.2594799995, 0, 1602757593.3644800186, 0, 1602757593.3644800186, 0
1602757593.2924799919, 0, 1602757593.3994801044, 0, 1602757593.3994801044, 0
1602757593.3454799652, 0, 1602757593.4314799309, 0, 1602757593.4314799309, 0
1602757593.3854799271, 0, 1602757593.4904799461, 0, 1602757593.4904799461, 0
1602757593.4184799194, 0, 1602757593.525480032, 0, 1602757593.525480032, 0
1602757593.4714798927, 0, 1602757593.5574800968, 0, 1602757593.5574800968, 0
1602757593.511480093, 0, 1602757593.6164801121, 0, 1602757593.6164801121, 0
1602757593.5444800854, 0, 1602757593.6514799595, 0, 1602757593.6514799595, 0
1602757593.5974800587, 0, 1602757593.6834800243, 0, 1602757593.6834800243, 0
1602757593.6374800205, 0, 1602757593.7424800396, 0, 1602757593.7424800396, 0
1602757593.6704800129, 0, 1602757593.7814800739, 0, 1602757593.7814800739, 0
1602757593.7234799862, 0, 1602757593.8154799938, 0, 1602757593.8154799938, 0
1602757593.763479948, 0, 1602757593.8744800091, 0, 1602757593.8744800091, 0
1602757593.8024799824, 0, 1602757593.908479929, 0, 1602757593.908479929, 0
1602757593.8554799557, 0, 1602757593.9414799213, 0, 1602757593.9414799213, 0
1602757593.8954799175, 0, 1602757594.0004799366, 0, 1602757594.0004799366, 0
1602757593.9284799099, 0, 1602757594.0344800949, 0, 1602757594.0344800949, 0
1602757593.9814801216, 0, 1602757594.0674800873, 0, 1602757594.0674800873, 0
1602757594.0214800835, 0, 1602757594.1264801025, 0, 1602757594.1264801025, 0
1602757594.0544800758, 0, 1602757594.1604800224, 0, 1602757594.1604800224, 0
1602757594.1074800491, 0, 1602757594.1934800148, 0, 1602757594.1934800148, 0
1602757594.147480011, 0, 1602757594.2524800301, 0, 1602757594.2524800301, 0
1602757594.1804800034, 0, 1602757594.28647995, 0, 1602757594.28647995, 0
1602757594.2334799767, 0, 1602757594.3214800358, 0, 1602757594.3214800358, 0
1602757594.2734799385, 0, 1602757594.3814799786, 0, 1602757594.3814799786, 0
1602757594.3064799309, 0, 1602757594.4164800644, 0, 1602757594.4164800644, 0
1602757594.3624799252, 0, 1602757594.4484798908, 0, 1602757594.4484798908, 0
1602757594.4024801254, 0, 1602757594.5074799061, 0, 1602757594.5074799061, 0
1602757594.4354801178, 0, 1602757594.5424799919, 0, 1602757594.5424799919, 0
1602757594.4884800911, 0, 1602757594.5744800568, 0, 1602757594.5744800568, 0
1602757594.5284800529, 0, 1602757594.6344799995, 5, 1602757594.6344799995, 20
1602757594.5614800453, 0, 1602757594.6674799919, 5, 1602757594.6674799919, 20
1602757594.6144800186, 0, 1602757594.7004799843, 5, 1602757594.7004799843, 35
1602757594.6544799805, 0, 1602757594.758480072, 4.7486724853515625, 1602757594.758480072, 35
1602757594.6874799728, 0, 1602757594.7924799919, 3.9819743633270263672, 1602757594.7924799919, 45.927898406982421875
1602757594.7394800186, 0.25132742524147033691, 1602757594.8254799843, 3.4583756923675537109, 1602757594.8254799843, 45.927898406982421875
1602757594.7794799805, 0.62532651424407958984, 1602757594.883480072, 2.3483462333679199219, 1602757594.883480072, 45.927898406982421875
1602757594.8124799728, 1.5416244268417358398, 1602757594.9174799919, 1.0206493139266967773, 1602757594.9174799919, 48.646514892578125
1602757594.8644800186, 2.6516537666320800781, 1602757594.9504799843, 0.39233076572418212891, 1602757594.9504799843, 48.646514892578125
1602757594.9044799805, 3.3248522281646728516, 1602757595.008480072, -0.94808208942413330078, 1602757595.008480072, 48.646514892578125
1602757594.9374799728, 4.6076693534851074219, 1602757595.0424799919, -1.7895801067352294922, 1602757595.0424799919, 41.38384246826171875
1602757594.9894800186, 5.94808197021484375, 1602757595.0754799843, -1.999019622802734375, 1602757595.0754799843, 41.38384246826171875
1602757595.0294799805, 6.396881103515625, 1602757595.133480072, -2.2922348976135253906, 1602757595.133480072, 41.38384246826171875
1602757595.0624799728, 6.999019622802734375, 1602757595.1674799919, -2.2922348976135253906, 1602757595.1674799919, 33.611782073974609375
1602757595.1144800186, 7.2922348976135253906, 1602757595.2004799843, -2.2922348976135253906, 1602757595.2004799843, 33.611782073974609375
1602757595.1544799805, 7.2922348976135253906, 1602757595.258480072, -1.9152438640594482422, 1602757595.258480072, 33.611782073974609375
1602757595.1874799728, 7.2922348976135253906, 1602757595.2924799919, -1.4944947957992553711, 1602757595.2924799919, 29.1406402587890625
1602757595.2394800186, 6.9152436256408691406, 1602757595.3254799843, -1.2850552797317504883, 1602757595.3254799843, 29.1406402587890625
1602757595.2794799805, 6.6908445358276367188, 1602757595.383480072, -0.90806418657302856445, 1602757595.383480072, 29.1406402587890625
1602757595.3124799728, 6.2850551605224609375, 1602757595.4174799919, -0.68366467952728271484, 1602757595.4174799919, 28.096826553344726563
1602757595.3644800186, 5.9080643653869628906, 1602757595.451472044, -0.41724532842636108398, 1602757595.451472044, 28.096826553344726563
1602757595.4044799805, 5.6836647987365722656, 1602757595.5104720592, -0.20780582726001739502, 1602757595.5104720592, 28.096826553344726563
1602757595.4384720325, 5.52196502685546875, 1602757595.5444719791, 0.061518881469964981079, 1602757595.5444719791, 28.4100341796875
1602757595.4914720058, 5.207805633544921875, 1602757595.576472044, 0.1269687265157699585, 1602757595.576472044, 28.4100341796875
1602757595.5314719677, 5.0926141738891601563, 1602757595.6354720592, 0.17763957381248474121, 1602757595.6354720592, 28.4100341796875
1602757595.5634720325, 4.9384813308715820313, 1602757595.6694719791, 0.29988229274749755859, 1602757595.6694719791, 29.468622207641601563
1602757595.6164720058, 4.8223605155944824219, 1602757595.701472044, 0.22508245706558227539, 1602757595.701472044, 29.468622207641601563
1602757595.6564719677, 4.75850677490234375, 1602757595.7604720592, 0.29900228977203369141, 1602757595.7604720592, 29.468622207641601563
1602757595.6884720325, 4.7749176025390625, 1602757595.7984721661, 0.2690823674201965332, 1602757595.7984721661, 30.303457260131835938
1602757595.7414720058, 4.7009978294372558594, 1602757595.832472086, 0.23592944443225860596, 1602757595.832472086, 30.303457260131835938
1602757595.7814719677, 4.7309174537658691406, 1602757595.8904721737, 0.23592944443225860596, 1602757595.8904721737, 30.303457260131835938
1602757595.8194720745, 4.7006039619445800781, 1602757595.9244720936, 0.17376497387886047363, 1602757595.9244720936, 30.984849929809570313
1602757595.8714721203, 4.7640705108642578125, 1602757595.9564721584, 0.094431824982166290283, 1602757595.9564721584, 30.984849929809570313
1602757595.9114720821, 4.7623815536499023438, 1602757596.0154721737, 0.094431824982166290283, 1602757596.0154721737, 30.984849929809570313
1602757595.943472147, 4.8262348175048828125, 1602757596.0494720936, 0.067932613193988800049, 1602757596.0494720936, 30.757162094116210938
1602757595.9964721203, 4.9055681228637695313, 1602757596.0814721584, 0.097852542996406555176, 1602757596.0814721584, 30.757162094116210938
1602757596.0364720821, 4.9975171089172363281, 1602757596.1404721737, 0.015179054811596870422, 1602757596.1404721737, 30.757162094116210938
1602757596.068472147, 4.9320673942565917969, 1602757596.1744720936, 0.012083127163350582123, 1602757596.1744720936, 30.803010940551757813
1602757596.1214721203, 4.9848208427429199219, 1602757596.2064721584, 0.064443007111549377441, 1602757596.2064721584, 30.803010940551757813
1602757596.1614720821, 4.9879169464111328125, 1602757596.2654721737, 0.064443007111549377441, 1602757596.2654721737, 30.803010940551757813
1602757596.193472147, 4.9879169464111328125, 1602757596.2994720936, 0.14266355335712432861, 1602757596.2994720936, 31.099782943725585938
1602757596.2464721203, 4.9355568885803222656, 1602757596.3314721584, 0.23461261391639709473, 1602757596.3314721584, 31.099782943725585938
1602757596.2864720821, 4.9227862358093261719, 1602757596.3904721737, 0.16916276514530181885, 1602757596.3904721737, 31.099782943725585938
1602757596.318472147, 4.8573365211486816406, 1602757596.4244720936, 0.077213704586029052734, 1602757596.4244720936, 31.331424713134765625
1602757596.3714721203, 4.830837249755859375, 1602757596.4564721584, 0.064443007111549377441, 1602757596.4564721584, 31.331424713134765625
1602757596.4114720821, 4.9227862358093261719, 1602757596.5154721737, 0.064443007111549377441, 1602757596.5154721737, 31.331424713134765625
1602757596.443472147, 4.9227862358093261719, 1602757596.5494720936, 0.037943799048662185669, 1602757596.5494720936, 31.144186019897460938
1602757596.4964721203, 4.9355568885803222656, 1602757596.5814721584, 0.12989285588264465332, 1602757596.5814721584, 31.144186019897460938
1602757596.5364720821, 5.0275058746337890625, 1602757596.6404721737, 0.064443007111549377441, 1602757596.6404721737, 31.144186019897460938
1602757596.568472147, 4.9620561599731445313, 1602757596.6744720936, -0.027506047859787940979, 1602757596.6744720936, 31.06166839599609375
1602757596.6214721203, 4.9355568885803222656, 1602757596.7064721584, -0.040276750922203063965, 1602757596.7064721584, 31.06166839599609375
1602757596.6614720821, 5.0275058746337890625, 1602757596.7654721737, -0.040276750922203063965, 1602757596.7654721737, 31.06166839599609375
1602757596.693472147, 5.0275058746337890625, 1602757596.7994720936, -0.027506047859787940979, 1602757596.7994720936, 30.979150772094726563
1602757596.7464721203, 5.0402765274047851563, 1602757596.8314721584, 0.064443007111549377441, 1602757596.8314721584, 30.979150772094726563
1602757596.7864720821, 5.0275058746337890625, 1602757596.8904721737, -0.0010068420087918639183, 1602757596.8904721737, 30.979150772094726563
1602757596.818472147, 5.0275058746337890625, 1602757596.9244720936, -0.092955894768238067627, 1602757596.9244720936, 30.634832382202148438
1602757596.8714721203, 5.001007080078125, 1602757596.9564721584, -0.10572659969329833984, 1602757596.9564721584, 30.634832382202148438
1602757596.9114720821, 5.0929560661315917969, 1602757597.0154721737, -0.10572659969329833984, 1602757597.0154721737, 30.634832382202148438
1602757596.943472147, 5.0929560661315917969, 1602757597.0494720936, -0.092955894768238067627, 1602757597.0494720936, 30.35596466064453125
1602757596.9964721203, 5.1057267189025878906, 1602757597.0814721584, -0.0010068420087918639183, 1602757597.0814721584, 30.35596466064453125
1602757597.0364720821, 5.0929560661315917969, 1602757597.1404721737, -0.0010068420087918639183, 1602757597.1404721737, 30.35596466064453125
1602757597.068472147, 5.0929560661315917969, 1602757597.1744720936, -0.092955894768238067627, 1602757597.1744720936, 30.077096939086914063
1602757597.1214721203, 5.001007080078125, 1602757597.2064721584, -0.10572659969329833984, 1602757597.2064721584, 30.077096939086914063
1602757597.1614720821, 5.0929560661315917969, 1602757597.2654721737, -0.10572659969329833984, 1602757597.2654721737, 30.077096939086914063
1602757597.193472147, 5.0929560661315917969, 1602757597.2994720936, -0.027506047859787940979, 1602757597.2994720936, 29.798229217529296875
1602757597.2464721203, 5.1057267189025878906, 1602757597.3314721584, 0.064443007111549377441, 1602757597.3314721584, 29.798229217529296875
1602757597.2864720821, 5.0929560661315917969, 1602757597.3904721737, 0.064443007111549377441, 1602757597.3904721737, 29.798229217529296875
1602757597.318472147, 5.0275058746337890625, 1602757597.4244720936, 0.023576758801937103271, 1602757597.4244720936, 29.985492706298828125
1602757597.3714721203, 4.9355568885803222656, 1602757597.4564721584, 0.11552581191062927246, 1602757597.4564721584, 29.985492706298828125
1602757597.4114720821, 4.9764232635498046875, 1602757597.5154721737, 0.098635531961917877197, 1602757597.5154721737, 29.985492706298828125
1602757597.443472147, 4.9764232635498046875, 1602757597.5494720936, 0.24182218313217163086, 1602757597.5494720936, 30.611871719360351563
1602757597.4964721203, 4.9013643264770507813, 1602757597.5814721584, 0.22905148565769195557, 1602757597.5814721584, 30.611871719360351563
1602757597.5364720821, 4.8375110626220703125, 1602757597.6404721737, 0.1467113494873046875, 1602757597.6404721737, 30.611871719360351563
1602757597.568472147, 4.7581777572631835938, 1602757597.6744720936, 0.12171173840761184692, 1602757597.6744720936, 30.872762680053710938
1602757597.6214721203, 4.8532886505126953125, 1602757597.7064721584, 0.057858228683471679688, 1602757597.7064721584, 30.872762680053710938
1602757597.6614720821, 4.8941550254821777344, 1602757597.7654721737, 0.1085290759801864624, 1602757597.7654721737, 30.872762680053710938
1602757597.693472147, 4.87828826904296875, 1602757597.8034720421, -4.9834198951721191406, 1602757597.8034720421, 0
1602757597.7464721203, 4.8914709091186523438, 1602757597.837471962, -4.7113804817199707031, 1602757597.837471962, 0
1602757597.7864720821, 4.9834198951721191406, 1602757597.8964719772, -4.2671146392822265625, 1602757597.8964719772, 0
1602757597.8244721889, 4.9506630897521972656, 1602757597.9304721355, -3.7435159683227539063, 1602757597.9304721355, 0
1602757597.8774721622, 4.2671146392822265625, 1602757597.9647529125, -2.7432816028594970703, 1602757597.9647529125, 0
1602757597.9174721241, 3.7435159683227539063, 1602757598.0237529278, -2.2355494499206542969, 1602757598.0237529278, 0
1602757597.9517529011, 3.2030270099639892578, 1602757598.0587530136, -1.2390228509902954102, 1602757598.0587530136, 0
1602757598.0047528744, 2.2355494499206542969, 1602757598.09075284, -0.72819477319717407227, 1602757598.09075284, 0
1602757598.0447528362, 1.7119507789611816406, 1602757598.1497528553, 0, 1602757598.1497528553, 0
1602757598.0777528286, 0.72819477319717407227, 1602757598.1847529411, 0, 1602757598.1847529411, 0
1602757598.1307530403, 0, 1602757598.216753006, 0, 1602757598.216753006, 0
1602757598.1707530022, 0, 1602757598.2757530212, 0, 1602757598.2757530212, 0
1602757598.2037529945, 0, 1602757598.3107528687, 0, 1602757598.3107528687, 0
1602757598.2567529678, 0, 1602757598.3427529335, 0, 1602757598.3427529335, 0
1602757598.2967529297, 0, 1602757598.4017529488, 0, 1602757598.4017529488, 0
1602757598.3297529221, 0, 1602757598.4367530346, 0, 1602757598.4367530346, 0
1602757598.3827528954, 0, 1602757598.468752861, 0, 1602757598.468752861, 0
1602757598.4227528572, 0, 1602757598.5277528763, 0, 1602757598.5277528763, 0
1602757598.4557528496, 0, 1602757598.5627529621, 0, 1602757598.5627529621, 0
1602757598.5087528229, 0, 1602757598.594753027, 0, 1602757598.594753027, 0
1602757598.5487530231, 0, 1602757598.6537530422, 0, 1602757598.6537530422, 0
1602757598.5817530155, 0, 1602757598.6887528896, 0, 1602757598.6887528896, 0
1602757598.6347529888, 0, 1602757598.7207529545, 0, 1602757598.7207529545, 0
1602757598.6747529507, 0, 1602757598.7797529697, 0, 1602757598.7797529697, 0
1602757598.707752943, 0, 1602757598.8147530556, 0, 1602757598.8147530556, 0
1602757598.7607529163, 0, 1602757598.846752882, 0, 1602757598.846752882, 0
1602757598.8007528782, 0, 1602757598.9057528973, 0, 1602757598.9057528973, 0
1602757598.8337528706, 0, 1602757598.9407529831, 0, 1602757598.9407529831, 0
1602757598.8867528439, 0, 1602757598.9727530479, 0, 1602757598.9727530479, 0
1602757598.9267530441, 0, 1602757599.0317528248, 0, 1602757599.0317528248, 0
1602757598.9597530365, 0, 1602757599.0667529106, 0, 1602757599.0667529106, 0
1602757599.0127530098, 0, 1602757599.0987529755, 0, 1602757599.0987529755, 0
1602757599.0527529716, 0, 1602757599.1587529182, 0, 1602757599.1587529182, 0
1602757599.085752964, 0, 1602757599.1927528381, 0, 1602757599.1927528381, 0
1602757599.1387529373, 0, 1602757599.2257528305, 0, 1602757599.2257528305, 0
1602757599.1787528992, 0, 1602757599.2847528458, 0, 1602757599.2847528458, 0
1602757599.2117528915, 0, 1602757599.3207528591, 0, 1602757599.3207528591, 0
1602757599.2647528648, 0, 1602757599.3547530174, 0, 1602757599.3547530174, 0
1602757599.3047528267, 0, 1602757599.4137530327, 0, 1602757599.4137530327, 0
1602757599.341753006, 0, 1602757599.4477529526, 0, 1602757599.4477529526, 0
1602757599.3947529793, 0, 1602757599.4807529449, 0, 1602757599.4807529449, 0
1602757599.4347529411, 0, 1602757599.5397529602, 0, 1602757599.5397529602, 0
1602757599.4677529335, 0, 1602757599.5737528801, 0, 1602757599.5737528801, 0
1602757599.5207529068, 0, 1602757599.6067528725, 0, 1602757599.6067528725, 0
1602757599.5607528687, 0, 1602757599.6657528877, 0, 1602757599.6657528877, 0
1602757599.593752861, 0, 1602757599.699753046, 0, 1602757599.699753046, 0
1602757599.6467528343, 0, 1602757599.7327530384, 0, 1602757599.7327530384, 0
1602757599.6867530346, 0, 1602757599.7917530537, 0, 1602757599.7917530537, 0
1602757599.719753027, 0, 1602757599.8297529221, 0, 1602757599.8297529221, 0
1602757599.7727530003, 0, 1602757599.8647530079, 0, 1602757599.8647530079, 0
1602757599.8127529621, 0, 1602757599.9237530231, 0, 1602757599.9237530231, 0
1602757599.8507528305, 0, 1602757599.957752943, 0, 1602757599.957752943, 0
1602757599.9037530422, 0, 1602757599.9907529354, 0, 1602757599.9907529354, 0
1602757599.9447529316, 0, 1602757600.0497529507, 0, 1602757600.0497529507, 0
1602757599.9767529964, 0, 1602757600.0837528706, 0, 1602757600.0837528706, 0
1602757600.0297529697, 0, 1602757600.1167528629, 0, 1602757600.1167528629, 0
1602757600.0707528591, 0, 1602757600.1757528782, 0, 1602757600.1757528782, 0
1602757600.102752924, 0, 1602757600.2097530365, 0, 1602757600.2097530365, 0
1602757600.1557528973, 0, 1602757600.2427530289, 0, 1602757600.2427530289, 0
1602757600.1967530251, 0, 1602757600.3017530441, 0, 1602757600.3017530441, 0
1602757600.2287528515, 0, 1602757600.335752964, 0, 1602757600.335752964, 0
1602757600.2817528248, 0, 1602757600.3687529564, 0, 1602757600.3687529564, 0
1602757600.3227529526, 0, 1602757600.4277529716, 0, 1602757600.4277529716, 0
1602757600.3547530174, 0, 1602757600.4617528915, 0, 1602757600.4617528915, 0
1602757600.4077529907, 0, 1602757600.4953348637, 0, 1602757600.4953348637, 0
1602757600.4487528801, 0, 1602757600.5543348789, 0, 1602757600.5543348789, 0
1602757600.4823348522, 0, 1602757600.5883350372, 0, 1602757600.5883350372, 0
1602757600.5353350639, 0, 1602757600.6213350296, 0, 1602757600.6213350296, 0
1602757600.5753350258, 0, 1602757600.6803350449, 0, 1602757600.6803350449, 0
1602757600.6083350182, 0, 1602757600.7143349648, 0, 1602757600.7143349648, 0
1602757600.6613349915, 0, 1602757600.7473349571, 0, 1602757600.7473349571, 0
1602757600.7013349533, 0, 1602757600.8063349724, 0, 1602757600.8063349724, 0
1602757600.7343349457, 0, 1602757600.8403348923, 0, 1602757600.8403348923, 0
1602757600.787334919, 0, 1602757600.8733348846, 0, 1602757600.8733348846, 0
1602757600.8273348808, 0, 1602757600.9323348999, 0, 1602757600.9323348999, 0
1602757600.8603348732, 0, 1602757600.9663350582, 0, 1602757600.9663350582, 0
1602757600.9133348465, 0, 1602757600.9993350506, 0, 1602757600.9993350506, 0
1602757600.9533350468, 0, 1602757601.0583350658, 0, 1602757601.0583350658, 0
1602757600.9863350391, 0, 1602757601.0923349857, 0, 1602757601.0923349857, 0
1602757601.0393350124, 0, 1602757601.1253349781, 0, 1602757601.1253349781, 0
1602757601.0793349743, 0, 1602757601.1843349934, 0, 1602757601.1843349934, 0
1602757601.1123349667, 0, 1602757601.2183349133, 0, 1602757601.2183349133, 0
1602757601.16533494, 0, 1602757601.2513349056, 0, 1602757601.2513349056, 0
1602757601.2053349018, 0, 1602757601.3103349209, 0, 1602757601.3103349209, 0
1602757601.2383348942, 0, 1602757601.3443350792, 0, 1602757601.3443350792, 0
1602757601.2913348675, 0, 1602757601.3773350716, 0, 1602757601.3773350716, 0
1602757601.3313350677, 0, 1602757601.4363348484, 0, 1602757601.4363348484, 0
1602757601.3643350601, 0, 1602757601.4703350067, 0, 1602757601.4703350067, 0
1602757601.4173350334, 0, 1602757601.5033349991, 0, 1602757601.5033349991, 0
1602757601.4573349953, 0, , , , 
1602757601.4903349876, 0, , , , 
