# /joint_state/header/stamp, /joint_state/velocity/0, /pid_left_state/header/stamp, /pid_left_state/error, /pid_left_state/header/stamp, /pid_left_state/output
1600699791.3984189034, 0, 1600699791.4174189568, 0, 1600699791.4174189568, 0
1600699791.4294190407, 0, 1600699791.4484188557, 0, 1600699791.4484188557, 0
1600699791.4604189396, 0, 1600699791.479418993, 0, 1600699791.479418993, 0
1600699791.493418932, 0, 1600699791.5124189854, 0, 1600699791.5124189854, 0
1600699791.5246601105, 0, 1600699791.5436601639, 0, 1600699791.5436601639, 0
1600699791.5556600094, 0, 1600699791.5746600628, 0, 1600699791.5746600628, 0
1600699791.5866601467, 0, 1600699791.6056599617, 0, 1600699791.6056599617, 0
1600699791.6176600456, 0, 1600699791.636660099, 0, 1600699791.636660099, 0
1600699791.6486599445, 0, 1600699791.6676599979, 0, 1600699791.6676599979, 0
1600699791.6796600819, 0, 1600699791.6986601353, 0, 1600699791.6986601353, 0
1600699791.7106599808, 0, 1600699791.7296600342, 0, 1600699791.7296600342, 0
1600699791.7416601181, 0, 1600699791.7606599331, 0, 1600699791.7606599331, 0
1600699791.772660017, 0, 1600699791.7916600704, 0, 1600699791.7916600704, 0
1600699791.8036601543, 0, 1600699791.8226599693, 0, 1600699791.8226599693, 0
1600699791.8346600533, 0, 1600699791.8536601067, 0, 1600699791.8536601067, 0
1600699791.8656599522, 0, 1600699791.8846600056, 0, 1600699791.8846600056, 0
1600699791.8966600895, 0, 1600699791.9156601429, 0, 1600699791.9156601429, 0
1600699791.9276599884, 0, 1600699791.9466600418, 0, 1600699791.9466600418, 0
1600699791.9586601257, 0, 1600699791.9776599407, 0, 1600699791.9776599407, 0
1600699791.9896600246, 0, 1600699792.008660078, 0, 1600699792.008660078, 0
1600699792.020660162, 0, 1600699792.039659977, 0, 1600699792.039659977, 0
1600699792.0516600609, 0, 1600699792.0706601143, 0, 1600699792.0706601143, 0
1600699792.0826599598, 0, 1600699792.1016600132, 0, 1600699792.1016600132, 0
1600699792.1136600971, 0, 1600699792.1326601505, 0, 1600699792.1326601505, 0
1600699792.144659996, 0, 1600699792.1636600494, 0, 1600699792.1636600494, 0
1600699792.1756601334, 0, 1600699792.1946599483, 0, 1600699792.1946599483, 0
1600699792.2066600323, 0, 1600699792.2256600857, 0, 1600699792.2256600857, 0
1600699792.2376599312, 0, 1600699792.2566599846, 0, 1600699792.2566599846, 0
1600699792.2686600685, 0, 1600699792.2876601219, 0, 1600699792.2876601219, 0
1600699792.2996599674, 0, 1600699792.3186600208, 0, 1600699792.3186600208, 0
1600699792.3306601048, 0, 1600699792.3506600857, 0, 1600699792.3506600857, 0
1600699792.3616600037, 0, 1600699792.3816599846, 0, 1600699792.3816599846, 0
1600699792.392660141, 0, 1600699792.4126601219, 0, 1600699792.4126601219, 0
1600699792.4236600399, 0, 1600699792.4436600208, 0, 1600699792.4436600208, 0
1600699792.4546599388, 0, 1600699792.4746601582, 0, 1600699792.4746601582, 0
1600699792.4856600761, 0, 1600699792.5056600571, 0, 1600699792.5056600571, 0
1600699792.5166599751, 0, 1600699792.536659956, 0, 1600699792.536659956, 0
1600699792.5486600399, 0, 1600699792.5676600933, 0, 1600699792.5676600933, 0
1600699792.5796599388, 0, 1600699792.5986599922, 0, 1600699792.5986599922, 0
1600699792.6106600761, 0, 1600699792.6296601295, 0, 1600699792.6296601295, 0
1600699792.6416599751, 0, 1600699792.6606600285, 0, 1600699792.6606600285, 0
1600699792.6726601124, 0, 1600699792.6916599274, 0, 1600699792.6916599274, 0
1600699792.7036600113, 0, 1600699792.7226600647, 0, 1600699792.7226600647, 0
1600699792.7346601486, 0, 1600699792.7536599636, 0, 1600699792.7536599636, 0
1600699792.7656600475, 0, 1600699792.7846601009, 0, 1600699792.7846601009, 0
1600699792.7966599464, 0, 1600699792.8156599998, 0, 1600699792.8156599998, 0
1600699792.8276600838, 0, 1600699792.8466601372, 0, 1600699792.8466601372, 0
1600699792.8586599827, 0, 1600699792.8776600361, 0, 1600699792.8776600361, 0
1600699792.88966012, 0, 1600699792.908659935, 0, 1600699792.908659935, 0
1600699792.9206600189, 0, 1600699792.9396600723, 0, 1600699792.9396600723, 0
1600699792.9516601563, 0, 1600699792.9706599712, 0, 1600699792.9706599712, 0
1600699792.9826600552, 0, 1600699793.0016601086, 0, 1600699793.0016601086, 0
1600699793.0136599541, 0, 1600699793.0326600075, 0, 1600699793.0326600075, 0
1600699793.0446600914, 0, 1600699793.0636601448, 0, 1600699793.0636601448, 0
1600699793.0756599903, 0, 1600699793.0946600437, 0, 1600699793.0946600437, 0
1600699793.1066601276, 0, 1600699793.1256599426, 0, 1600699793.1256599426, 0
1600699793.1376600266, 0, 1600699793.15666008, 0, 1600699793.15666008, 0
1600699793.1686601639, 0, 1600699793.1876599789, 0, 1600699793.1876599789, 0
1600699793.1996600628, 0, 1600699793.2186601162, 0, 1600699793.2186601162, 0
1600699793.2306599617, 0, 1600699793.2496600151, 0, 1600699793.2496600151, 0
1600699793.261660099, 0, 1600699793.2806601524, 0, 1600699793.2806601524, 0
1600699793.3256599903, 0, 1600699793.3456599712, 0, 1600699793.3456599712, 0
1600699793.3566601276, 0, 1600699793.3766601086, 0, 1600699793.3766601086, 0
1600699793.3876600266, 0, 1600699793.4076600075, 0, 1600699793.4076600075, 0
1600699793.4196600914, 0, 1600699793.4386601448, 0, 1600699793.4386601448, 0
1600699793.4506599903, 0, 1600699793.4696600437, 0, 1600699793.4696600437, 0
1600699793.4816601276, 0, 1600699793.5006599426, 0, 1600699793.5006599426, 0
1600699793.5126600266, 0, 1600699793.53166008, 0, 1600699793.53166008, 0
1600699793.5436601639, 0, 1600699793.5626599789, 5, 1600699793.5626599789, 47.5
1600699793.5746600628, 0.1351222693920135498, 1600699793.5936601162, 4.8648777008056640625, 1600699793.5936601162, 47.5
1600699793.6056599617, 0.33780565857887268066, 1600699793.6246600151, 4.6621942520141601563, 1600699793.6246600151, 47.5
1600699793.636660099, 0.60805016756057739258, 1600699793.6556601524, 4.3919496536254882813, 1600699793.6556601524, 47.5
1600699793.6676599979, 0.87829470634460449219, 1600699793.6866600513, 4.1217050552368164063, 1600699793.6866600513, 51.656200408935546875
1600699793.6986601353, 1.1485393047332763672, 1600699793.7176599503, 3.8514606952667236328, 1600699793.7176599503, 51.656200408935546875
1600699793.7296600342, 1.4863449335098266602, 1600699793.7486600876, 3.5136551856994628906, 1600699793.7486600876, 51.656200408935546875
1600699793.7606599331, 1.7565894126892089844, 1600699793.7796599865, 3.2434105873107910156, 1600699793.7796599865, 51.656200408935546875
1600699793.7916600704, 2.0943951606750488281, 1600699793.8106601238, 2.9056048393249511719, 1600699793.8106601238, 50.40750885009765625
1600699793.8226599693, 2.3646395206451416016, 1600699793.8416600227, 2.6353604793548583984, 1600699793.8416600227, 50.40750885009765625
1600699793.8536601067, 2.7024452686309814453, 1600699793.8726601601, 2.2975547313690185547, 1600699793.8726601601, 50.40750885009765625
1600699793.8846600056, 2.8375675678253173828, 1600699793.903660059, 2.1624324321746826172, 1600699793.903660059, 50.40750885009765625
1600699793.9156601429, 2.9051287174224853516, 1600699793.9346599579, 2.0948712825775146484, 1600699793.9346599579, 49.96955108642578125
1600699793.9466600418, 2.9726898670196533203, 1600699793.9656600952, 2.0273101329803466797, 1600699793.9656600952, 49.96955108642578125
1600699793.9776599407, 2.9726898670196533203, 1600699793.9966599941, 2.0273101329803466797, 1600699793.9966599941, 49.96955108642578125
1600699794.0096600056, 3.0296945571899414063, 1600699794.0296599865, 1.9703054428100585938, 1600699794.0296599865, 49.96955108642578125
1600699794.0405220985, 2.9621334075927734375, 1600699794.0595221519, 2.0378665924072265625, 1600699794.0595221519, 54.665187835693359375
1600699794.0715219975, 2.9621334075927734375, 1600699794.0905220509, 2.0378665924072265625, 1600699794.0905220509, 54.665187835693359375
1600699794.1025221348, 2.9621334075927734375, 1600699794.1215219498, 2.0378665924072265625, 1600699794.1215219498, 54.665187835693359375
1600699794.1335220337, 3.0296945571899414063, 1600699794.1525220871, 1.9703054428100585938, 1600699794.1525220871, 54.665187835693359375
1600699794.1645219326, 3.0296945571899414063, 1600699794.183521986, 1.9703054428100585938, 1600699794.183521986, 59.118022918701171875
1600699794.1955220699, 3.097255706787109375, 1600699794.2145221233, 1.902744293212890625, 1600699794.2145221233, 59.118022918701171875
1600699794.2265219688, 3.1648168563842773438, 1600699794.2455220222, 1.835183262825012207, 1600699794.2455220222, 59.118022918701171875
1600699794.2575221062, 3.1648168563842773438, 1600699794.2765219212, 1.835183262825012207, 1600699794.2765219212, 59.118022918701171875
1600699794.2885220051, 3.2872712612152099609, 1600699794.3075220585, 1.7127286195755004883, 1600699794.3075220585, 61.596805572509765625
1600699794.3195221424, 3.2978277206420898438, 1600699794.3385219574, 1.7021722793579101563, 1600699794.3385219574, 61.596805572509765625
1600699794.3505220413, 3.3653888702392578125, 1600699794.3695220947, 1.6346111297607421875, 1600699794.3695220947, 61.596805572509765625
1600699794.3815219402, 3.50051116943359375, 1600699794.4005219936, 1.49948883056640625, 1600699794.4005219936, 61.596805572509765625
1600699794.4125220776, 3.50051116943359375, 1600699794.431522131, 1.49948883056640625, 1600699794.431522131, 63.852848052978515625
1600699794.4435219765, 3.5680723190307617188, 1600699794.4625220299, 1.4319276809692382813, 1600699794.4625220299, 63.852848052978515625
1600699794.4745221138, 3.6356334686279296875, 1600699794.4935219288, 1.3643665313720703125, 1600699794.4935219288, 63.852848052978515625
1600699794.5055220127, 3.6356334686279296875, 1600699794.5245220661, 1.3643665313720703125, 1600699794.5245220661, 63.852848052978515625
1600699794.53652215, 3.7031946182250976563, 1600699794.555521965, 1.2968053817749023438, 1600699794.555521965, 65.67607879638671875
1600699794.567522049, 3.770755767822265625, 1600699794.5865221024, 1.2292443513870239258, 1600699794.5865221024, 65.67607879638671875
1600699794.5985219479, 3.7834234237670898438, 1600699794.6175220013, 1.2165765762329101563, 1600699794.6175220013, 65.67607879638671875
1600699794.6295220852, 3.8509845733642578125, 1600699794.6485221386, 1.1490154266357421875, 1600699794.6485221386, 65.67607879638671875
1600699794.6605219841, 3.9185457229614257813, 1600699794.6795220375, 1.0814542770385742188, 1600699794.6795220375, 66.87226104736328125
1600699794.6915221214, 3.9185457229614257813, 1600699794.7105219364, 1.0814542770385742188, 1600699794.7105219364, 66.87226104736328125
1600699794.7225220203, 3.98610687255859375, 1600699794.7415220737, 1.0138932466506958008, 1600699794.7415220737, 66.87226104736328125
1600699794.7535219193, 3.98610687255859375, 1600699794.7725219727, 1.0138932466506958008, 1600699794.7725219727, 66.87226104736328125
1600699794.7845220566, 3.98610687255859375, 1600699794.80352211, 1.0138932466506958008, 1600699794.80352211, 68.93405914306640625
1600699794.8155219555, 4.0536680221557617188, 1600699794.8345220089, 0.94633203744888305664, 1600699794.8345220089, 68.93405914306640625
1600699794.8465220928, 4.0536680221557617188, 1600699794.8655221462, 0.94633203744888305664, 1600699794.8655221462, 68.93405914306640625
1600699794.8775219917, 4.0536680221557617188, 1600699794.8965220451, 0.94633203744888305664, 1600699794.8965220451, 68.93405914306640625
1600699794.9085221291, 4.1212291717529296875, 1600699794.927521944, 0.87877094745635986328, 1600699794.927521944, 70.1851348876953125
1600699794.939522028, 4.1212291717529296875, 1600699794.9585220814, 0.87877094745635986328, 1600699794.9585220814, 70.1851348876953125
1600699794.9705219269, 4.1212291717529296875, 1600699794.9895219803, 0.87877094745635986328, 1600699794.9895219803, 70.1851348876953125
1600699795.0015220642, 4.1887903213500976563, 1600699795.0205221176, 0.81120979785919189453, 1600699795.0205221176, 70.1851348876953125
1600699795.0325219631, 4.1887903213500976563, 1600699795.0515220165, 0.81120979785919189453, 1600699795.0515220165, 71.74022674560546875
1600699795.0635221004, 4.256351470947265625, 1600699795.0835220814, 0.74364864826202392578, 1600699795.0835220814, 71.74022674560546875
1600699795.0945219994, 4.256351470947265625, 1600699795.1145219803, 0.74364864826202392578, 1600699795.1145219803, 71.74022674560546875
1600699795.1255221367, 4.3239126205444335938, 1600699795.1455221176, 0.67608755826950073242, 1600699795.1455221176, 71.74022674560546875
1600699795.1575219631, 4.3239126205444335938, 1600699795.1765220165, 0.67608755826950073242, 1600699795.1765220165, 72.48459625244140625
1600699795.1875219345, 4.3914737701416015625, 1600699795.2075219154, 0.60852640867233276367, 1600699795.2075219154, 72.48459625244140625
1600699795.2195219994, 4.3914737701416015625, 1600699795.2385220528, 0.60852640867233276367, 1600699795.2385220528, 72.48459625244140625
1600699795.2505221367, 4.3914737701416015625, 1600699795.2695219517, 0.60852640867233276367, 1600699795.2695219517, 72.48459625244140625
1600699795.2815220356, 4.4590349197387695313, 1600699795.300522089, 0.54096525907516479492, 1600699795.300522089, 72.89115142822265625
1600699795.3125219345, 4.3914737701416015625, 1600699795.3315219879, 0.60852640867233276367, 1600699795.3315219879, 72.89115142822265625
1600699795.3765220642, 4.4372072219848632813, 1600699795.3955221176, 0.56279271841049194336, 1600699795.3955221176, 72.89115142822265625
1600699795.4075219631, 4.4372072219848632813, 1600699795.4265220165, 0.56279271841049194336, 1600699795.4265220165, 74.450927734375
1600699795.4385221004, 4.4372072219848632813, 1600699795.4575219154, 0.56279271841049194336, 1600699795.4575219154, 74.450927734375
1600699795.4695219994, 4.3696460723876953125, 1600699795.4885220528, 0.63035386800765991211, 1600699795.4885220528, 74.450927734375
1600699795.5005221367, 4.4372072219848632813, 1600699795.5195219517, 0.56279271841049194336, 1600699795.5195219517, 74.450927734375
1600699795.5315220356, 4.4372072219848632813, 1600699795.550522089, 0.56279271841049194336, 1600699795.550522089, 75.85790252685546875
1600699795.5625219345, 4.4372072219848632813, 1600699795.5815219879, 0.56279271841049194336, 1600699795.5815219879, 75.85790252685546875
1600699795.5935220718, 4.50476837158203125, 1600699795.6125221252, 0.49523156881332397461, 1600699795.6125221252, 75.85790252685546875
1600699795.6245219707, 4.50476837158203125, 1600699795.6435220242, 0.49523156881332397461, 1600699795.6435220242, 75.85790252685546875
1600699795.6555221081, 4.50476837158203125, 1600699795.6745219231, 0.49523156881332397461, 1600699795.6745219231, 76.62305450439453125
1600699795.686522007, 4.4590349197387695313, 1600699795.7055220604, 0.54096525907516479492, 1600699795.7055220604, 76.62305450439453125
1600699795.7175221443, 4.4590349197387695313, 1600699795.7365219593, 0.54096525907516479492, 1600699795.7365219593, 76.62305450439453125
1600699795.7485220432, 4.5265960693359375, 1600699795.7675220966, 0.47340413928031921387, 1600699795.7675220966, 76.62305450439453125
1600699795.7795219421, 4.5941572189331054688, 1600699795.7985219955, 0.40584298968315124512, 1600699795.7985219955, 77.0119476318359375
1600699795.8105220795, 4.5941572189331054688, 1600699795.8295221329, 0.40584298968315124512, 1600699795.8295221329, 77.0119476318359375
1600699795.8415219784, 4.5941572189331054688, 1600699795.8605220318, 0.40584298968315124512, 1600699795.8605220318, 77.0119476318359375
1600699795.8725221157, 4.5941572189331054688, 1600699795.8915219307, 0.40584298968315124512, 1600699795.8915219307, 77.0119476318359375
1600699795.9035220146, 4.5941572189331054688, 1600699795.922522068, 0.40584298968315124512, 1600699795.922522068, 78.02655029296875
1600699795.9345221519, 4.5941572189331054688, 1600699795.9545221329, 0.40584298968315124512, 1600699795.9545221329, 78.02655029296875
1600699795.9655220509, 4.6617183685302734375, 1600699795.9855220318, 0.33828186988830566406, 1600699795.9855220318, 78.02655029296875
1600699795.9965219498, 4.7292790412902832031, 1600699796.0165219307, 0.27072075009346008301, 1600699796.0165219307, 78.02655029296875
1600699796.0285220146, 4.7968401908874511719, 1600699796.047522068, 0.20315960049629211426, 1600699796.047522068, 77.11566925048828125
1600699796.058521986, 4.7968401908874511719, 1600699796.0785219669, 0.20315960049629211426, 1600699796.0785219669, 77.11566925048828125
1600699796.0895221233, 4.7968401908874511719, 1600699796.1095221043, 0.20315960049629211426, 1600699796.1095221043, 77.11566925048828125
1600699796.1245219707, 4.802631378173828125, 1600699796.1435220242, 0.1973686516284942627, 1600699796.1435220242, 77.11566925048828125
1600699796.1555221081, 4.802631378173828125, 1600699796.1745219231, 0.1973686516284942627, 1600699796.1745219231, 77.56855010986328125
1600699796.186522007, 4.802631378173828125, 1600699796.2055220604, 0.1973686516284942627, 1600699796.2055220604, 77.56855010986328125
1600699796.2175221443, 4.802631378173828125, 1600699796.2365219593, 0.1973686516284942627, 1600699796.2365219593, 77.56855010986328125
1600699796.2485220432, 4.802631378173828125, 1600699796.2675220966, 0.1973686516284942627, 1600699796.2675220966, 77.56855010986328125
1600699796.2795219421, 4.802631378173828125, 1600699796.2985219955, 0.1973686516284942627, 1600699796.2985219955, 78.06197357177734375
1600699796.3105220795, 4.802631378173828125, 1600699796.3295221329, 0.1973686516284942627, 1600699796.3295221329, 78.06197357177734375
1600699796.3415219784, 4.7350702285766601563, 1600699796.3605220318, 0.26492977142333984375, 1600699796.3605220318, 78.06197357177734375
1600699796.3725221157, 4.802631378173828125, 1600699796.3915219307, 0.1973686516284942627, 1600699796.3915219307, 78.06197357177734375
1600699796.4035220146, 4.802631378173828125, 1600699796.422522068, 0.1973686516284942627, 1600699796.422522068, 78.55539703369140625
1600699796.4345221519, 4.7968401908874511719, 1600699796.4535219669, 0.20315960049629211426, 1600699796.4535219669, 78.55539703369140625
1600699796.4655220509, 4.7968401908874511719, 1600699796.4845221043, 0.20315960049629211426, 1600699796.4845221043, 78.55539703369140625
1600699796.4965219498, 4.8644013404846191406, 1600699796.5155220032, 0.13559846580028533936, 1600699796.5155220032, 78.55539703369140625
1600699796.5295219421, 4.8357391357421875, 1600699796.5485219955, 0.16426077485084533691, 1600699796.5485219955, 78.73429107666015625
1600699796.5605220795, 4.9033002853393554688, 1600699796.5795221329, 0.096699640154838562012, 1600699796.5795221329, 78.73429107666015625
1600699796.590649128, 4.9033002853393554688, 1600699796.6096491814, 0.096699640154838562012, 1600699796.6096491814, 78.73429107666015625
1600699796.6216490269, 4.9033002853393554688, 1600699796.6406490803, 0.096699640154838562012, 1600699796.6406490803, 78.73429107666015625
1600699796.6526491642, 4.9033002853393554688, 1600699796.6716489792, 0.096699640154838562012, 1600699796.6716489792, 78.50311279296875
1600699796.6836490631, 4.9033002853393554688, 1600699796.7026491165, 0.096699640154838562012, 1600699796.7026491165, 78.50311279296875
1600699796.7146492004, 4.9033002853393554688, 1600699796.7336490154, 0.096699640154838562012, 1600699796.7336490154, 78.50311279296875
1600699796.7456490993, 4.9033002853393554688, 1600699796.7646491528, 0.096699640154838562012, 1600699796.7646491528, 78.50311279296875
1600699796.7766489983, 4.9033002853393554688, 1600699796.7956490517, 0.096699640154838562012, 1600699796.7956490517, 78.74486541748046875
1600699796.8076491356, 4.9033002853393554688, 1600699796.826649189, 0.096699640154838562012, 1600699796.826649189, 78.74486541748046875
1600699796.8386490345, 4.9319624900817871094, 1600699796.8576490879, 0.068037338554859161377, 1600699796.8576490879, 78.74486541748046875
1600699796.8696491718, 4.8644013404846191406, 1600699796.8886489868, 0.13559846580028533936, 1600699796.8886489868, 78.74486541748046875
1600699796.9006490707, 4.8644013404846191406, 1600699796.9196491241, 0.13559846580028533936, 1600699796.9196491241, 79.35614776611328125
1600699796.9316492081, 4.9319624900817871094, 1600699796.9506490231, 0.068037338554859161377, 1600699796.9506490231, 79.35614776611328125
1600699796.962649107, 4.9319624900817871094, 1600699796.9816491604, 0.068037338554859161377, 1600699796.9816491604, 79.35614776611328125
1600699796.9936490059, 4.8644013404846191406, 1600699797.0126490593, 0.13559846580028533936, 1600699797.0126490593, 79.35614776611328125
1600699797.0246491432, 4.9319624900817871094, 1600699797.0436491966, 0.068037338554859161377, 1600699797.0436491966, 79.053314208984375
1600699797.0556490421, 4.9319624900817871094, 1600699797.0746490955, 0.068037338554859161377, 1600699797.0746490955, 79.053314208984375
1600699797.0866491795, 4.9319624900817871094, 1600699797.1056489944, 0.068037338554859161377, 1600699797.1056489944, 79.053314208984375
1600699797.1176490784, 4.9319624900817871094, 1600699797.1366491318, 0.068037338554859161377, 1600699797.1366491318, 79.053314208984375
1600699797.1486489773, 4.9319624900817871094, 1600699797.1676490307, 0.068037338554859161377, 1600699797.1676490307, 79.22341156005859375
1600699797.1796491146, 4.9319624900817871094, 1600699797.198649168, 0.068037338554859161377, 1600699797.198649168, 79.22341156005859375
1600699797.2106490135, 4.9995236396789550781, 1600699797.2296490669, 0.00047620717668905854225, 1600699797.2296490669, 79.22341156005859375
1600699797.2416491508, 4.9319624900817871094, 1600699797.2606492043, 0.068037338554859161377, 1600699797.2606492043, 79.22341156005859375
1600699797.2726490498, 4.9319624900817871094, 1600699797.2926490307, 0.068037338554859161377, 1600699797.2926490307, 79.39350128173828125
1600699797.3036491871, 4.9995236396789550781, 1600699797.323649168, 0.00047620717668905854225, 1600699797.323649168, 79.39350128173828125
1600699797.334649086, 4.9319624900817871094, 1600699797.3546490669, 0.068037338554859161377, 1600699797.3546490669, 79.39350128173828125
1600699797.3656489849, 4.9319624900817871094, 1600699797.3856492043, 0.068037338554859161377, 1600699797.3856492043, 79.39350128173828125
1600699797.4306490421, 4.9745783805847167969, 1600699797.4496490955, 0.025421855971217155457, 1600699797.4496490955, 79.15875244140625
1600699797.4616491795, 4.9070172309875488281, 1600699797.4806489944, 0.092982985079288482666, 1600699797.4806489944, 79.15875244140625
1600699797.4926490784, 4.9070172309875488281, 1600699797.5116491318, 0.092982985079288482666, 1600699797.5116491318, 79.15875244140625
1600699797.5236489773, 4.9745783805847167969, 1600699797.5426490307, 0.025421855971217155457, 1600699797.5426490307, 79.15875244140625
1600699797.5546491146, 4.9070172309875488281, 1600699797.573649168, 0.092982985079288482666, 1600699797.573649168, 79.8641357421875
1600699797.5856490135, 4.9070172309875488281, 1600699797.6046490669, 0.092982985079288482666, 1600699797.6046490669, 79.8641357421875
1600699797.6166491508, 4.9070172309875488281, 1600699797.6356492043, 0.092982985079288482666, 1600699797.6356492043, 79.8641357421875
1600699797.6476490498, 4.8394560813903808594, 1600699797.6666491032, 0.16054412722587585449, 1600699797.6666491032, 79.8641357421875
1600699797.6786491871, 4.9070172309875488281, 1600699797.6976490021, 0.092982985079288482666, 1600699797.6976490021, 80.09659576416015625
1600699797.709649086, 4.9070172309875488281, 1600699797.7286491394, 0.092982985079288482666, 1600699797.7286491394, 80.09659576416015625
1600699797.7406489849, 4.9319624900817871094, 1600699797.7596490383, 0.068037338554859161377, 1600699797.7596490383, 80.09659576416015625
1600699797.7716491222, 4.9319624900817871094, 1600699797.7906491756, 0.068037338554859161377, 1600699797.7906491756, 80.09659576416015625
1600699797.8026490211, 4.9319624900817871094, 1600699797.8216490746, 0.068037338554859161377, 1600699797.8216490746, 80.09206390380859375
1600699797.8336491585, 4.8644013404846191406, 1600699797.8526489735, 0.13559846580028533936, 1600699797.8526489735, 80.09206390380859375
1600699797.8646490574, 4.9319624900817871094, 1600699797.8836491108, 0.068037338554859161377, 1600699797.8836491108, 80.09206390380859375
1600699797.8956491947, 4.9319624900817871094, 1600699797.9146490097, 0.068037338554859161377, 1600699797.9146490097, 80.09206390380859375
1600699797.9266490936, 4.9995236396789550781, 1600699797.945649147, 0.00047620717668905854225, 1600699797.945649147, 79.620330810546875
1600699797.9576489925, 4.9995236396789550781, 1600699797.9766490459, 0.00047620717668905854225, 1600699797.9766490459, 79.620330810546875
1600699797.9886491299, 4.9995236396789550781, 1600699798.0076491833, 0.00047620717668905854225, 1600699798.0076491833, 79.620330810546875
1600699798.0196490288, 4.9995236396789550781, 1600699798.0386490822, 0.00047620717668905854225, 1600699798.0386490822, 79.620330810546875
1600699798.0506491661, 4.9995236396789550781, 1600699798.0696489811, 0.00047620717668905854225, 1600699798.0696489811, 79.62152099609375
1600699798.081649065, 4.9995236396789550781, 1600699798.1006491184, 0.00047620717668905854225, 1600699798.1006491184, 79.62152099609375
1600699798.1126492023, 5.0670847892761230469, 1600699798.1316490173, -0.067084923386573791504, 1600699798.1316490173, 79.62152099609375
1600699798.1436491013, 5.0670847892761230469, 1600699798.1636490822, -0.067084923386573791504, 1600699798.1636490822, 79.62152099609375
1600699798.1746490002, 4.9995236396789550781, 1600699798.1946489811, 0.00047620717668905854225, 1600699798.1946489811, 79.622711181640625
1600699798.2056491375, 5.0670847892761230469, 1600699798.2256491184, -0.067084923386573791504, 1600699798.2256491184, 79.622711181640625
1600699798.2366490364, 4.9995236396789550781, 1600699798.2566490173, 0.00047620717668905854225, 1600699798.2566490173, 79.622711181640625
1600699798.2676491737, 4.9995236396789550781, 1600699798.2876491547, 0.00047620717668905854225, 1600699798.2876491547, 79.622711181640625
1600699798.2996490002, 4.9995236396789550781, 1600699798.3186490536, 0.00047620717668905854225, 1600699798.3186490536, 79.6239013671875
1600699798.3306491375, 4.9995236396789550781, 1600699798.3496491909, 0.00047620717668905854225, 1600699798.3496491909, 79.6239013671875
1600699798.3616490364, 4.9319624900817871094, 1600699798.3806490898, 0.068037338554859161377, 1600699798.3806490898, 79.6239013671875
1600699798.3926491737, 4.9995236396789550781, 1600699798.4116489887, 0.00047620717668905854225, 1600699798.4116489887, 79.6239013671875
1600699798.4236490726, 4.9319624900817871094, 1600699798.4426491261, 0.068037338554859161377, 1600699798.4426491261, 80.2669219970703125
1600699798.45464921, 4.9319624900817871094, 1600699798.473649025, 0.068037338554859161377, 1600699798.473649025, 80.2669219970703125
1600699798.4856491089, 4.9995236396789550781, 1600699798.5046491623, 0.00047620717668905854225, 1600699798.5046491623, 80.2669219970703125
1600699798.5166490078, 4.9319624900817871094, 1600699798.5356490612, 0.068037338554859161377, 1600699798.5356490612, 80.2669219970703125
1600699798.5476491451, 4.9826335906982421875, 1600699798.5666491985, 0.017366489395499229431, 1600699798.5666491985, 79.9556427001953125
1600699798.578649044, 4.9826335906982421875, 1600699798.5976490974, 0.017366489395499229431, 1600699798.5976490974, 79.9556427001953125
1600699798.6096491814, 4.9826335906982421875, 1600699798.6286489964, 0.017366489395499229431, 1600699798.6286489964, 79.9556427001953125
1600699798.6406490803, 4.9826335906982421875, 1600699798.6596491337, 0.017366489395499229431, 1600699798.6596491337, 79.9556427001953125
1600699798.6716489792, 5.0501947402954101563, 1600699798.6906490326, -0.05019464343786239624, 1600699798.6906490326, 79.3572235107421875
1600699798.7026491165, 5.0501947402954101563, 1600699798.7216491699, -0.05019464343786239624, 1600699798.7216491699, 79.3572235107421875
1600699798.7336490154, 5.0501947402954101563, 1600699798.7526490688, -0.05019464343786239624, 1600699798.7526490688, 79.3572235107421875
1600699798.7646491528, 5.117755889892578125, 1600699798.7836492062, -0.11775577068328857422, 1600699798.7836492062, 79.3572235107421875
1600699798.7956490517, 5.0501947402954101563, 1600699798.8146491051, -0.05019464343786239624, 1600699798.8146491051, 79.23174285888671875
1600699798.826649189, 5.0501947402954101563, 1600699798.845649004, -0.05019464343786239624, 1600699798.845649004, 79.23174285888671875
1600699798.8576490879, 5.0670847892761230469, 1600699798.8766491413, -0.067084923386573791504, 1600699798.8766491413, 79.23174285888671875
1600699798.8886489868, 5.0670847892761230469, 1600699798.9076490402, -0.067084923386573791504, 1600699798.9076490402, 79.23174285888671875
1600699798.9196491241, 4.9995236396789550781, 1600699798.9386491776, 0.00047620717668905854225, 1600699798.9386491776, 79.58762359619140625
1600699798.9506490231, 4.9995236396789550781, 1600699798.9696490765, 0.00047620717668905854225, 1600699798.9696490765, 79.58762359619140625
1600699798.9816491604, 4.9319624900817871094, 1600699799.0006489754, 0.068037338554859161377, 1600699799.0006489754, 79.58762359619140625
1600699799.0126490593, 4.9319624900817871094, 1600699799.0316491127, 0.068037338554859161377, 1600699799.0316491127, 79.58762359619140625
1600699799.0456490517, 4.9171838760375976563, 1600699799.0646491051, 0.082816340029239654541, 1600699799.0646491051, 80.3710479736328125
1600699799.0772120953, 4.9171838760375976563, 1600699799.0962121487, 0.082816340029239654541, 1600699799.0962121487, 80.3710479736328125
1600699799.1082119942, 4.9171838760375976563, 1600699799.1272120476, 0.082816340029239654541, 1600699799.1272120476, 80.3710479736328125
1600699799.1392121315, 4.984745025634765625, 1600699799.1582119465, 0.015255205333232879639, 1600699799.1582119465, 80.3710479736328125
1600699799.1702120304, 4.9171838760375976563, 1600699799.1892120838, 0.082816340029239654541, 1600699799.1892120838, 80.57808685302734375
1600699799.2012119293, 4.9171838760375976563, 1600699799.2202119827, 0.082816340029239654541, 1600699799.2202119827, 80.57808685302734375
1600699799.2322120667, 4.984745025634765625, 1600699799.2512121201, 0.015255205333232879639, 1600699799.2512121201, 80.57808685302734375
1600699799.2632119656, 4.9699659347534179688, 1600699799.282212019, 0.030034203082323074341, 1600699799.282212019, 80.57808685302734375
1600699799.2942121029, 5.0375270843505859375, 1600699799.3132119179, -0.0375269278883934021, 1600699799.3132119179, 79.64186859130859375
1600699799.3252120018, 4.9699659347534179688, 1600699799.3442120552, 0.030034203082323074341, 1600699799.3442120552, 79.64186859130859375
1600699799.3562121391, 5.0523056983947753906, 1600699799.3752119541, -0.052305925637483596802, 1600699799.3752119541, 79.64186859130859375
1600699799.387212038, 4.984745025634765625, 1600699799.4062120914, 0.015255205333232879639, 1600699799.4062120914, 79.64186859130859375
1600699799.418211937, 5.0523056983947753906, 1600699799.4372119904, -0.052305925637483596802, 1600699799.4372119904, 79.40765380859375
1600699799.4822120667, 5.0026907920837402344, 1600699799.5012121201, -0.0026907208375632762909, 1600699799.5012121201, 79.40765380859375
1600699799.5132119656, 5.0026907920837402344, 1600699799.532212019, -0.0026907208375632762909, 1600699799.532212019, 79.40765380859375
1600699799.5442121029, 5.0702519416809082031, 1600699799.5632119179, -0.070251852273941040039, 1600699799.5632119179, 79.1063995361328125
1600699799.5752120018, 5.0026907920837402344, 1600699799.5942120552, -0.0026907208375632762909, 1600699799.5942120552, 79.1063995361328125
1600699799.6062121391, 5.0174698829650878906, 1600699799.6252119541, -0.017469719052314758301, 1600699799.6252119541, 79.1063995361328125
1600699799.637212038, 5.0174698829650878906, 1600699799.6562120914, -0.017469719052314758301, 1600699799.6562120914, 79.1063995361328125
1600699799.668211937, 5.0174698829650878906, 1600699799.6872119904, -0.017469719052314758301, 1600699799.6872119904, 79.43219757080078125
1600699799.6992120743, 4.9499087333679199219, 1600699799.7182121277, 0.05009141191840171814, 1600699799.7182121277, 79.43219757080078125
1600699799.7302119732, 5.0174698829650878906, 1600699799.7502119541, -0.017469719052314758301, 1600699799.7502119541, 79.43219757080078125
1600699799.7612121105, 4.9499087333679199219, 1600699799.7812120914, 0.05009141191840171814, 1600699799.7812120914, 79.43219757080078125
1600699799.793211937, 4.9319624900817871094, 1600699799.8122119904, 0.068037338554859161377, 1600699799.8122119904, 80.20084381103515625
1600699799.8232121468, 4.9995236396789550781, 1600699799.8432121277, 0.00047620717668905854225, 1600699799.8432121277, 80.20084381103515625
1600699799.8542120457, 4.9319624900817871094, 1600699799.8742120266, 0.068037338554859161377, 1600699799.8742120266, 80.20084381103515625
1600699799.8862121105, 4.9995236396789550781, 1600699799.9052119255, 0.00047620717668905854225, 1600699799.9052119255, 80.20084381103515625
1600699799.9172120094, 5.0670847892761230469, 1600699799.9362120628, -0.067084923386573791504, 1600699799.9362120628, 79.08727264404296875
1600699799.9482121468, 4.9995236396789550781, 1600699799.9672119617, 0.00047620717668905854225, 1600699799.9672119617, 79.08727264404296875
1600699799.9792120457, 5.0670847892761230469, 1600699799.9982120991, -0.067084923386573791504, 1600699799.9982120991, 79.08727264404296875
1600699800.0102119446, 5.0670847892761230469, 1600699800.029211998, -0.067084923386573791504, 1600699800.029211998, 79.08727264404296875
1600699800.0412120819, 5.0670847892761230469, 1600699800.0602121353, -0.067084923386573791504, 1600699800.0602121353, 78.91956329345703125
1600699800.0722119808, 5.0670847892761230469, 1600699800.0912120342, -0.067084923386573791504, 1600699800.0912120342, 78.91956329345703125
1600699800.1032121181, 5.1346459388732910156, 1600699800.1222119331, -0.13464605808258056641, 1600699800.1222119331, 78.91956329345703125
1600699800.1342120171, 5.0523056983947753906, 1600699800.1532120705, -0.052305925637483596802, 1600699800.1532120705, 78.91956329345703125
1600699800.165211916, 5.0523056983947753906, 1600699800.1842119694, -0.052305925637483596802, 1600699800.1842119694, 78.89225006103515625
1600699800.1962120533, 5.0523056983947753906, 1600699800.2152121067, -0.052305925637483596802, 1600699800.2152121067, 78.89225006103515625
1600699800.2272119522, 4.984745025634765625, 1600699800.2462120056, 0.015255205333232879639, 1600699800.2462120056, 78.89225006103515625
1600699800.2582120895, 4.984745025634765625, 1600699800.2772121429, 0.015255205333232879639, 1600699800.2772121429, 78.89225006103515625
1600699800.2892119884, 4.9171838760375976563, 1600699800.3082120419, 0.082816340029239654541, 1600699800.3082120419, 80.0451507568359375
1600699800.3202121258, 4.9171838760375976563, 1600699800.3392119408, 0.082816340029239654541, 1600699800.3392119408, 80.0451507568359375
1600699800.3512120247, 4.8496227264404296875, 1600699800.3702120781, 0.15037746727466583252, 1600699800.3702120781, 80.0451507568359375
1600699800.3822119236, 4.9171838760375976563, 1600699800.401211977, 0.082816340029239654541, 1600699800.401211977, 80.0451507568359375
1600699800.4132120609, 4.8496227264404296875, 1600699800.4322121143, 0.15037746727466583252, 1600699800.4322121143, 80.89402008056640625
1600699800.4442119598, 4.9319624900817871094, 1600699800.4632120132, 0.068037338554859161377, 1600699800.4632120132, 80.89402008056640625
1600699800.4752120972, 4.9319624900817871094, 1600699800.4942119122, 0.068037338554859161377, 1600699800.4942119122, 80.89402008056640625
1600699800.5062119961, 4.9319624900817871094, 1600699800.5252120495, 0.068037338554859161377, 1600699800.5252120495, 80.89402008056640625
1600699800.5372121334, 4.9319624900817871094, 1600699800.5562119484, 0.068037338554859161377, 1600699800.5562119484, 80.48773193359375
1600699800.5682120323, 4.9995236396789550781, 1600699800.5872120857, 0.00047620717668905854225, 1600699800.5872120857, 80.48773193359375
1600699800.5992119312, 4.9995236396789550781, 1600699800.6182119846, 0.00047620717668905854225, 1600699800.6182119846, 80.48773193359375
1600699800.6302120686, 4.9995236396789550781, 1600699800.649212122, 0.00047620717668905854225, 1600699800.649212122, 80.48773193359375
1600699800.6612119675, 5.0670847892761230469, 1600699800.6802120209, -0.067084923386573791504, 1600699800.6802120209, 79.3741607666015625
1600699800.6922121048, 4.9995236396789550781, 1600699800.7112119198, 0.00047620717668905854225, 1600699800.7112119198, 79.3741607666015625
1600699800.7232120037, 5.0670847892761230469, 1600699800.7422120571, -0.067084923386573791504, 1600699800.7422120571, 79.3741607666015625
1600699800.754212141, 4.9995236396789550781, 1600699800.773211956, 0.00047620717668905854225, 1600699800.773211956, 79.3741607666015625
1600699800.7852120399, 5.0670847892761230469, 1600699800.8042120934, -0.067084923386573791504, 1600699800.8042120934, 79.206451416015625
1600699800.8162119389, 4.9995236396789550781, 1600699800.8352119923, 0.00047620717668905854225, 1600699800.8352119923, 79.206451416015625
1600699800.8472120762, 4.9995236396789550781, 1600699800.8662121296, 0.00047620717668905854225, 1600699800.8662121296, 79.206451416015625
1600699800.8782119751, 4.9319624900817871094, 1600699800.8972120285, 0.068037338554859161377, 1600699800.8972120285, 79.206451416015625
1600699800.9092121124, 4.9319624900817871094, 1600699800.9292120934, 0.068037338554859161377, 1600699800.9292120934, 80.3224029541015625
1600699800.9402120113, 4.9995236396789550781, 1600699800.9602119923, 0.00047620717668905854225, 1600699800.9602119923, 80.3224029541015625
1600699800.9712121487, 4.9319624900817871094, 1600699800.9912121296, 0.068037338554859161377, 1600699800.9912121296, 80.3224029541015625
1600699801.0022120476, 4.9319624900817871094, 1600699801.0222120285, 0.068037338554859161377, 1600699801.0222120285, 80.3224029541015625
1600699801.0342121124, 4.9319624900817871094, 1600699801.0532119274, 0.068037338554859161377, 1600699801.0532119274, 80.49249267578125
1600699801.0652120113, 4.9319624900817871094, 1600699801.0842120647, 0.068037338554859161377, 1600699801.0842120647, 80.49249267578125
1600699801.0962121487, 4.9319624900817871094, 1600699801.1152119637, 0.068037338554859161377, 1600699801.1152119637, 80.49249267578125
1600699801.1302120686, 4.9377536773681640625, 1600699801.149212122, 0.062246385961771011353, 1600699801.149212122, 80.49249267578125
1600699801.1612119675, 5.0053148269653320313, 1600699801.1802120209, -0.0053147468715906143188, 1600699801.1802120209, 79.9657440185546875
1600699801.1922121048, 5.0728759765625, 1600699801.2112119198, -0.07287587970495223999, 1600699801.2112119198, 79.9657440185546875
1600699801.2232120037, 5.0728759765625, 1600699801.2422120571, -0.07287587970495223999, 1600699801.2422120571, 79.9657440185546875
1600699801.254212141, 5.0728759765625, 1600699801.273211956, -0.07287587970495223999, 1600699801.273211956, 79.9657440185546875
1600699801.2852120399, 5.0728759765625, 1600699801.3042120934, -0.07287587970495223999, 1600699801.3042120934, 79.3106231689453125
1600699801.3162119389, 5.1404371261596679688, 1600699801.3352119923, -0.14043700695037841797, 1600699801.3352119923, 79.3106231689453125
1600699801.3472120762, 5.0728759765625, 1600699801.3662121296, -0.07287587970495223999, 1600699801.3662121296, 79.3106231689453125
1600699801.3782119751, 5.1404371261596679688, 1600699801.3972120285, -0.14043700695037841797, 1600699801.3972120285, 79.3106231689453125
1600699801.4092121124, 5.1404371261596679688, 1600699801.4282119274, -0.14043700695037841797, 1600699801.4282119274, 78.486602783203125
1600699801.4402120113, 5.1346459388732910156, 1600699801.4592120647, -0.13464605808258056641, 1600699801.4592120647, 78.486602783203125
1600699801.4712121487, 5.1346459388732910156, 1600699801.4902119637, -0.13464605808258056641, 1600699801.4902119637, 78.486602783203125
1600699801.5362119675, 5.0850310325622558594, 1600699801.5552120209, -0.085030853748321533203, 1600699801.5552120209, 78.66187286376953125
1600699801.5682120323, 5.0563683509826660156, 1600699801.5872120857, -0.056368552148342132568, 1600699801.5872120857, 78.66187286376953125
1600699801.5983579159, 5.0563683509826660156, 1600699801.6173579693, -0.056368552148342132568, 1600699801.6173579693, 78.66187286376953125
1600699801.6293580532, 5.0563683509826660156, 1600699801.6483581066, -0.056368552148342132568, 1600699801.6483581066, 78.66187286376953125
1600699801.6603579521, 4.9888072013854980469, 1600699801.6793580055, 0.011192579753696918488, 1600699801.6793580055, 79.3634185791015625
1600699801.6913580894, 4.9888072013854980469, 1600699801.7103579044, 0.011192579753696918488, 1600699801.7103579044, 79.3634185791015625
1600699801.7223579884, 4.9212460517883300781, 1600699801.7413580418, 0.078753709793090820313, 1600699801.7413580418, 79.3634185791015625
1600699801.7533581257, 4.8536853790283203125, 1600699801.7723579407, 0.14631484448909759521, 1600699801.7723579407, 79.3634185791015625
1600699801.7843580246, 4.9212460517883300781, 1600699801.803358078, 0.078753709793090820313, 1600699801.803358078, 80.03322601318359375
1600699801.8153579235, 4.8536853790283203125, 1600699801.8343579769, 0.14631484448909759521, 1600699801.8343579769, 80.03322601318359375
1600699801.8463580608, 4.8357391357421875, 1600699801.8653581142, 0.16426077485084533691, 1600699801.8653581142, 80.03322601318359375
1600699801.8773579597, 4.9319624900817871094, 1600699801.8963580132, 0.068037338554859161377, 1600699801.8963580132, 80.03322601318359375
1600699801.9083580971, 4.8644013404846191406, 1600699801.9273579121, 0.13559846580028533936, 1600699801.9273579121, 80.7701416015625
1600699801.939357996, 4.9319624900817871094, 1600699801.9593579769, 0.068037338554859161377, 1600699801.9593579769, 80.7701416015625
1600699801.9703581333, 4.9995236396789550781, 1600699801.9903581142, 0.00047620717668905854225, 1600699801.9903581142, 80.7701416015625
1600699802.0013580322, 4.9995236396789550781, 1600699802.0213580132, 0.00047620717668905854225, 1600699802.0213580132, 80.7701416015625
1600699802.0333580971, 5.0670847892761230469, 1600699802.0523579121, -0.067084923386573791504, 1600699802.0523579121, 79.1836395263671875
1600699802.0633580685, 5.0670847892761230469, 1600699802.0833580494, -0.067084923386573791504, 1600699802.0833580494, 79.1836395263671875
1600699802.0953581333, 5.0670847892761230469, 1600699802.1143579483, -0.067084923386573791504, 1600699802.1143579483, 79.1836395263671875
1600699802.1263580322, 5.0670847892761230469, 1600699802.1453580856, -0.067084923386573791504, 1600699802.1453580856, 79.1836395263671875
1600699802.1573579311, 5.1346459388732910156, 1600699802.1763579845, -0.13464605808258056641, 1600699802.1763579845, 78.3740997314453125
1600699802.1883580685, 5.0670847892761230469, 1600699802.2073581219, -0.067084923386573791504, 1600699802.2073581219, 78.3740997314453125
1600699802.2193579674, 5.0670847892761230469, 1600699802.2383580208, -0.067084923386573791504, 1600699802.2383580208, 78.3740997314453125
1600699802.2503581047, 5.0670847892761230469, 1600699802.2693579197, -0.067084923386573791504, 1600699802.2693579197, 78.3740997314453125
1600699802.2813580036, 4.984745025634765625, 1600699802.300358057, -4.984745025634765625, 1600699802.300358057, 31.961545944213867188
1600699802.3123579025, 4.9306960105895996094, 1600699802.3313579559, -4.9306960105895996094, 1600699802.3313579559, 31.961545944213867188
1600699802.3433580399, 4.5865564346313476563, 1600699802.3623580933, -4.5865564346313476563, 1600699802.3623580933, 31.961545944213867188
1600699802.3743579388, 4.3163118362426757813, 1600699802.3933579922, -4.3163118362426757813, 1600699802.3933579922, 31.961545944213867188
1600699802.4053580761, 3.9785060882568359375, 1600699802.4243581295, -3.9785060882568359375, 1600699802.4243581295, 29.058950424194335938
1600699802.436357975, 3.6407005786895751953, 1600699802.4553580284, -3.6407005786895751953, 1600699802.4553580284, 29.058950424194335938
1600699802.4673581123, 3.3028948307037353516, 1600699802.4863579273, -3.3028948307037353516, 1600699802.4863579273, 29.058950424194335938
1600699802.4983580112, 2.9650890827178955078, 1600699802.5173580647, -2.9650890827178955078, 1600699802.5173580647, 29.058950424194335938
1600699802.5293579102, 2.6272835731506347656, 1600699802.5483579636, -2.6272835731506347656, 1600699802.5483579636, 31.949300765991210938
1600699802.5603580475, 2.2894778251647949219, 1600699802.5793581009, -2.2894778251647949219, 1600699802.5793581009, 31.949300765991210938
1600699802.5913579464, 1.9664511680603027344, 1600699802.6103579998, -1.9664511680603027344, 1600699802.6103579998, 31.949300765991210938
1600699802.6223580837, 1.750255584716796875, 1600699802.6413578987, -1.750255584716796875, 1600699802.6413578987, 31.949300765991210938
1600699802.6533579826, 1.6890282630920410156, 1600699802.672358036, -1.6890282630920410156, 1600699802.672358036, 34.29451751708984375
1600699802.68435812, 1.6890282630920410156, 1600699802.703357935, -1.6890282630920410156, 1600699802.703357935, 34.29451751708984375
1600699802.7153580189, 1.6214672327041625977, 1600699802.7343580723, -1.6214672327041625977, 1600699802.7343580723, 34.29451751708984375
1600699802.7463579178, 1.6214672327041625977, 1600699802.7653579712, -1.6214672327041625977, 1600699802.7653579712, 34.29451751708984375
1600699802.7773580551, 1.6214672327041625977, 1600699802.7963581085, -1.6214672327041625977, 1600699802.7963581085, 30.713775634765625
1600699802.808357954, 1.6890282630920410156, 1600699802.8273580074, -1.6890282630920410156, 1600699802.8273580074, 30.713775634765625
1600699802.8393580914, 1.6890282630920410156, 1600699802.8583579063, -1.6890282630920410156, 1600699802.8583579063, 30.713775634765625
1600699802.8703579903, 1.6890282630920410156, 1600699802.8893580437, -1.6890282630920410156, 1600699802.8893580437, 30.713775634765625
1600699802.9013581276, 1.6890282630920410156, 1600699802.9203579426, -1.6890282630920410156, 1600699802.9203579426, 26.018278121948242188
1600699802.9323580265, 1.6214672327041625977, 1600699802.9513580799, -1.6214672327041625977, 1600699802.9513580799, 26.018278121948242188
1600699802.9633579254, 1.6890282630920410156, 1600699802.9823579788, -1.6890282630920410156, 1600699802.9823579788, 26.018278121948242188
1600699802.9943580627, 1.6214672327041625977, 1600699803.0133581161, -1.6214672327041625977, 1600699803.0133581161, 26.018278121948242188
1600699803.0253579617, 1.6214672327041625977, 1600699803.0443580151, -1.6214672327041625977, 1600699803.0443580151, 22.437536239624023438
1600699803.056358099, 1.6214672327041625977, 1600699803.075357914, -1.6214672327041625977, 1600699803.075357914, 22.437536239624023438
1600699803.0873579979, 1.4863449335098266602, 1600699803.1063580513, -1.4863449335098266602, 1600699803.1063580513, 22.437536239624023438
1600699803.1183578968, 1.4187837839126586914, 1600699803.1383581161, -1.4187837839126586914, 1600699803.1383581161, 22.437536239624023438
1600699803.1503579617, 1.4187837839126586914, 1600699803.1693580151, -1.4187837839126586914, 1600699803.1693580151, 20.309362411499023438
1600699803.180357933, 1.2836614847183227539, 1600699803.200357914, -1.2836614847183227539, 1600699803.200357914, 20.309362411499023438
1600699803.2113580704, 1.2836614847183227539, 1600699803.2313580513, -1.2836614847183227539, 1600699803.2313580513, 20.309362411499023438
1600699803.2423579693, 1.2161003351211547852, 1600699803.2623579502, -1.2161003351211547852, 1600699803.2623579502, 20.309362411499023438
1600699803.2743580341, 1.0809781551361083984, 1600699803.2933580875, -1.0809781551361083984, 1600699803.2933580875, 19.971555709838867188
1600699803.305357933, 1.0809781551361083984, 1600699803.3243579865, -1.0809781551361083984, 1600699803.3243579865, 19.971555709838867188
1600699803.3363580704, 1.0134170055389404297, 1600699803.3553581238, -1.0134170055389404297, 1600699803.3553581238, 19.971555709838867188
1600699803.3673579693, 1.0134170055389404297, 1600699803.3863580227, -1.0134170055389404297, 1600699803.3863580227, 19.971555709838867188
1600699803.3983581066, 1.0134170055389404297, 1600699803.4173579216, -1.0134170055389404297, 1600699803.4173579216, 17.91094207763671875
1600699803.4293580055, 0.94585585594177246094, 1600699803.4483580589, -0.94585585594177246094, 1600699803.4483580589, 17.91094207763671875
1600699803.4603579044, 0.87829470634460449219, 1600699803.4793579578, -0.87829470634460449219, 1600699803.4793579578, 17.91094207763671875
1600699803.4913580418, 0.87618345022201538086, 1600699803.5103580952, -0.87618345022201538086, 1600699803.5103580952, 17.91094207763671875
1600699803.5223579407, 0.87618345022201538086, 1600699803.5413579941, -0.87618345022201538086, 1600699803.5413579941, 16.681118011474609375
1600699803.5863580704, 0.87407213449478149414, 1600699803.6053581238, -0.87407213449478149414, 1600699803.6053581238, 16.681118011474609375
1600699803.6173579693, 0.87407213449478149414, 1600699803.6363580227, -0.87407213449478149414, 1600699803.6363580227, 16.681118011474609375
1600699803.6483581066, 0.80651104450225830078, 1600699803.6673579216, -0.80651104450225830078, 1600699803.6673579216, 15.152546882629394531
1600699803.6793580055, 0.80651104450225830078, 1600699803.6983580589, -0.80651104450225830078, 1600699803.6983580589, 15.152546882629394531
1600699803.7103579044, 0.67138874530792236328, 1600699803.7293579578, -0.67138874530792236328, 1600699803.7293579578, 15.152546882629394531
1600699803.7413580418, 0.67138874530792236328, 1600699803.7603580952, -0.67138874530792236328, 1600699803.7603580952, 15.152546882629394531
1600699803.7723579407, 0.67138874530792236328, 1600699803.7913579941, -0.67138874530792236328, 1600699803.7913579941, 14.419930458068847656
1600699803.803358078, 0.60382759571075439453, 1600699803.8223581314, -0.60382759571075439453, 1600699803.8223581314, 14.419930458068847656
1600699803.8343579769, 0.60593891143798828125, 1600699803.8533580303, -0.60593891143798828125, 1600699803.8533580303, 14.419930458068847656
1600699803.8653581142, 0.5383777618408203125, 1600699803.8843579292, -0.5383777618408203125, 1600699803.8843579292, 14.419930458068847656
1600699803.8963580132, 0.47292792797088623047, 1600699803.9153580666, -0.47292792797088623047, 1600699803.9153580666, 14.626836776733398438
1600699803.9273579121, 0.47292792797088623047, 1600699803.9463579655, -0.47292792797088623047, 1600699803.9463579655, 14.626836776733398438
1600699803.9583580494, 0.40536680817604064941, 1600699803.9773581028, -0.40536680817604064941, 1600699803.9773581028, 14.626836776733398438
1600699803.9893579483, 0.33780565857887268066, 1600699804.0093579292, -0.33780565857887268066, 1600699804.0093579292, 14.626836776733398438
1600699804.0203580856, 0.33780565857887268066, 1600699804.0403580666, -0.33780565857887268066, 1600699804.0403580666, 14.728178977966308594
1600699804.0513579845, 0.27024453878402709961, 1600699804.0713579655, -0.27024453878402709961, 1600699804.0713579655, 14.728178977966308594
1600699804.0843579769, 0.20268340408802032471, 1600699804.1033580303, -0.20268340408802032471, 1600699804.1033580303, 14.728178977966308594
1600699804.1153581142, 0.20268340408802032471, 1600699804.1343579292, -0.20268340408802032471, 1600699804.1343579292, 14.728178977966308594
1600699804.1463580132, 0.1351222693920135498, 1600699804.1653580666, -0.1351222693920135498, 1600699804.1653580666, 15.809156417846679688
1600699804.1773579121, 0.067561134696006774902, 1600699804.1963579655, -0.067561134696006774902, 1600699804.1963579655, 15.809156417846679688
1600699804.2083580494, 0.067561134696006774902, 1600699804.2273581028, -0.067561134696006774902, 1600699804.2273581028, 15.809156417846679688
1600699804.2393579483, 0, 1600699804.2583580017, 0, 1600699804.2583580017, 15.809156417846679688
1600699804.2703580856, 0, 1600699804.2893579006, 0, 1600699804.2893579006, 16.75501251220703125
1600699804.3013579845, 0, 1600699804.3203580379, 0, 1600699804.3203580379, 16.75501251220703125
1600699804.3323581219, 0, 1600699804.3513579369, 0, 1600699804.3513579369, 16.75501251220703125
1600699804.3633580208, 0, 1600699804.3823580742, 0, 1600699804.3823580742, 16.75501251220703125
1600699804.3943579197, 0, 1600699804.4133579731, 0, 1600699804.4133579731, 16.75501251220703125
1600699804.425358057, 0, 1600699804.4443581104, 0, 1600699804.4443581104, 16.75501251220703125
1600699804.4563579559, 0, 1600699804.4753580093, 0, 1600699804.4753580093, 16.75501251220703125
1600699804.4873580933, 0, 1600699804.5063579082, 0, 1600699804.5063579082, 16.75501251220703125
1600699804.5183579922, 0, 1600699804.5373580456, 0, 1600699804.5373580456, 16.75501251220703125
1600699804.5493581295, 0, 1600699804.5683579445, 0, 1600699804.5683579445, 16.75501251220703125
1600699804.5803580284, 0, 1600699804.5993580818, 0, 1600699804.5993580818, 16.75501251220703125
1600699804.6113579273, 0, 1600699804.6303579807, 0, 1600699804.6303579807, 16.75501251220703125
1600699804.6423580647, 0, 1600699804.6613581181, 0, 1600699804.6613581181, 16.75501251220703125
1600699804.6733579636, 0, 1600699804.692358017, 0, 1600699804.692358017, 16.75501251220703125
1600699804.7043581009, 0, 1600699804.7243580818, 0, 1600699804.7243580818, 16.75501251220703125
1600699804.7353579998, 0, 1600699804.7553579807, 0, 1600699804.7553579807, 16.75501251220703125
1600699804.7663578987, 0, 1600699804.7863581181, 0, 1600699804.7863581181, 16.75501251220703125
1600699804.797358036, 0, 1600699804.817358017, 0, 1600699804.817358017, 16.75501251220703125
1600699804.828357935, 0, 1600699804.8483579159, 0, 1600699804.8483579159, 16.75501251220703125
1600699804.8593580723, 0, 1600699804.8793580532, 0, 1600699804.8793580532, 16.75501251220703125
1600699804.8913578987, 0, 1600699804.9103579521, 0, 1600699804.9103579521, 16.75501251220703125
1600699804.922358036, 0, 1600699804.9413580894, 0, 1600699804.9413580894, 16.75501251220703125
1600699804.953357935, 0, 1600699804.9723579884, 0, 1600699804.9723579884, 16.75501251220703125
1600699804.9843580723, 0, 1600699805.0033581257, 0, 1600699805.0033581257, 16.75501251220703125
1600699805.0153579712, 0, 1600699805.0343580246, 0, 1600699805.0343580246, 16.75501251220703125
1600699805.0463581085, 0, 1600699805.0653579235, 0, 1600699805.0653579235, 16.75501251220703125
1600699805.0773580074, 0, 1600699805.0963580608, 0, 1600699805.0963580608, 16.75501251220703125
1600699805.1083579063, 0, 1600699805.1273579597, 0, 1600699805.1273579597, 16.75501251220703125
1600699805.1393580437, 0, 1600699805.1583580971, 0, 1600699805.1583580971, 16.75501251220703125
1600699805.1703579426, 0, 1600699805.189357996, 0, 1600699805.189357996, 16.75501251220703125
1600699805.2013580799, 0, 1600699805.2203581333, 0, 1600699805.2203581333, 16.75501251220703125
1600699805.2323579788, 0, 1600699805.2513580322, 0, 1600699805.2513580322, 16.75501251220703125
1600699805.2633581161, 0, 1600699805.2823579311, 0, 1600699805.2823579311, 16.75501251220703125
1600699805.2943580151, 0, 1600699805.3133580685, 0, 1600699805.3133580685, 16.75501251220703125
1600699805.325357914, 0, 1600699805.3443579674, 0, 1600699805.3443579674, 16.75501251220703125
1600699805.3563580513, 0, 1600699805.3753581047, 0, 1600699805.3753581047, 16.75501251220703125
1600699805.3873579502, 0, 1600699805.4063580036, 0, 1600699805.4063580036, 16.75501251220703125
1600699805.4183580875, 0, 1600699805.4373579025, 0, 1600699805.4373579025, 16.75501251220703125
1600699805.4493579865, 0, 1600699805.4683580399, 0, 1600699805.4683580399, 16.75501251220703125
1600699805.4803581238, 0, 1600699805.4993579388, 0, 1600699805.4993579388, 16.75501251220703125
1600699805.5113580227, 0, 1600699805.5303580761, 0, 1600699805.5303580761, 16.75501251220703125
1600699805.5423579216, 0, 1600699805.561357975, 0, 1600699805.561357975, 16.75501251220703125
1600699805.5733580589, 0, 1600699805.5923581123, 0, 1600699805.5923581123, 16.75501251220703125
1600699805.6373579502, 0, 1600699805.6573579311, 0, 1600699805.6573579311, 16.75501251220703125
1600699805.6683580875, 0, 1600699805.6883580685, 0, 1600699805.6883580685, 16.75501251220703125
1600699805.6993579865, 0, 1600699805.7193579674, 0, 1600699805.7193579674, 16.75501251220703125
1600699805.7303581238, 0, 1600699805.7503581047, 0, 1600699805.7503581047, 16.75501251220703125
1600699805.7623579502, 0, 1600699805.7813580036, 0, 1600699805.7813580036, 16.75501251220703125
1600699805.7933580875, 0, 1600699805.8123579025, 0, 1600699805.8123579025, 16.75501251220703125
1600699805.8243579865, 0, 1600699805.8433580399, 0, 1600699805.8433580399, 16.75501251220703125
1600699805.8553581238, 0, 1600699805.8743579388, 0, 1600699805.8743579388, 16.75501251220703125
1600699805.8863580227, 0, 1600699805.9053580761, 0, 1600699805.9053580761, 16.75501251220703125
1600699805.9173579216, 0, 1600699805.936357975, 0, 1600699805.936357975, 16.75501251220703125
1600699805.9483580589, 0, 1600699805.9673581123, 0, 1600699805.9673581123, 16.75501251220703125
1600699805.9793579578, 0, 1600699805.9983580112, 0, 1600699805.9983580112, 16.75501251220703125
1600699806.0103580952, 0, 1600699806.0293579102, 0, 1600699806.0293579102, 16.75501251220703125
1600699806.0413579941, 0, 1600699806.0603580475, 0, 1600699806.0603580475, 16.75501251220703125
1600699806.0723581314, 0, 1600699806.0913579464, 0, 1600699806.0913579464, 16.75501251220703125
1600699806.1033580303, 0, 1600699806.1223580837, 0, 1600699806.1223580837, 16.75501251220703125
1600699806.1373579502, 0, 1600699806.1563580036, 0, 1600699806.1563580036, 16.75501251220703125
1600699806.1683580875, 0, 1600699806.1873579025, 0, 1600699806.1873579025, 16.75501251220703125
1600699806.1993579865, 0, 1600699806.2193579674, 0, 1600699806.2193579674, 16.75501251220703125
1600699806.2303581238, 0, 1600699806.2503581047, 0, 1600699806.2503581047, 16.75501251220703125
1600699806.2613580227, 0, 1600699806.2813580036, 0, 1600699806.2813580036, 16.75501251220703125
1600699806.2923579216, 0, 1600699806.3123579025, 0, 1600699806.3123579025, 16.75501251220703125
1600699806.3233580589, 0, 1600699806.3433580399, 0, 1600699806.3433580399, 16.75501251220703125
1600699806.3543579578, 0, 1600699806.3743579388, 0, 1600699806.3743579388, 16.75501251220703125
1600699806.3863580227, 0, 1600699806.4053580761, 0, 1600699806.4053580761, 16.75501251220703125
1600699806.4173579216, 0, 1600699806.436357975, 0, 1600699806.436357975, 16.75501251220703125
1600699806.4483580589, 0, 1600699806.4673581123, 0, 1600699806.4673581123, 16.75501251220703125
1600699806.4793579578, 0, 1600699806.4983580112, 0, 1600699806.4983580112, 16.75501251220703125
1600699806.5103580952, 0, 1600699806.5293579102, 0, 1600699806.5293579102, 16.75501251220703125
1600699806.5413579941, 0, 1600699806.5603580475, 0, 1600699806.5603580475, 16.75501251220703125
1600699806.5723581314, 0, 1600699806.5913579464, 0, 1600699806.5913579464, 16.75501251220703125
1600699806.6043579578, 0, 1600699806.6233580112, 0, 1600699806.6233580112, 16.75501251220703125
1600699806.6347019672, 0, 1600699806.6537020206, 0, 1600699806.6537020206, 16.75501251220703125
1600699806.6657021046, 0, 1600699806.684702158, 0, 1600699806.684702158, 16.75501251220703125
1600699806.6967020035, 0, 1600699806.7157020569, 0, 1600699806.7157020569, 16.75501251220703125
1600699806.7277021408, 0, 1600699806.7467019558, 0, 1600699806.7467019558, 16.75501251220703125
1600699806.7587020397, 0, 1600699806.7777020931, 0, 1600699806.7777020931, 16.75501251220703125
1600699806.789702177, 0, 1600699806.808701992, 0, 1600699806.808701992, 16.75501251220703125
1600699806.820702076, 0, 1600699806.8397021294, 0, 1600699806.8397021294, 16.75501251220703125
1600699806.8517019749, 0, 1600699806.8707020283, 0, 1600699806.8707020283, 16.75501251220703125
1600699806.8827021122, 0, 1600699806.9017021656, 0, 1600699806.9017021656, 16.75501251220703125
1600699806.9137020111, 0, 1600699806.933701992, 0, 1600699806.933701992, 16.75501251220703125
1600699806.9447021484, 0, 1600699806.9647021294, 0, 1600699806.9647021294, 16.75501251220703125
1600699806.9757020473, 0, 1600699806.9957020283, 0, 1600699806.9957020283, 16.75501251220703125
1600699807.0067021847, 0, 1600699807.0267021656, 0, 1600699807.0267021656, 16.75501251220703125
1600699807.0377020836, 0, 1600699807.0577020645, 0, 1600699807.0577020645, 16.75501251220703125
1600699807.0687019825, 0, 1600699807.0887019634, 0, 1600699807.0887019634, 16.75501251220703125
1600699807.0997021198, 0, 1600699807.1197021008, 0, 1600699807.1197021008, 16.75501251220703125
1600699807.1317021847, 0, 1600699807.1507019997, 0, 1600699807.1507019997, 16.75501251220703125
1600699807.1627020836, 0, 1600699807.181702137, 0, 1600699807.181702137, 16.75501251220703125
1600699807.1937019825, 0, 1600699807.2127020359, 0, 1600699807.2127020359, 16.75501251220703125
1600699807.2247021198, 0, 1600699807.2437021732, 0, 1600699807.2437021732, 16.75501251220703125
1600699807.2557020187, 0, 1600699807.2747020721, 0, 1600699807.2747020721, 16.75501251220703125
1600699807.2867021561, 0, 1600699807.3057019711, 0, 1600699807.3057019711, 16.75501251220703125
1600699807.317702055, 0, 1600699807.3367021084, 0, 1600699807.3367021084, 16.75501251220703125
1600699807.3487019539, 0, 1600699807.3677020073, 0, 1600699807.3677020073, 16.75501251220703125
1600699807.3797020912, 0, 1600699807.3987021446, 0, 1600699807.3987021446, 16.75501251220703125
1600699807.4107019901, 0, 1600699807.4297020435, 0, 1600699807.4297020435, 16.75501251220703125
1600699807.4417021275, 0, 1600699807.4607021809, 0, 1600699807.4607021809, 16.75501251220703125
1600699807.4727020264, 0, 1600699807.4917020798, 0, 1600699807.4917020798, 16.75501251220703125
1600699807.5037021637, 0, 1600699807.5227019787, 0, 1600699807.5227019787, 16.75501251220703125
1600699807.5347020626, 0, 1600699807.553702116, 0, 1600699807.553702116, 16.75501251220703125
1600699807.5657019615, 0, 1600699807.5847020149, 0, 1600699807.5847020149, 16.75501251220703125
1600699807.5967020988, 0, 1600699807.6157021523, 0, 1600699807.6157021523, 16.75501251220703125
1600699807.6277019978, 0, 1600699807.6467020512, 0, 1600699807.6467020512, 16.75501251220703125
1600699807.6917021275, 0, 1600699807.7107021809, 0, 1600699807.7107021809, 16.75501251220703125
1600699807.7227020264, 0, 1600699807.7417020798, 0, 1600699807.7417020798, 16.75501251220703125
1600699807.7537021637, 0, 1600699807.7727019787, 0, 1600699807.7727019787, 16.75501251220703125
1600699807.7847020626, 0, 1600699807.8047020435, 0, 1600699807.8047020435, 16.75501251220703125
1600699807.8157019615, 0, 1600699807.8357021809, 0, 1600699807.8357021809, 16.75501251220703125
1600699807.8467020988, 0, 1600699807.8667020798, 0, 1600699807.8667020798, 16.75501251220703125
1600699807.8777019978, 0, 1600699807.8977019787, 0, 1600699807.8977019787, 16.75501251220703125
1600699807.9087021351, 0, 1600699807.928702116, 0, 1600699807.928702116, 16.75501251220703125
1600699807.939702034, 0, 1600699807.9597020149, 0, 1600699807.9597020149, 16.75501251220703125
1600699807.9707021713, 0, 1600699807.9907021523, 0, 1600699807.9907021523, 16.75501251220703125
1600699808.0027019978, 0, 1600699808.0217020512, 0, 1600699808.0217020512, 16.75501251220703125
1600699808.0337021351, 0, 1600699808.0527019501, 0, 1600699808.0527019501, 16.75501251220703125
1600699808.064702034, 0, 1600699808.0837020874, 0, 1600699808.0837020874, 16.75501251220703125
1600699808.0957021713, 0, 1600699808.1147019863, 0, 1600699808.1147019863, 16.75501251220703125
1600699808.1267020702, 0, 1600699808.1457021236, 0, 1600699808.1457021236, 16.75501251220703125
1600699808.1577019691, 0, 1600699808.1767020226, 0, 1600699808.1767020226, 16.75501251220703125
1600699808.1887021065, 0, 1600699808.2077021599, 0, 1600699808.2077021599, 16.75501251220703125
1600699808.2197020054, 0, 1600699808.2387020588, 0, 1600699808.2387020588, 16.75501251220703125
1600699808.2507021427, 0, 1600699808.2697019577, 0, 1600699808.2697019577, 16.75501251220703125
1600699808.2817020416, 0, 1600699808.300702095, 0, 1600699808.300702095, 16.75501251220703125
1600699808.312702179, 0, 1600699808.3317019939, 0, 1600699808.3317019939, 16.75501251220703125
1600699808.3437020779, 0, 1600699808.3627021313, 0, 1600699808.3627021313, 16.75501251220703125
1600699808.3747019768, 0, 1600699808.3937020302, 0, 1600699808.3937020302, 16.75501251220703125
1600699808.4057021141, 0, 1600699808.4247021675, 0, 1600699808.4247021675, 16.75501251220703125
1600699808.436702013, 0, 1600699808.4557020664, 0, 1600699808.4557020664, 16.75501251220703125
1600699808.4677021503, 0, 1600699808.4867019653, 0, 1600699808.4867019653, 16.75501251220703125
1600699808.4987020493, 0, 1600699808.5177021027, 0, 1600699808.5177021027, 16.75501251220703125
1600699808.5297021866, 0, 1600699808.5487020016, 0, 1600699808.5487020016, 16.75501251220703125
1600699808.5607020855, 0, 1600699808.5797021389, 0, 1600699808.5797021389, 16.75501251220703125
1600699808.5917019844, 0, 1600699808.6107020378, 0, 1600699808.6107020378, 16.75501251220703125
1600699808.6227021217, 0, 1600699808.6417021751, 0, 1600699808.6417021751, 16.75501251220703125
1600699808.6537020206, 0, 1600699808.6727020741, 0, 1600699808.6727020741, 16.75501251220703125
1600699808.684702158, 0, 1600699808.703701973, 0, 1600699808.703701973, 16.75501251220703125
1600699808.7157020569, 0, 1600699808.7347021103, 0, 1600699808.7347021103, 16.75501251220703125
1600699808.7467019558, 0, 1600699808.7657020092, 0, 1600699808.7657020092, 16.75501251220703125
1600699808.7777020931, 0, 1600699808.7967021465, 0, 1600699808.7967021465, 16.75501251220703125
1600699808.808701992, 0, 1600699808.8277020454, 0, 1600699808.8277020454, 16.75501251220703125
1600699808.8397021294, 0, 1600699808.8587021828, 0, 1600699808.8587021828, 16.75501251220703125
1600699808.8707020283, 0, 1600699808.8897020817, 0, 1600699808.8897020817, 16.75501251220703125
1600699808.9017021656, 0, 1600699808.9207019806, 0, 1600699808.9207019806, 16.75501251220703125
1600699808.9327020645, 0, 1600699808.9527020454, 0, 1600699808.9527020454, 16.75501251220703125
1600699808.9637019634, 0, 1600699808.9837021828, 0, 1600699808.9837021828, 16.75501251220703125
1600699808.9947021008, 0, 1600699809.0147020817, 0, 1600699809.0147020817, 16.75501251220703125
1600699809.0257019997, 0, 1600699809.0457019806, 0, 1600699809.0457019806, 16.75501251220703125
1600699809.056702137, 0, 1600699809.0767021179, 0, 1600699809.0767021179, 16.75501251220703125
1600699809.0887019634, 0, 1600699809.1077020168, 0, 1600699809.1077020168, 0
1600699809.1207020283, 0, 1600699809.1397020817, 0, 1600699809.1397020817, 0
1600699809.1512849331, 0, 1600699809.1702849865, 0, 1600699809.1702849865, 0
1600699809.1822850704, 0, 1600699809.2012851238, 0, 1600699809.2012851238, 0
1600699809.2132849693, 0, 1600699809.2322850227, 0, 1600699809.2322850227, 0
1600699809.2442851067, 0, 1600699809.2632849216, 0, 1600699809.2632849216, 0
1600699809.2752850056, 0, 1600699809.294285059, 0, 1600699809.294285059, 0
1600699809.3062851429, 0, 1600699809.3252849579, 0, 1600699809.3252849579, 0
1600699809.3372850418, 0, 1600699809.3562850952, 0, 1600699809.3562850952, 0
1600699809.3682849407, 0, 1600699809.3872849941, 0, 1600699809.3872849941, 0
1600699809.399285078, 0, 1600699809.4182851315, 0, 1600699809.4182851315, 0
1600699809.430284977, 0, 1600699809.4492850304, 0, 1600699809.4492850304, 0
1600699809.4612851143, 0, 1600699809.4802849293, 0, 1600699809.4802849293, 0
1600699809.4922850132, 0, 1600699809.5112850666, 0, 1600699809.5112850666, 0
1600699809.5232851505, 0, 1600699809.5422849655, 0, 1600699809.5422849655, 0
1600699809.5542850494, 0, 1600699809.5732851028, 0, 1600699809.5732851028, 0
1600699809.5852849483, 0, 1600699809.6042850018, 0, 1600699809.6042850018, 0
1600699809.6162850857, 0, 1600699809.6352851391, 0, 1600699809.6352851391, 0
1600699809.6472849846, 0, 1600699809.6672849655, 0, 1600699809.6672849655, 0
1600699809.6782851219, 0, 1600699809.6982851028, 0, 1600699809.6982851028, 0
1600699809.7432849407, 0, 1600699809.7622849941, 0, 1600699809.7622849941, 0
1600699809.774285078, 0, 1600699809.7932851315, 0, 1600699809.7932851315, 0
1600699809.805284977, 0, 1600699809.8242850304, 0, 1600699809.8242850304, 0
1600699809.8362851143, 0, 1600699809.8552849293, 0, 1600699809.8552849293, 0
1600699809.8672850132, 0, 1600699809.8862850666, 0, 1600699809.8862850666, 0
1600699809.8982851505, 0, 1600699809.9172849655, 0, 1600699809.9172849655, 0
1600699809.9292850494, 0, 1600699809.9482851028, 0, 1600699809.9482851028, 0
1600699809.9602849483, 0, 1600699809.9792850018, 0, 1600699809.9792850018, 0
1600699809.9912850857, 0, 1600699810.0102851391, 0, 1600699810.0102851391, 0
1600699810.0222849846, 0, 1600699810.041285038, 0, 1600699810.041285038, 0
1600699810.0532851219, 0, 1600699810.0722849369, 0, 1600699810.0722849369, 0
1600699810.0842850208, 0, 1600699810.1032850742, 0, 1600699810.1032850742, 0
1600699810.1152849197, 0, 1600699810.1342849731, 0, 1600699810.1342849731, 0
1600699810.1462850571, 0, 1600699810.1652851105, 0, 1600699810.1652851105, 0
1600699810.177284956, 0, 1600699810.1962850094, 0, 1600699810.1962850094, 0
1600699810.2082850933, 0, 1600699810.2272851467, 0, 1600699810.2272851467, 0
1600699810.2392849922, 0, 1600699810.2582850456, 0, 1600699810.2582850456, 0
1600699810.2702851295, 0, 1600699810.2892849445, 0, 1600699810.2892849445, 0
1600699810.3012850285, 0, 1600699810.3202850819, 0, 1600699810.3202850819, 0
1600699810.3322849274, 0, 1600699810.3512849808, 0, 1600699810.3512849808, 0
1600699810.3632850647, 0, 1600699810.3822851181, 0, 1600699810.3822851181, 0
1600699810.3942849636, 0, 1600699810.413285017, 0, 1600699810.413285017, 0
1600699810.4252851009, 0, 1600699810.4442849159, 0, 1600699810.4442849159, 0
1600699810.4562849998, 0, 1600699810.4752850533, 0, 1600699810.4752850533, 0
1600699810.4872851372, 0, 1600699810.5062849522, 0, 1600699810.5062849522, 0
1600699810.5182850361, 0, 1600699810.538285017, 0, 1600699810.538285017, 0
1600699810.549284935, 0, 1600699810.5692849159, 0, 1600699810.5692849159, 0
1600699810.5802850723, 0, 1600699810.6002850533, 0, 1600699810.6002850533, 0
1600699810.6112849712, 0, 1600699810.6312849522, 0, 1600699810.6312849522, 0
1600699810.6422851086, 0, 1600699810.6622850895, 0, 1600699810.6622850895, 0
1600699810.6732850075, 0, 1600699810.6932849884, 0, 1600699810.6932849884, 0
1600699810.7042851448, 0, 1600699810.7242851257, 0, 1600699810.7242851257, 0
1600699810.7362849712, 0, 1600699810.7552850246, 0, 1600699810.7552850246, 0
1600699810.7672851086, 0, 1600699810.7862849236, 0, 1600699810.7862849236, 0
1600699810.7982850075, 0, 1600699810.8172850609, 0, 1600699810.8172850609, 0
1600699810.8292851448, 0, 1600699810.8482849598, 0, 1600699810.8482849598, 0
1600699810.8602850437, 0, 1600699810.8792850971, 0, 1600699810.8792850971, 0
1600699810.8912849426, 0, 1600699810.910284996, 0, 1600699810.910284996, 0
1600699810.92228508, 0, 1600699810.9412851334, 0, 1600699810.9412851334, 0
1600699810.9532849789, 0, 1600699810.9722850323, 0, 1600699810.9722850323, 0
1600699810.9842851162, 0, 1600699811.0032849312, 0, 1600699811.0032849312, 0
1600699811.0152850151, 0, 1600699811.0342850685, 0, 1600699811.0342850685, 0
1600699811.0462851524, 0, 1600699811.0652849674, 0, 1600699811.0652849674, 0
1600699811.0772850513, 0, 1600699811.0962851048, 0, 1600699811.0962851048, 0
1600699811.1082849503, 0, 1600699811.1272850037, 0, 1600699811.1272850037, 0
1600699811.1422851086, 0, 1600699811.1622850895, 0, 1600699811.1622850895, 0
1600699811.1732850075, 0, 1600699811.1932849884, 0, 1600699811.1932849884, 0
1600699811.2042851448, 0, 1600699811.2242851257, 0, 1600699811.2242851257, 0
1600699811.2352850437, 0, 1600699811.2552850246, 0, 1600699811.2552850246, 0
1600699811.2662849426, 0, 1600699811.2862849236, 0, 1600699811.2862849236, 0
1600699811.29728508, 0, 1600699811.3172850609, 0, 1600699811.3172850609, 0
1600699811.3282849789, 0, 1600699811.3482849598, 0, 1600699811.3482849598, 0
1600699811.3602850437, 0, 1600699811.3792850971, 0, 1600699811.3792850971, 0
1600699811.3912849426, 0, 1600699811.410284996, 0, 1600699811.410284996, 0
1600699811.42228508, 0, 1600699811.4412851334, 0, 1600699811.4412851334, 0
1600699811.4532849789, 0, 1600699811.4722850323, 0, 1600699811.4722850323, 0
