# /joint_state/header/stamp, /joint_state/velocity/0, /pid_left_state/header/stamp, /pid_left_state/error, /pid_left_state/header/stamp, /pid_left_state/output
1600427181.4611878395, -4.4408920985006261617e-16, 1600427181.4801878929, 4.4408920985006261617e-16, 1600427181.4801878929, 0
1600427181.4921879768, -4.4408920985006261617e-16, 1600427181.5111877918, 4.4408920985006261617e-16, 1600427181.5111877918, 0
1600427181.5231878757, -4.4408920985006261617e-16, 1600427181.5421879292, 4.4408920985006261617e-16, 1600427181.5421879292, 0
1600427181.5541877747, -4.4408920985006261617e-16, 1600427181.5731878281, 4.4408920985006261617e-16, 1600427181.5731878281, 0
1600427181.585187912, -4.4408920985006261617e-16, 1600427181.6041879654, 4.4408920985006261617e-16, 1600427181.6041879654, 0
1600427181.6161878109, -4.4408920985006261617e-16, 1600427181.6351878643, 4.4408920985006261617e-16, 1600427181.6351878643, 0
1600427181.6471879482, -4.4408920985006261617e-16, 1600427181.6661877632, 4.4408920985006261617e-16, 1600427181.6661877632, 0
1600427181.6781878471, -4.4408920985006261617e-16, 1600427181.6971879005, 4.4408920985006261617e-16, 1600427181.6971879005, 0
1600427181.7091879845, -4.4408920985006261617e-16, 1600427181.7281877995, 4.4408920985006261617e-16, 1600427181.7281877995, 0
1600427181.7401878834, -4.4408920985006261617e-16, 1600427181.7591879368, 4.4408920985006261617e-16, 1600427181.7591879368, 0
1600427181.7711877823, -4.4408920985006261617e-16, 1600427181.7911877632, 4.4408920985006261617e-16, 1600427181.7911877632, 0
1600427181.8021879196, -4.4408920985006261617e-16, 1600427181.8221879005, 4.4408920985006261617e-16, 1600427181.8221879005, 0
1600427181.8331878185, -4.4408920985006261617e-16, 1600427181.8531877995, 4.4408920985006261617e-16, 1600427181.8531877995, 0
1600427181.8641879559, -4.4408920985006261617e-16, 1600427181.8841879368, 4.4408920985006261617e-16, 1600427181.8841879368, 0
1600427181.8951878548, -4.4408920985006261617e-16, 1600427181.9151878357, 4.4408920985006261617e-16, 1600427181.9151878357, 0
1600427181.9261879921, -4.4408920985006261617e-16, 1600427181.946187973, 4.4408920985006261617e-16, 1600427181.946187973, 0
1600427181.957187891, -4.4408920985006261617e-16, 1600427181.9771878719, 4.4408920985006261617e-16, 1600427181.9771878719, 0
1600427181.9881877899, -4.4408920985006261617e-16, 1600427182.0081877708, 4.4408920985006261617e-16, 1600427182.0081877708, 0
1600427182.0201878548, -4.4408920985006261617e-16, 1600427182.0391879082, 4.4408920985006261617e-16, 1600427182.0391879082, 0
1600427182.0511879921, -4.4408920985006261617e-16, 1600427182.0701878071, 4.4408920985006261617e-16, 1600427182.0701878071, 0
1600427182.082187891, -4.4408920985006261617e-16, 1600427182.1011879444, 4.4408920985006261617e-16, 1600427182.1011879444, 0
1600427182.1131877899, -4.4408920985006261617e-16, 1600427182.1321878433, 4.4408920985006261617e-16, 1600427182.1321878433, 0
1600427182.1441879272, -4.4408920985006261617e-16, 1600427182.1631879807, 4.4408920985006261617e-16, 1600427182.1631879807, 0
1600427182.1751878262, -4.4408920985006261617e-16, 1600427182.1941878796, 4.4408920985006261617e-16, 1600427182.1941878796, 0
1600427182.2391879559, -4.4408920985006261617e-16, 1600427182.2581877708, 4.4408920985006261617e-16, 1600427182.2581877708, 0
1600427182.2701878548, -4.4408920985006261617e-16, 1600427182.2891879082, 4.4408920985006261617e-16, 1600427182.2891879082, 0
1600427182.3011879921, -4.4408920985006261617e-16, 1600427182.3201878071, 4.4408920985006261617e-16, 1600427182.3201878071, 0
1600427182.332187891, -4.4408920985006261617e-16, 1600427182.3511879444, 4.4408920985006261617e-16, 1600427182.3511879444, 0
1600427182.3641879559, -4.4408920985006261617e-16, 1600427182.3841879368, 4.4408920985006261617e-16, 1600427182.3841879368, 0
1600427182.396351099, -4.4408920985006261617e-16, 1600427182.4153511524, 4.4408920985006261617e-16, 1600427182.4153511524, 0
1600427182.4273509979, -4.4408920985006261617e-16, 1600427182.4463510513, 4.4408920985006261617e-16, 1600427182.4463510513, 0
1600427182.4583511353, -4.4408920985006261617e-16, 1600427182.4773509502, 4.4408920985006261617e-16, 1600427182.4773509502, 0
1600427182.4893510342, -4.4408920985006261617e-16, 1600427182.5083510876, 4.4408920985006261617e-16, 1600427182.5083510876, 0
1600427182.5203509331, -4.4408920985006261617e-16, 1600427182.5393509865, 4.4408920985006261617e-16, 1600427182.5393509865, 0
1600427182.5513510704, -4.4408920985006261617e-16, 1600427182.5703511238, 4.4408920985006261617e-16, 1600427182.5703511238, 0
1600427182.5823509693, -4.4408920985006261617e-16, 1600427182.6013510227, 4.4408920985006261617e-16, 1600427182.6013510227, 0
1600427182.6133511066, -4.4408920985006261617e-16, 1600427182.6323509216, 4.4408920985006261617e-16, 1600427182.6323509216, 0
1600427182.6443510056, -4.4408920985006261617e-16, 1600427182.663351059, 4.4408920985006261617e-16, 1600427182.663351059, 0
1600427182.6753511429, -4.4408920985006261617e-16, 1600427182.6943509579, 4.4408920985006261617e-16, 1600427182.6943509579, 0
1600427182.7063510418, -4.4408920985006261617e-16, 1600427182.7253510952, 4.4408920985006261617e-16, 1600427182.7253510952, 0
1600427182.7373509407, -4.4408920985006261617e-16, 1600427182.7563509941, 4.4408920985006261617e-16, 1600427182.7563509941, 0
1600427182.768351078, -4.4408920985006261617e-16, 1600427182.7873511314, 4.4408920985006261617e-16, 1600427182.7873511314, 0
1600427182.7993509769, -4.4408920985006261617e-16, 1600427182.8183510303, 4.4408920985006261617e-16, 1600427182.8183510303, 0
1600427182.8303511143, -4.4408920985006261617e-16, 1600427182.8493509293, 4.4408920985006261617e-16, 1600427182.8493509293, 0
1600427182.8613510132, -4.4408920985006261617e-16, 1600427182.8803510666, 4.4408920985006261617e-16, 1600427182.8803510666, 0
1600427182.8923511505, -4.4408920985006261617e-16, 1600427182.9113509655, 4.4408920985006261617e-16, 1600427182.9113509655, 0
1600427182.9233510494, -4.4408920985006261617e-16, 1600427182.9423511028, 4.4408920985006261617e-16, 1600427182.9423511028, 0
1600427182.9543509483, -4.4408920985006261617e-16, 1600427182.9733510017, 4.4408920985006261617e-16, 1600427182.9733510017, 0
1600427182.9853510857, -4.4408920985006261617e-16, 1600427183.0043511391, 4.4408920985006261617e-16, 1600427183.0043511391, 0
1600427183.0163509846, -4.4408920985006261617e-16, 1600427183.035351038, 4.4408920985006261617e-16, 1600427183.035351038, 0
1600427183.0473511219, -4.4408920985006261617e-16, 1600427183.0663509369, 4.4408920985006261617e-16, 1600427183.0663509369, 0
1600427183.0783510208, -4.4408920985006261617e-16, 1600427183.0973510742, 4.4408920985006261617e-16, 1600427183.0973510742, 0
1600427183.1093509197, -4.4408920985006261617e-16, 1600427183.1283509731, 4.4408920985006261617e-16, 1600427183.1283509731, 0
1600427183.1403510571, -4.4408920985006261617e-16, 1600427183.1593511105, 4.4408920985006261617e-16, 1600427183.1593511105, 0
1600427183.171350956, -4.4408920985006261617e-16, 1600427183.1903510094, 4.4408920985006261617e-16, 1600427183.1903510094, 0
1600427183.2023510933, -4.4408920985006261617e-16, 1600427183.2213511467, 4.4408920985006261617e-16, 1600427183.2213511467, 0
1600427183.2333509922, -4.4408920985006261617e-16, 1600427183.2523510456, 4.4408920985006261617e-16, 1600427183.2523510456, 0
1600427183.2643511295, -4.4408920985006261617e-16, 1600427183.2833509445, 4.4408920985006261617e-16, 1600427183.2833509445, 0
1600427183.2953510284, -4.4408920985006261617e-16, 1600427183.3143510818, 4.4408920985006261617e-16, 1600427183.3143510818, 0
1600427183.3263509274, -4.4408920985006261617e-16, 1600427183.3453509808, 4.4408920985006261617e-16, 1600427183.3453509808, 0
1600427183.3573510647, -4.4408920985006261617e-16, 1600427183.3773510456, 4.4408920985006261617e-16, 1600427183.3773510456, 0
1600427183.3883509636, -4.4408920985006261617e-16, 1600427183.4083509445, 4.4408920985006261617e-16, 1600427183.4083509445, 0
1600427183.4193511009, -4.4408920985006261617e-16, 1600427183.4393510818, 4.4408920985006261617e-16, 1600427183.4393510818, 0
1600427183.4503509998, -4.4408920985006261617e-16, 1600427183.4703509808, 4.4408920985006261617e-16, 1600427183.4703509808, 0
1600427183.4813511372, -4.4408920985006261617e-16, 1600427183.5013511181, 4.4408920985006261617e-16, 1600427183.5013511181, 0
1600427183.5123510361, -4.4408920985006261617e-16, 1600427183.532351017, 4.4408920985006261617e-16, 1600427183.532351017, 0
1600427183.543350935, -4.4408920985006261617e-16, 1600427183.5633509159, 4.4408920985006261617e-16, 1600427183.5633509159, 0
1600427183.5743510723, -4.4408920985006261617e-16, 1600427183.5943510532, 4.4408920985006261617e-16, 1600427183.5943510532, 0
1600427183.6063511372, -4.4408920985006261617e-16, 1600427183.6253509521, 4.4408920985006261617e-16, 1600427183.6253509521, 0
1600427183.6373510361, -4.4408920985006261617e-16, 1600427183.6563510895, 4.4408920985006261617e-16, 1600427183.6563510895, 0
1600427183.668350935, -4.4408920985006261617e-16, 1600427183.6873509884, 4.4408920985006261617e-16, 1600427183.6873509884, 0
1600427183.6993510723, -4.4408920985006261617e-16, 1600427183.7183511257, 4.4408920985006261617e-16, 1600427183.7183511257, 0
1600427183.7303509712, -4.4408920985006261617e-16, 1600427183.7493510246, 4.4408920985006261617e-16, 1600427183.7493510246, 0
1600427183.7613511086, -4.4408920985006261617e-16, 1600427183.7803509235, 4.4408920985006261617e-16, 1600427183.7803509235, 0
1600427183.7923510075, -4.4408920985006261617e-16, 1600427183.8113510609, 4.4408920985006261617e-16, 1600427183.8113510609, 0
1600427183.8233511448, -4.4408920985006261617e-16, 1600427183.8423509598, 4.4408920985006261617e-16, 1600427183.8423509598, 0
1600427183.8543510437, -4.4408920985006261617e-16, 1600427183.8733510971, 4.4408920985006261617e-16, 1600427183.8733510971, 0
1600427183.8853509426, -4.4408920985006261617e-16, 1600427183.904350996, 4.4408920985006261617e-16, 1600427183.904350996, 0
1600427183.9163510799, -4.4408920985006261617e-16, 1600427183.9353511333, 4.4408920985006261617e-16, 1600427183.9353511333, 0
1600427183.9473509789, -4.4408920985006261617e-16, 1600427183.9663510323, 4.4408920985006261617e-16, 1600427183.9663510323, 0
1600427183.9783511162, -4.4408920985006261617e-16, 1600427183.9973509312, 4.4408920985006261617e-16, 1600427183.9973509312, 0
1600427184.0093510151, -4.4408920985006261617e-16, 1600427184.0283510685, 4.4408920985006261617e-16, 1600427184.0283510685, 0
1600427184.0403511524, -4.4408920985006261617e-16, 1600427184.0593509674, 4.4408920985006261617e-16, 1600427184.0593509674, 0
1600427184.0713510513, -4.4408920985006261617e-16, 1600427184.0903511047, 4.4408920985006261617e-16, 1600427184.0903511047, 0
1600427184.1023509502, -4.4408920985006261617e-16, 1600427184.1213510036, 4.4408920985006261617e-16, 1600427184.1213510036, 0
1600427184.1333510876, -4.4408920985006261617e-16, 1600427184.152351141, 4.4408920985006261617e-16, 1600427184.152351141, 0
1600427184.1643509865, -4.4408920985006261617e-16, 1600427184.1833510399, 4.4408920985006261617e-16, 1600427184.1833510399, 0
1600427184.1953511238, -4.4408920985006261617e-16, 1600427184.2143509388, 4.4408920985006261617e-16, 1600427184.2143509388, 0
1600427184.2263510227, -4.4408920985006261617e-16, 1600427184.2453510761, 4.4408920985006261617e-16, 1600427184.2453510761, 0
1600427184.2903511524, -4.4408920985006261617e-16, 1600427184.3103511333, 4.4408920985006261617e-16, 1600427184.3103511333, 0
1600427184.3213510513, -4.4408920985006261617e-16, 1600427184.3413510323, 4.4408920985006261617e-16, 1600427184.3413510323, 0
1600427184.3523509502, -4.4408920985006261617e-16, 1600427184.3723509312, 4.4408920985006261617e-16, 1600427184.3723509312, 0
1600427184.3833510876, -4.4408920985006261617e-16, 1600427184.4033510685, 4.4408920985006261617e-16, 1600427184.4033510685, 0
1600427184.4143509865, -4.4408920985006261617e-16, 1600427184.4343509674, 4.4408920985006261617e-16, 1600427184.4343509674, 0
1600427184.4453511238, -4.4408920985006261617e-16, 1600427184.4653511047, 4.4408920985006261617e-16, 1600427184.4653511047, 0
1600427184.4773509502, -4.4408920985006261617e-16, 1600427184.4963510036, 4.4408920985006261617e-16, 1600427184.4963510036, 0
1600427184.5083510876, -4.4408920985006261617e-16, 1600427184.527351141, 4.4408920985006261617e-16, 1600427184.527351141, 0
1600427184.5393509865, -4.4408920985006261617e-16, 1600427184.5583510399, 4.4408920985006261617e-16, 1600427184.5583510399, 0
1600427184.5703511238, -4.4408920985006261617e-16, 1600427184.5893509388, 4.4408920985006261617e-16, 1600427184.5893509388, 0
1600427184.6013510227, -4.4408920985006261617e-16, 1600427184.6203510761, 4.4408920985006261617e-16, 1600427184.6203510761, 0
1600427184.6323509216, -4.4408920985006261617e-16, 1600427184.651350975, 4.4408920985006261617e-16, 1600427184.651350975, 0
1600427184.663351059, -4.4408920985006261617e-16, 1600427184.6823511124, 4.4408920985006261617e-16, 1600427184.6823511124, 0
1600427184.6943509579, -4.4408920985006261617e-16, 1600427184.7133510113, 4.4408920985006261617e-16, 1600427184.7133510113, 0
1600427184.7253510952, -4.4408920985006261617e-16, 1600427184.7443511486, 4.4408920985006261617e-16, 1600427184.7443511486, 0
1600427184.7563509941, -4.4408920985006261617e-16, 1600427184.7753510475, 4.4408920985006261617e-16, 1600427184.7753510475, 0
1600427184.7873511314, -4.4408920985006261617e-16, 1600427184.8063509464, 4.4408920985006261617e-16, 1600427184.8063509464, 0
1600427184.8183510303, -4.4408920985006261617e-16, 1600427184.8373510838, 4.4408920985006261617e-16, 1600427184.8373510838, 0
1600427184.8493509293, -4.4408920985006261617e-16, 1600427184.8683509827, 4.4408920985006261617e-16, 1600427184.8683509827, 0
1600427184.8813509941, -4.4408920985006261617e-16, 1600427184.9003510475, 4.4408920985006261617e-16, 1600427184.9003510475, 0
1600427184.9119288921, -4.4408920985006261617e-16, 1600427184.9309289455, 4.4408920985006261617e-16, 1600427184.9309289455, 0
1600427184.9429290295, -4.4408920985006261617e-16, 1600427184.9629290104, 4.4408920985006261617e-16, 1600427184.9629290104, 0
1600427184.9739289284, -4.4408920985006261617e-16, 1600427184.9939289093, 4.4408920985006261617e-16, 1600427184.9939289093, 0
1600427185.0049290657, -4.4408920985006261617e-16, 1600427185.0249290466, 4.4408920985006261617e-16, 1600427185.0249290466, 0
1600427185.0359289646, -4.4408920985006261617e-16, 1600427185.0559289455, 4.4408920985006261617e-16, 1600427185.0559289455, 0
1600427185.0669291019, -4.4408920985006261617e-16, 1600427185.0869290829, 4.4408920985006261617e-16, 1600427185.0869290829, 0
1600427185.0979290009, -4.4408920985006261617e-16, 1600427185.1179289818, 4.4408920985006261617e-16, 1600427185.1179289818, 0
1600427185.1289288998, -4.4408920985006261617e-16, 1600427185.1489288807, 4.4408920985006261617e-16, 1600427185.1489288807, 0
1600427185.1599290371, -4.4408920985006261617e-16, 1600427185.179929018, 4.4408920985006261617e-16, 1600427185.179929018, 0
1600427185.1919291019, -4.4408920985006261617e-16, 1600427185.2109289169, 4.4408920985006261617e-16, 1600427185.2109289169, 0
1600427185.2229290009, -4.4408920985006261617e-16, 1600427185.2419290543, 4.4408920985006261617e-16, 1600427185.2419290543, 0
1600427185.2539288998, -4.4408920985006261617e-16, 1600427185.2729289532, 4.4408920985006261617e-16, 1600427185.2729289532, 0
1600427185.2849290371, -4.4408920985006261617e-16, 1600427185.3039290905, 4.4408920985006261617e-16, 1600427185.3039290905, 0
1600427185.315928936, -4.4408920985006261617e-16, 1600427185.3349289894, 4.4408920985006261617e-16, 1600427185.3349289894, 0
1600427185.3469290733, -4.4408920985006261617e-16, 1600427185.3659288883, 4.4408920985006261617e-16, 1600427185.3659288883, 150
1600427185.3779289722, 0.81073361635208129883, 1600427185.3969290257, -0.81073361635208129883, 1600427185.3969290257, 150
1600427185.4089291096, 2.4322006702423095703, 1600427185.4279289246, -2.4322006702423095703, 1600427185.4279289246, 150
1600427185.4399290085, 4.1887903213500976563, 1600427185.4589290619, -4.1887903213500976563, 1600427185.4589290619, 150
1600427185.4709289074, 6.0805020332336425781, 1600427185.4899289608, -6.0805020332336425781, 1600427185.4899289608, 150
1600427185.5019290447, 8.1073360443115234375, 1600427185.5209290981, -8.1073360443115234375, 1600427185.5209290981, 150
1600427185.5329289436, 9.1883144378662109375, 1600427185.551928997, -9.1883144378662109375, 1600427185.551928997, 150
1600427185.563929081, 9.4585580825805664063, 1600427185.582928896, -9.4585580825805664063, 1600427185.582928896, 150
1600427185.5949289799, 9.7288026809692382813, 1600427185.6139290333, -9.7288026809692382813, 1600427185.6139290333, 150
1600427185.6259288788, 9.7288026809692382813, 1600427185.6449289322, -9.7288026809692382813, 1600427185.6449289322, 150
1600427185.6569290161, 9.7288026809692382813, 1600427185.6759290695, -9.7288026809692382813, 1600427185.6759290695, 150
1600427185.687928915, 9.7288026809692382813, 1600427185.7069289684, -9.7288026809692382813, 1600427185.7069289684, 150
1600427185.7189290524, 9.8639249801635742188, 1600427185.7379291058, -9.8639249801635742188, 1600427185.7379291058, 150
1600427185.7499289513, 9.7288026809692382813, 1600427185.7689290047, -9.7288026809692382813, 1600427185.7689290047, 150
1600427185.7809290886, 9.8639249801635742188, 1600427185.7999289036, -9.8639249801635742188, 1600427185.7999289036, 150
1600427185.8119289875, 9.7288026809692382813, 1600427185.8309290409, -9.7288026809692382813, 1600427185.8309290409, 150
1600427185.8429288864, 9.8639249801635742188, 1600427185.8619289398, -9.8639249801635742188, 1600427185.8619289398, 150
1600427185.8739290237, 9.7288026809692382813, 1600427185.8929290771, -9.7288026809692382813, 1600427185.8929290771, 150
1600427185.9049289227, 9.7288026809692382813, 1600427185.9239289761, -9.7288026809692382813, 1600427185.9239289761, 150
1600427185.93592906, 9.5936803817749023438, 1600427185.954928875, -9.5936803817749023438, 1600427185.954928875, 150
1600427185.9669289589, 9.5936803817749023438, 1600427185.9859290123, -9.5936803817749023438, 1600427185.9859290123, 150
1600427185.9979290962, 9.4585580825805664063, 1600427186.0169289112, -9.4585580825805664063, 1600427186.0169289112, 150
1600427186.0329289436, 9.4817218780517578125, 1600427186.051928997, -9.4817218780517578125, 1600427186.051928997, 150
1600427186.063929081, 9.61684417724609375, 1600427186.082928896, -9.61684417724609375, 1600427186.082928896, 150
1600427186.0949289799, 9.61684417724609375, 1600427186.1139290333, -9.61684417724609375, 1600427186.1139290333, 150
1600427186.1259288788, 9.61684417724609375, 1600427186.1449289322, -9.61684417724609375, 1600427186.1449289322, 150
1600427186.1569290161, 9.61684417724609375, 1600427186.1759290695, -9.61684417724609375, 1600427186.1759290695, 150
1600427186.187928915, 9.5936803817749023438, 1600427186.2069289684, -9.5936803817749023438, 1600427186.2069289684, 150
1600427186.2189290524, 9.5936803817749023438, 1600427186.2379291058, -9.5936803817749023438, 1600427186.2379291058, 150
1600427186.2499289513, 9.5936803817749023438, 1600427186.2689290047, -9.5936803817749023438, 1600427186.2689290047, 150
1600427186.2809290886, 9.7288026809692382813, 1600427186.2999289036, -9.7288026809692382813, 1600427186.2999289036, 150
1600427186.3449289799, 9.800586700439453125, 1600427186.3639290333, -9.800586700439453125, 1600427186.3639290333, 150
1600427186.3759288788, 9.9357089996337890625, 1600427186.3949289322, -9.9357089996337890625, 1600427186.3949289322, 150
1600427186.4069290161, 9.800586700439453125, 1600427186.4259290695, -9.800586700439453125, 1600427186.4259290695, 150
1600427186.437928915, 9.9357089996337890625, 1600427186.457928896, -9.9357089996337890625, 1600427186.457928896, 150
1600427186.4689290524, 9.800586700439453125, 1600427186.4889290333, -9.800586700439453125, 1600427186.4889290333, 150
1600427186.4999289513, 9.8639249801635742188, 1600427186.5199289322, -9.8639249801635742188, 1600427186.5199289322, 150
1600427186.5309290886, 9.7288026809692382813, 1600427186.5509290695, -9.7288026809692382813, 1600427186.5509290695, 150
1600427186.5619289875, 9.7288026809692382813, 1600427186.5819289684, -9.7288026809692382813, 1600427186.5819289684, 150
1600427186.5929288864, 9.5936803817749023438, 1600427186.6129291058, -9.5936803817749023438, 1600427186.6129291058, 150
1600427186.6249289513, 9.5936803817749023438, 1600427186.6439290047, -9.5936803817749023438, 1600427186.6439290047, 150
1600427186.6559290886, 9.5936803817749023438, 1600427186.6749289036, -9.5936803817749023438, 1600427186.6749289036, 150
1600427186.6869289875, 9.5936803817749023438, 1600427186.7059290409, -9.5936803817749023438, 1600427186.7059290409, 150
1600427186.7179288864, 9.7288026809692382813, 1600427186.7369289398, -9.7288026809692382813, 1600427186.7369289398, 150
1600427186.7489290237, 9.7288026809692382813, 1600427186.7679290771, -9.7288026809692382813, 1600427186.7679290771, 150
1600427186.7799289227, 9.8639249801635742188, 1600427186.7989289761, -9.8639249801635742188, 1600427186.7989289761, 150
1600427186.81092906, 9.7288026809692382813, 1600427186.829928875, -9.7288026809692382813, 1600427186.829928875, 150
1600427186.8419289589, 9.800586700439453125, 1600427186.8609290123, -9.800586700439453125, 1600427186.8609290123, 150
1600427186.8729290962, 9.6654644012451171875, 1600427186.8919289112, -9.6654644012451171875, 1600427186.8919289112, 150
1600427186.9039289951, 9.800586700439453125, 1600427186.9229290485, -9.800586700439453125, 1600427186.9229290485, 150
1600427186.934928894, 9.6654644012451171875, 1600427186.9539289474, -9.6654644012451171875, 1600427186.9539289474, 150
1600427186.9659290314, 9.6654644012451171875, 1600427186.9849290848, -9.6654644012451171875, 1600427186.9849290848, 150
1600427186.9969289303, 9.7288026809692382813, 1600427187.0159289837, -9.7288026809692382813, 1600427187.0159289837, 150
1600427187.0279290676, 9.7288026809692382813, 1600427187.0469288826, -9.7288026809692382813, 1600427187.0469288826, 150
1600427187.0589289665, 9.7288026809692382813, 1600427187.0779290199, -9.7288026809692382813, 1600427187.0779290199, 150
1600427187.0899291039, 9.7288026809692382813, 1600427187.1089289188, -9.7288026809692382813, 1600427187.1089289188, 150
1600427187.1209290028, 9.8639249801635742188, 1600427187.1399290562, -9.8639249801635742188, 1600427187.1399290562, 150
1600427187.1519289017, 9.7288026809692382813, 1600427187.1709289551, -9.7288026809692382813, 1600427187.1709289551, 150
1600427187.182929039, 9.8639249801635742188, 1600427187.2019290924, -9.8639249801635742188, 1600427187.2019290924, 150
1600427187.2139289379, 9.7288026809692382813, 1600427187.2329289913, -9.7288026809692382813, 1600427187.2329289913, 150
1600427187.2449290752, 9.8639249801635742188, 1600427187.2639288902, -9.8639249801635742188, 1600427187.2639288902, 150
1600427187.2759289742, 9.7288026809692382813, 1600427187.2949290276, -9.7288026809692382813, 1600427187.2949290276, 150
1600427187.3069291115, 9.8639249801635742188, 1600427187.3259289265, -9.8639249801635742188, 1600427187.3259289265, 150
1600427187.3379290104, 9.7288026809692382813, 1600427187.3569290638, -9.7288026809692382813, 1600427187.3569290638, 150
1600427187.3689289093, 9.7288026809692382813, 1600427187.3879289627, -9.7288026809692382813, 1600427187.3879289627, 150
1600427187.4019289017, 9.6654644012451171875, 1600427187.4209289551, -9.6654644012451171875, 1600427187.4209289551, 150
1600427187.432929039, 9.800586700439453125, 1600427187.4519290924, -9.800586700439453125, 1600427187.4519290924, 150
1600427187.4639408588, 9.6654644012451171875, 1600427187.4829409122, -9.6654644012451171875, 1600427187.4829409122, 150
1600427187.4949409962, 9.800586700439453125, 1600427187.5139408112, -9.800586700439453125, 1600427187.5139408112, 150
1600427187.5259408951, 9.800586700439453125, 1600427187.5449409485, -9.800586700439453125, 1600427187.5449409485, 150
1600427187.556940794, 9.800586700439453125, 1600427187.5759408474, -9.800586700439453125, 1600427187.5759408474, 150
1600427187.5879409313, 9.6654644012451171875, 1600427187.6069409847, -9.6654644012451171875, 1600427187.6069409847, 150
1600427187.6189408302, 9.6654644012451171875, 1600427187.6379408836, -9.6654644012451171875, 1600427187.6379408836, 150
1600427187.6499409676, 9.6654644012451171875, 1600427187.6689407825, -9.6654644012451171875, 1600427187.6689407825, 150
1600427187.6809408665, 9.6654644012451171875, 1600427187.6999409199, -9.6654644012451171875, 1600427187.6999409199, 150
1600427187.7119410038, 9.7288026809692382813, 1600427187.7309408188, -9.7288026809692382813, 1600427187.7309408188, 150
1600427187.7429409027, 9.7288026809692382813, 1600427187.7619409561, -9.7288026809692382813, 1600427187.7619409561, 150
1600427187.7739408016, 9.8639249801635742188, 1600427187.792940855, -9.8639249801635742188, 1600427187.792940855, 150
1600427187.8049409389, 9.7288026809692382813, 1600427187.8239409924, -9.7288026809692382813, 1600427187.8239409924, 150
1600427187.8359408379, 9.8639249801635742188, 1600427187.8549408913, -9.8639249801635742188, 1600427187.8549408913, 150
1600427187.8669409752, 9.8639249801635742188, 1600427187.8859407902, -9.8639249801635742188, 1600427187.8859407902, 150
1600427187.8979408741, 9.8639249801635742188, 1600427187.9169409275, -9.8639249801635742188, 1600427187.9169409275, 150
1600427187.9289410114, 9.8639249801635742188, 1600427187.9479408264, -9.8639249801635742188, 1600427187.9479408264, 150
1600427187.9599409103, 9.8639249801635742188, 1600427187.9789409637, -9.8639249801635742188, 1600427187.9789409637, 150
1600427187.9909408092, 9.8639249801635742188, 1600427188.0099408627, -9.8639249801635742188, 1600427188.0099408627, 150
1600427188.0219409466, 9.7288026809692382813, 1600427188.040941, -9.7288026809692382813, 1600427188.040941, 150
1600427188.0529408455, 9.8639249801635742188, 1600427188.0719408989, -9.8639249801635742188, 1600427188.0719408989, 150
1600427188.0839409828, 9.7288026809692382813, 1600427188.1029407978, -9.7288026809692382813, 1600427188.1029407978, 150
1600427188.1149408817, 9.8639249801635742188, 1600427188.1339409351, -9.8639249801635742188, 1600427188.1339409351, 150
1600427188.1459407806, 9.7288026809692382813, 1600427188.164940834, -9.7288026809692382813, 1600427188.164940834, 150
1600427188.176940918, 9.8639249801635742188, 1600427188.1959409714, -9.8639249801635742188, 1600427188.1959409714, 150
1600427188.2079408169, 9.8639249801635742188, 1600427188.2269408703, -9.8639249801635742188, 1600427188.2269408703, 150
1600427188.2389409542, 9.8639249801635742188, 1600427188.2579410076, -9.8639249801635742188, 1600427188.2579410076, 150
1600427188.2699408531, 9.8639249801635742188, 1600427188.2889409065, -9.8639249801635742188, 1600427188.2889409065, 150
1600427188.3009409904, 9.8639249801635742188, 1600427188.3199408054, -9.8639249801635742188, 1600427188.3199408054, 150
1600427188.3319408894, 9.8639249801635742188, 1600427188.3519408703, -9.8639249801635742188, 1600427188.3519408703, 150
1600427188.3969409466, 9.800586700439453125, 1600427188.415941, -9.800586700439453125, 1600427188.415941, 150
1600427188.4279408455, 9.8723707199096679688, 1600427188.4469408989, -9.8723707199096679688, 1600427188.4469408989, 150
1600427188.4589409828, 9.7372484207153320313, 1600427188.4779407978, -9.7372484207153320313, 1600427188.4779407978, 150
1600427188.4899408817, 9.8723707199096679688, 1600427188.5089409351, -9.8723707199096679688, 1600427188.5089409351, 150
1600427188.5209407806, 9.7372484207153320313, 1600427188.539940834, -9.7372484207153320313, 1600427188.539940834, 150
1600427188.551940918, 9.800586700439453125, 1600427188.5709409714, -9.800586700439453125, 1600427188.5709409714, 150
1600427188.5829408169, 9.8639249801635742188, 1600427188.6019408703, -9.8639249801635742188, 1600427188.6019408703, 150
1600427188.6139409542, 9.8639249801635742188, 1600427188.6329410076, -9.8639249801635742188, 1600427188.6329410076, 150
1600427188.6449408531, 9.8639249801635742188, 1600427188.6639409065, -9.8639249801635742188, 1600427188.6639409065, 150
1600427188.6759409904, 9.8639249801635742188, 1600427188.6949408054, -9.8639249801635742188, 1600427188.6949408054, 150
1600427188.7069408894, 9.8639249801635742188, 1600427188.7259409428, -9.8639249801635742188, 1600427188.7259409428, 150
1600427188.7379407883, 9.7288026809692382813, 1600427188.7569408417, -9.7288026809692382813, 1600427188.7569408417, 150
1600427188.7689409256, 9.8639249801635742188, 1600427188.787940979, -9.8639249801635742188, 1600427188.787940979, 150
1600427188.7999408245, 9.7288026809692382813, 1600427188.8189408779, -9.7288026809692382813, 1600427188.8189408779, 150
1600427188.8309409618, 9.8639249801635742188, 1600427188.8499407768, -9.8639249801635742188, 1600427188.8499407768, 150
1600427188.8619408607, 9.8639249801635742188, 1600427188.8809409142, -9.8639249801635742188, 1600427188.8809409142, 150
1600427188.8929409981, 9.8639249801635742188, 1600427188.9119408131, -9.8639249801635742188, 1600427188.9119408131, 150
1600427188.923940897, 9.8639249801635742188, 1600427188.9429409504, -9.8639249801635742188, 1600427188.9429409504, 150
1600427188.9549407959, 9.8639249801635742188, 1600427188.9739408493, -9.8639249801635742188, 1600427188.9739408493, 150
1600427188.9859409332, 9.7288026809692382813, 1600427189.0049409866, -9.7288026809692382813, 1600427189.0049409866, 150
1600427189.0169408321, 9.7288026809692382813, 1600427189.0359408855, -9.7288026809692382813, 1600427189.0359408855, 150
1600427189.0479409695, 9.7288026809692382813, 1600427189.0669407845, -9.7288026809692382813, 1600427189.0669407845, 150
1600427189.0789408684, 9.7288026809692382813, 1600427189.0979409218, -9.7288026809692382813, 1600427189.0979409218, 150
1600427189.1099410057, 9.7288026809692382813, 1600427189.1289408207, -9.7288026809692382813, 1600427189.1289408207, 150
1600427189.1409409046, 9.8639249801635742188, 1600427189.159940958, -9.8639249801635742188, 1600427189.159940958, 150
1600427189.1719408035, 9.7288026809692382813, 1600427189.1909408569, -9.7288026809692382813, 1600427189.1909408569, 150
1600427189.2029409409, 9.8639249801635742188, 1600427189.2229409218, -9.8639249801635742188, 1600427189.2229409218, 150
1600427189.2339408398, 9.7288026809692382813, 1600427189.2539408207, -9.7288026809692382813, 1600427189.2539408207, 150
1600427189.2649409771, 9.7288026809692382813, 1600427189.284940958, -9.7288026809692382813, 1600427189.284940958, 150
1600427189.295940876, 9.7288026809692382813, 1600427189.3159408569, -9.7288026809692382813, 1600427189.3159408569, 150
1600427189.3269410133, 9.7288026809692382813, 1600427189.3469409943, -9.7288026809692382813, 1600427189.3469409943, 150
1600427189.3589408398, 9.7288026809692382813, 1600427189.3779408932, -9.7288026809692382813, 1600427189.3779408932, 150
1600427189.3899409771, 9.7288026809692382813, 1600427189.4089407921, -9.7288026809692382813, 1600427189.4089407921, 150
1600427189.420940876, 9.8639249801635742188, 1600427189.4399409294, -9.8639249801635742188, 1600427189.4399409294, 150
1600427189.4519410133, 9.7288026809692382813, 1600427189.4709408283, -9.7288026809692382813, 1600427189.4709408283, 150
1600427189.4829409122, 9.8639249801635742188, 1600427189.5019409657, -9.8639249801635742188, 1600427189.5019409657, 150
1600427189.5139408112, 9.7288026809692382813, 1600427189.5329408646, -9.7288026809692382813, 1600427189.5329408646, 150
1600427189.5449409485, 9.8639249801635742188, 1600427189.5639410019, -9.8639249801635742188, 1600427189.5639410019, 150
1600427189.5759408474, 9.800586700439453125, 1600427189.5949409008, -9.800586700439453125, 1600427189.5949409008, 150
1600427189.6069409847, 9.800586700439453125, 1600427189.6259407997, -9.800586700439453125, 1600427189.6259407997, 150
1600427189.6379408836, 9.800586700439453125, 1600427189.656940937, -9.800586700439453125, 1600427189.656940937, 150
1600427189.6689407825, 9.800586700439453125, 1600427189.687940836, -9.800586700439453125, 1600427189.687940836, 150
1600427189.6999409199, 9.800586700439453125, 1600427189.7189409733, -9.800586700439453125, 1600427189.7189409733, 150
1600427189.7309408188, 9.7288026809692382813, 1600427189.7499408722, -9.7288026809692382813, 1600427189.7499408722, 150
1600427189.7619409561, 9.8639249801635742188, 1600427189.7809410095, -9.8639249801635742188, 1600427189.7809410095, 150
1600427189.792940855, 9.7288026809692382813, 1600427189.8119409084, -9.7288026809692382813, 1600427189.8119409084, 150
1600427189.8239409924, 9.8639249801635742188, 1600427189.8429408073, -9.8639249801635742188, 1600427189.8429408073, 150
1600427189.8549408913, 9.7288026809692382813, 1600427189.8739409447, -9.7288026809692382813, 1600427189.8739409447, 150
1600427189.8859407902, 9.7288026809692382813, 1600427189.9049408436, -9.7288026809692382813, 1600427189.9049408436, 150
1600427189.917940855, 9.6654644012451171875, 1600427189.937940836, -9.6654644012451171875, 1600427189.937940836, 150
1600427189.9484519958, 9.800586700439453125, 1600427189.9684522152, -9.800586700439453125, 1600427189.9684522152, 150
1600427189.9794521332, 9.6654644012451171875, 1600427189.9994521141, -9.6654644012451171875, 1600427189.9994521141, 150
1600427190.0104520321, 9.800586700439453125, 1600427190.030452013, -9.800586700439453125, 1600427190.030452013, 150
1600427190.0414521694, 9.800586700439453125, 1600427190.0614521503, -9.800586700439453125, 1600427190.0614521503, 150
1600427190.0734519958, 9.8639249801635742188, 1600427190.0924520493, -9.8639249801635742188, 1600427190.0924520493, 150
1600427190.1044521332, 9.7288026809692382813, 1600427190.1234521866, -9.7288026809692382813, 1600427190.1234521866, 150
1600427190.1354520321, 9.7288026809692382813, 1600427190.1544520855, -9.7288026809692382813, 1600427190.1544520855, 150
1600427190.1664521694, 9.7288026809692382813, 1600427190.1854519844, -9.7288026809692382813, 1600427190.1854519844, 150
1600427190.1974520683, 9.7288026809692382813, 1600427190.2164521217, -9.7288026809692382813, 1600427190.2164521217, 150
1600427190.2284522057, 9.7288026809692382813, 1600427190.2474520206, -9.7288026809692382813, 1600427190.2474520206, 150
1600427190.2594521046, 9.7288026809692382813, 1600427190.278452158, -9.7288026809692382813, 1600427190.278452158, 150
1600427190.2904520035, 9.800586700439453125, 1600427190.3094520569, -9.800586700439453125, 1600427190.3094520569, 150
1600427190.3214521408, 9.800586700439453125, 1600427190.3404521942, -9.800586700439453125, 1600427190.3404521942, 150
1600427190.3524520397, 9.800586700439453125, 1600427190.3714520931, -9.800586700439453125, 1600427190.3714520931, 150
1600427190.383452177, 9.800586700439453125, 1600427190.402451992, -9.800586700439453125, 1600427190.402451992, 150
1600427190.4474520683, 9.8723707199096679688, 1600427190.4664521217, -9.8723707199096679688, 1600427190.4664521217, 150
1600427190.4784522057, 9.800586700439453125, 1600427190.4974520206, -9.800586700439453125, 1600427190.4974520206, 150
1600427190.5094521046, 9.800586700439453125, 1600427190.528452158, -9.800586700439453125, 1600427190.528452158, 150
1600427190.5404520035, 9.800586700439453125, 1600427190.5594520569, -9.800586700439453125, 1600427190.5594520569, 150
1600427190.5714521408, 9.6654644012451171875, 1600427190.5904521942, -9.6654644012451171875, 1600427190.5904521942, 150
1600427190.6024520397, 9.7288026809692382813, 1600427190.6214520931, -9.7288026809692382813, 1600427190.6214520931, 150
1600427190.633452177, 9.7288026809692382813, 1600427190.652451992, -9.7288026809692382813, 1600427190.652451992, 150
1600427190.664452076, 9.7288026809692382813, 1600427190.6834521294, -9.7288026809692382813, 1600427190.6834521294, 150
1600427190.6954522133, 9.7288026809692382813, 1600427190.7144520283, -9.7288026809692382813, 1600427190.7144520283, 150
1600427190.7264521122, 9.8639249801635742188, 1600427190.7454521656, -9.8639249801635742188, 1600427190.7454521656, 150
1600427190.7574520111, 9.7288026809692382813, 1600427190.7764520645, -9.7288026809692382813, 1600427190.7764520645, 150
1600427190.7884521484, 9.7288026809692382813, 1600427190.8084521294, -9.7288026809692382813, 1600427190.8084521294, 150
1600427190.8194520473, 9.7288026809692382813, 1600427190.8394520283, -9.7288026809692382813, 1600427190.8394520283, 150
1600427190.8504521847, 9.7288026809692382813, 1600427190.8704521656, -9.7288026809692382813, 1600427190.8704521656, 150
1600427190.8814520836, 9.7288026809692382813, 1600427190.9014520645, -9.7288026809692382813, 1600427190.9014520645, 150
1600427190.9124519825, 9.8639249801635742188, 1600427190.9324522018, -9.8639249801635742188, 1600427190.9324522018, 150
1600427190.9444520473, 9.8639249801635742188, 1600427190.9634521008, -9.8639249801635742188, 1600427190.9634521008, 150
1600427190.9754521847, 9.8639249801635742188, 1600427190.9944519997, -9.8639249801635742188, 1600427190.9944519997, 150
1600427191.0064520836, 9.8639249801635742188, 1600427191.025452137, -9.8639249801635742188, 1600427191.025452137, 150
1600427191.0404520035, 9.7519664764404296875, 1600427191.0594520569, -9.7519664764404296875, 1600427191.0594520569, 150
1600427191.0714521408, 9.7519664764404296875, 1600427191.0904521942, -9.7519664764404296875, 1600427191.0904521942, 150
1600427191.1024520397, 9.7519664764404296875, 1600427191.1214520931, -9.7519664764404296875, 1600427191.1214520931, 150
1600427191.133452177, 9.61684417724609375, 1600427191.152451992, -9.61684417724609375, 1600427191.152451992, 150
1600427191.164452076, 9.7519664764404296875, 1600427191.1834521294, -9.7519664764404296875, 1600427191.1834521294, 150
1600427191.1954522133, 9.7288026809692382813, 1600427191.2144520283, -9.7288026809692382813, 1600427191.2144520283, 150
1600427191.2264521122, 9.7288026809692382813, 1600427191.2454521656, -9.7288026809692382813, 1600427191.2454521656, 150
1600427191.2574520111, 9.7288026809692382813, 1600427191.2764520645, -9.7288026809692382813, 1600427191.2764520645, 150
1600427191.2884521484, 9.8639249801635742188, 1600427191.3074522018, -9.8639249801635742188, 1600427191.3074522018, 150
1600427191.3194520473, 9.7288026809692382813, 1600427191.3384521008, -9.7288026809692382813, 1600427191.3384521008, 150
1600427191.3504521847, 9.8639249801635742188, 1600427191.3694519997, -9.8639249801635742188, 1600427191.3694519997, 150
1600427191.3814520836, 9.7288026809692382813, 1600427191.400452137, -9.7288026809692382813, 1600427191.400452137, 150
1600427191.4124519825, 9.7288026809692382813, 1600427191.4324522018, -9.7288026809692382813, 1600427191.4324522018, 150
1600427191.4434521198, 9.7288026809692382813, 1600427191.4634521008, -9.7288026809692382813, 1600427191.4634521008, 150
1600427191.4744520187, 9.7288026809692382813, 1600427191.4944519997, -9.7288026809692382813, 1600427191.4944519997, 150
1600427191.5054521561, 9.7288026809692382813, 1600427191.525452137, -9.7288026809692382813, 1600427191.525452137, 150
1600427191.536452055, 9.8639249801635742188, 1600427191.5564520359, -9.8639249801635742188, 1600427191.5564520359, 150
1600427191.5684521198, 9.8639249801635742188, 1600427191.5874521732, -9.8639249801635742188, 1600427191.5874521732, 150
1600427191.5994520187, 9.8639249801635742188, 1600427191.6184520721, -9.8639249801635742188, 1600427191.6184520721, 150
1600427191.6304521561, 9.8639249801635742188, 1600427191.6494522095, -9.8639249801635742188, 1600427191.6494522095, 150
1600427191.661452055, 9.8639249801635742188, 1600427191.6804521084, -9.8639249801635742188, 1600427191.6804521084, 150
1600427191.6924521923, 9.7288026809692382813, 1600427191.7114520073, -9.7288026809692382813, 1600427191.7114520073, 150
1600427191.7234520912, 9.7288026809692382813, 1600427191.7424521446, -9.7288026809692382813, 1600427191.7424521446, 150
1600427191.7544519901, 9.6654644012451171875, 1600427191.7734520435, -9.6654644012451171875, 1600427191.7734520435, 0
1600427191.7854521275, 8.8547306060791015625, 1600427191.8044521809, -8.8547306060791015625, 1600427191.8044521809, 0
1600427191.8164520264, 7.0981416702270507813, 1600427191.8354520798, -7.0981416702270507813, 1600427191.8354520798, 0
1600427191.8474521637, 5.3415522575378417969, 1600427191.8664519787, -5.3415522575378417969, 1600427191.8664519787, 0
1600427191.8784520626, 3.4498403072357177734, 1600427191.897452116, -3.4498403072357177734, 1600427191.897452116, 0
1600427191.9094521999, 1.4863449335098266602, 1600427191.9284520149, -1.4863449335098266602, 1600427191.9284520149, 0
1600427191.9404520988, 0.40536680817604064941, 1600427191.9594521523, -0.40536680817604064941, 1600427191.9594521523, 0
1600427191.9714519978, 0.1351222693920135498, 1600427191.9904520512, -0.1351222693920135498, 1600427191.9904520512, 0
1600427192.0024521351, 8.4376949871511897072e-15, 1600427192.0214521885, -8.4376949871511897072e-15, 1600427192.0214521885, 0
1600427192.033452034, 8.4376949871511897072e-15, 1600427192.0524520874, -8.4376949871511897072e-15, 1600427192.0524520874, 0
1600427192.0644521713, 8.4376949871511897072e-15, 1600427192.0834519863, -8.4376949871511897072e-15, 1600427192.0834519863, 0
1600427192.0954520702, 8.4376949871511897072e-15, 1600427192.1144521236, -8.4376949871511897072e-15, 1600427192.1144521236, 0
1600427192.1264522076, 8.4376949871511897072e-15, 1600427192.1454520226, -8.4376949871511897072e-15, 1600427192.1454520226, 0
1600427192.1574521065, 8.4376949871511897072e-15, 1600427192.1764521599, -8.4376949871511897072e-15, 1600427192.1764521599, 0
1600427192.1884520054, 8.4376949871511897072e-15, 1600427192.2074520588, -8.4376949871511897072e-15, 1600427192.2074520588, 0
1600427192.2194521427, 8.4376949871511897072e-15, 1600427192.2384521961, -8.4376949871511897072e-15, 1600427192.2384521961, 0
1600427192.2504520416, 8.4376949871511897072e-15, 1600427192.269452095, -8.4376949871511897072e-15, 1600427192.269452095, 0
1600427192.281452179, 8.4376949871511897072e-15, 1600427192.3004519939, -8.4376949871511897072e-15, 1600427192.3004519939, 0
1600427192.3124520779, 8.4376949871511897072e-15, 1600427192.3314521313, -8.4376949871511897072e-15, 1600427192.3314521313, 0
1600427192.3434522152, 8.4376949871511897072e-15, 1600427192.3624520302, -8.4376949871511897072e-15, 1600427192.3624520302, 0
1600427192.3744521141, 8.4376949871511897072e-15, 1600427192.3934521675, -8.4376949871511897072e-15, 1600427192.3934521675, 0
1600427192.405452013, 8.4376949871511897072e-15, 1600427192.4244520664, -8.4376949871511897072e-15, 1600427192.4244520664, 0
1600427192.4384520054, 8.4376949871511897072e-15, 1600427192.4574520588, -8.4376949871511897072e-15, 1600427192.4574520588, 0
1600427192.5024380684, 8.4376949871511897072e-15, 1600427192.5214381218, -8.4376949871511897072e-15, 1600427192.5214381218, 0
1600427192.5334379673, 8.4376949871511897072e-15, 1600427192.5524380207, -8.4376949871511897072e-15, 1600427192.5524380207, 0
1600427192.5644381046, 8.4376949871511897072e-15, 1600427192.5834379196, -8.4376949871511897072e-15, 1600427192.5834379196, 0
1600427192.5954380035, 8.4376949871511897072e-15, 1600427192.6144380569, -8.4376949871511897072e-15, 1600427192.6144380569, 0
1600427192.6264379025, 8.4376949871511897072e-15, 1600427192.6454379559, -8.4376949871511897072e-15, 1600427192.6454379559, 0
1600427192.6574380398, 8.4376949871511897072e-15, 1600427192.6764380932, -8.4376949871511897072e-15, 1600427192.6764380932, 0
1600427192.6884379387, 8.4376949871511897072e-15, 1600427192.7074379921, -8.4376949871511897072e-15, 1600427192.7074379921, 0
1600427192.719438076, 8.4376949871511897072e-15, 1600427192.7384381294, -8.4376949871511897072e-15, 1600427192.7384381294, 0
1600427192.7504379749, 8.4376949871511897072e-15, 1600427192.7694380283, -8.4376949871511897072e-15, 1600427192.7694380283, 0
1600427192.7814381123, 8.4376949871511897072e-15, 1600427192.8004379272, -8.4376949871511897072e-15, 1600427192.8004379272, 0
1600427192.8124380112, 8.4376949871511897072e-15, 1600427192.8314380646, -8.4376949871511897072e-15, 1600427192.8314380646, 0
1600427192.8434379101, 8.4376949871511897072e-15, 1600427192.8624379635, -8.4376949871511897072e-15, 1600427192.8624379635, 0
1600427192.8744380474, 8.4376949871511897072e-15, 1600427192.8934381008, -8.4376949871511897072e-15, 1600427192.8934381008, 0
1600427192.9054379463, 8.4376949871511897072e-15, 1600427192.9244379997, -8.4376949871511897072e-15, 1600427192.9244379997, 0
1600427192.9364380836, 8.4376949871511897072e-15, 1600427192.9554378986, -8.4376949871511897072e-15, 1600427192.9554378986, 0
1600427192.9674379826, 8.4376949871511897072e-15, 1600427192.986438036, -8.4376949871511897072e-15, 1600427192.986438036, 0
1600427192.9984381199, 8.4376949871511897072e-15, 1600427193.0184381008, -8.4376949871511897072e-15, 1600427193.0184381008, 0
1600427193.0294380188, 8.4376949871511897072e-15, 1600427193.0494379997, -8.4376949871511897072e-15, 1600427193.0494379997, 0
1600427193.0604379177, 8.4376949871511897072e-15, 1600427193.0804378986, -8.4376949871511897072e-15, 1600427193.0804378986, 0
1600427193.091438055, 8.4376949871511897072e-15, 1600427193.111438036, -8.4376949871511897072e-15, 1600427193.111438036, 0
1600427193.1224379539, 8.4376949871511897072e-15, 1600427193.1424379349, -8.4376949871511897072e-15, 1600427193.1424379349, 0
1600427193.1534380913, 8.4376949871511897072e-15, 1600427193.1734380722, -8.4376949871511897072e-15, 1600427193.1734380722, 0
1600427193.1844379902, 8.4376949871511897072e-15, 1600427193.2044379711, -8.4376949871511897072e-15, 1600427193.2044379711, 0
1600427193.216438055, 8.4376949871511897072e-15, 1600427193.2354381084, -8.4376949871511897072e-15, 1600427193.2354381084, 0
1600427193.2474379539, 8.4376949871511897072e-15, 1600427193.2664380074, -8.4376949871511897072e-15, 1600427193.2664380074, 0
1600427193.2784380913, 8.4376949871511897072e-15, 1600427193.2974379063, -8.4376949871511897072e-15, 1600427193.2974379063, 0
1600427193.3094379902, 8.4376949871511897072e-15, 1600427193.3284380436, -8.4376949871511897072e-15, 1600427193.3284380436, 0
1600427193.3404381275, 8.4376949871511897072e-15, 1600427193.3594379425, -8.4376949871511897072e-15, 1600427193.3594379425, 0
1600427193.3714380264, 8.4376949871511897072e-15, 1600427193.3904380798, -8.4376949871511897072e-15, 1600427193.3904380798, 0
1600427193.4024379253, 8.4376949871511897072e-15, 1600427193.4214379787, -8.4376949871511897072e-15, 1600427193.4214379787, 0
1600427193.4334380627, 8.4376949871511897072e-15, 1600427193.4524381161, -8.4376949871511897072e-15, 1600427193.4524381161, 0
1600427193.4644379616, 8.4376949871511897072e-15, 1600427193.483438015, -8.4376949871511897072e-15, 1600427193.483438015, 0
1600427193.4954380989, 8.4376949871511897072e-15, 1600427193.5144379139, -8.4376949871511897072e-15, 1600427193.5144379139, 0
1600427193.5264379978, 8.4376949871511897072e-15, 1600427193.5454380512, -8.4376949871511897072e-15, 1600427193.5454380512, 0
1600427193.5574378967, 8.4376949871511897072e-15, 1600427193.5764379501, -8.4376949871511897072e-15, 1600427193.5764379501, 0
1600427193.5884380341, 8.4376949871511897072e-15, 1600427193.6074380875, -8.4376949871511897072e-15, 1600427193.6074380875, 0
1600427193.619437933, 8.4376949871511897072e-15, 1600427193.6384379864, -8.4376949871511897072e-15, 1600427193.6384379864, 0
1600427193.6504380703, 8.4376949871511897072e-15, 1600427193.6694381237, -8.4376949871511897072e-15, 1600427193.6694381237, 0
1600427193.6814379692, 8.4376949871511897072e-15, 1600427193.7004380226, -8.4376949871511897072e-15, 1600427193.7004380226, 0
1600427193.7124381065, 8.4376949871511897072e-15, 1600427193.7314379215, -8.4376949871511897072e-15, 1600427193.7314379215, 0
1600427193.7434380054, 8.4376949871511897072e-15, 1600427193.7624380589, -8.4376949871511897072e-15, 1600427193.7624380589, 0
1600427193.7744379044, 8.4376949871511897072e-15, 1600427193.7934379578, -8.4376949871511897072e-15, 1600427193.7934379578, 0
1600427193.8054380417, 8.4376949871511897072e-15, 1600427193.8244380951, -8.4376949871511897072e-15, 1600427193.8244380951, 0
1600427193.8364379406, 8.4376949871511897072e-15, 1600427193.855437994, -8.4376949871511897072e-15, 1600427193.855437994, 0
1600427193.8674380779, 8.4376949871511897072e-15, 1600427193.8864378929, -8.4376949871511897072e-15, 1600427193.8864378929, 0
1600427193.8984379768, 8.4376949871511897072e-15, 1600427193.9174380302, -8.4376949871511897072e-15, 1600427193.9174380302, 0
1600427193.9294381142, 8.4376949871511897072e-15, 1600427193.9484379292, -8.4376949871511897072e-15, 1600427193.9484379292, 0
1600427193.9604380131, 8.4376949871511897072e-15, 1600427193.9794380665, -8.4376949871511897072e-15, 1600427193.9794380665, 0
1600427193.991437912, 8.4376949871511897072e-15, 1600427194.0104379654, -8.4376949871511897072e-15, 1600427194.0104379654, 0
1600427194.0224380493, 8.4376949871511897072e-15, 1600427194.0414381027, -8.4376949871511897072e-15, 1600427194.0414381027, 0
1600427194.0534379482, 8.4376949871511897072e-15, 1600427194.0724380016, -8.4376949871511897072e-15, 1600427194.0724380016, 0
1600427194.0844380856, 8.4376949871511897072e-15, 1600427194.1034379005, -8.4376949871511897072e-15, 1600427194.1034379005, 0
1600427194.1154379845, 8.4376949871511897072e-15, 1600427194.1344380379, -8.4376949871511897072e-15, 1600427194.1344380379, 0
1600427194.1464381218, 8.4376949871511897072e-15, 1600427194.1664381027, -8.4376949871511897072e-15, 1600427194.1664381027, 0
1600427194.1774380207, 8.4376949871511897072e-15, 1600427194.1974380016, -8.4376949871511897072e-15, 1600427194.1974380016, 0
1600427194.2084379196, 8.4376949871511897072e-15, 1600427194.2284379005, -8.4376949871511897072e-15, 1600427194.2284379005, 0
1600427194.2394380569, 8.4376949871511897072e-15, 1600427194.2594380379, -8.4376949871511897072e-15, 1600427194.2594380379, 0
1600427194.2704379559, 8.4376949871511897072e-15, 1600427194.2904379368, -8.4376949871511897072e-15, 1600427194.2904379368, 0
1600427194.3014380932, 8.4376949871511897072e-15, 1600427194.3214380741, -8.4376949871511897072e-15, 1600427194.3214380741, 0
