# /joint_state/header/stamp, /joint_state/velocity/0, /pid_left_state/header/stamp, /pid_left_state/error, /pid_left_state/header/stamp, /pid_left_state/output
1600456183.6568219662, 1.7186252760010602147e-14, 1600456183.6758220196, -1.7186252760010602147e-14, 1600456183.6758220196, -1.5467626636976594678e-13
1600456183.6868219376, 1.7186252760010602147e-14, 1600456183.7068219185, -1.7186252760010602147e-14, 1600456183.7068219185, -1.5467626636976594678e-13
1600456183.7178220749, 1.7186252760010602147e-14, 1600456183.7378220558, -1.7186252760010602147e-14, 1600456183.7378220558, -1.5467626636976594678e-13
1600456183.7488219738, 1.7186252760010602147e-14, 1600456183.7688219547, -1.7186252760010602147e-14, 1600456183.7688219547, -1.5467626636976594678e-13
1600456183.7808220387, 1.7186252760010602147e-14, 1600456183.7998220921, -1.7186252760010602147e-14, 1600456183.7998220921, -1.5467626636976594678e-13
1600456183.8118219376, 1.7186252760010602147e-14, 1600456183.830821991, -1.7186252760010602147e-14, 1600456183.830821991, -1.5467626636976594678e-13
1600456183.8428220749, 1.7186252760010602147e-14, 1600456183.8618218899, -1.7186252760010602147e-14, 1600456183.8618218899, -1.5467626636976594678e-13
1600456183.8738219738, 1.7186252760010602147e-14, 1600456183.8928220272, -1.7186252760010602147e-14, 1600456183.8928220272, -1.5467626636976594678e-13
1600456183.9048218727, 1.7186252760010602147e-14, 1600456183.9238219261, -1.7186252760010602147e-14, 1600456183.9238219261, -1.5467626636976594678e-13
1600456183.93582201, 1.7186252760010602147e-14, 1600456183.9548220634, -1.7186252760010602147e-14, 1600456183.9548220634, -1.5467626636976594678e-13
1600456183.966821909, 1.7186252760010602147e-14, 1600456183.9858219624, -1.7186252760010602147e-14, 1600456183.9858219624, -1.5467626636976594678e-13
1600456184.0308220387, 1.7186252760010602147e-14, 1600456184.0498220921, -1.7186252760010602147e-14, 1600456184.0498220921, -1.5467626636976594678e-13
1600456184.0618219376, 1.7186252760010602147e-14, 1600456184.080821991, -1.7186252760010602147e-14, 1600456184.080821991, -1.5467626636976594678e-13
1600456184.0928220749, 1.7186252760010602147e-14, 1600456184.1118218899, -1.7186252760010602147e-14, 1600456184.1118218899, -1.5467626636976594678e-13
1600456184.1238219738, 1.7186252760010602147e-14, 1600456184.1428220272, -1.7186252760010602147e-14, 1600456184.1428220272, -1.5467626636976594678e-13
1600456184.1548218727, 1.7186252760010602147e-14, 1600456184.1738219261, -1.7186252760010602147e-14, 1600456184.1738219261, -1.5467626636976594678e-13
1600456184.18582201, 1.7186252760010602147e-14, 1600456184.2048220634, -1.7186252760010602147e-14, 1600456184.2048220634, -1.5467626636976594678e-13
1600456184.216821909, 1.7186252760010602147e-14, 1600456184.2358219624, -1.7186252760010602147e-14, 1600456184.2358219624, -1.5467626636976594678e-13
1600456184.2478220463, 1.7186252760010602147e-14, 1600456184.2668218613, -1.7186252760010602147e-14, 1600456184.2668218613, -1.5467626636976594678e-13
1600456184.2788219452, 1.7186252760010602147e-14, 1600456184.2978219986, -1.7186252760010602147e-14, 1600456184.2978219986, -1.5467626636976594678e-13
1600456184.3098220825, 1.7186252760010602147e-14, 1600456184.3288218975, -1.7186252760010602147e-14, 1600456184.3288218975, -1.5467626636976594678e-13
1600456184.3408219814, 1.7186252760010602147e-14, 1600456184.3598220348, -1.7186252760010602147e-14, 1600456184.3598220348, -1.5467626636976594678e-13
1600456184.3718218803, 1.7186252760010602147e-14, 1600456184.3908219337, -1.7186252760010602147e-14, 1600456184.3908219337, -1.5467626636976594678e-13
1600456184.4028220177, 1.7186252760010602147e-14, 1600456184.4228219986, -1.7186252760010602147e-14, 1600456184.4228219986, -1.5467626636976594678e-13
1600456184.4338219166, 1.7186252760010602147e-14, 1600456184.4538218975, -1.7186252760010602147e-14, 1600456184.4538218975, -1.5467626636976594678e-13
1600456184.4648220539, 1.7186252760010602147e-14, 1600456184.4848220348, -1.7186252760010602147e-14, 1600456184.4848220348, -1.5467626636976594678e-13
1600456184.4958219528, 1.7186252760010602147e-14, 1600456184.5158219337, -1.7186252760010602147e-14, 1600456184.5158219337, -1.5467626636976594678e-13
1600456184.5278220177, 1.7186252760010602147e-14, 1600456184.5468220711, -1.7186252760010602147e-14, 1600456184.5468220711, -1.5467626636976594678e-13
1600456184.5578219891, 1.7186252760010602147e-14, 1600456184.57782197, -1.7186252760010602147e-14, 1600456184.57782197, -1.5467626636976594678e-13
1600456184.588821888, 1.7186252760010602147e-14, 1600456184.6088218689, -1.7186252760010602147e-14, 1600456184.6088218689, -1.5467626636976594678e-13
1600456184.6198220253, 1.7186252760010602147e-14, 1600456184.6398220062, -1.7186252760010602147e-14, 1600456184.6398220062, -1.5467626636976594678e-13
1600456184.6518220901, 1.7186252760010602147e-14, 1600456184.6708219051, -1.7186252760010602147e-14, 1600456184.6708219051, -1.5467626636976594678e-13
1600456184.6828219891, 1.7186252760010602147e-14, 1600456184.7018220425, -1.7186252760010602147e-14, 1600456184.7018220425, -1.5467626636976594678e-13
1600456184.713821888, 1.7186252760010602147e-14, 1600456184.7328219414, -1.7186252760010602147e-14, 1600456184.7328219414, -1.5467626636976594678e-13
1600456184.7448220253, 1.7186252760010602147e-14, 1600456184.7638220787, -1.7186252760010602147e-14, 1600456184.7638220787, -1.5467626636976594678e-13
1600456184.7758219242, 1.7186252760010602147e-14, 1600456184.7948219776, -1.7186252760010602147e-14, 1600456184.7948219776, -1.5467626636976594678e-13
1600456184.8068220615, 1.7186252760010602147e-14, 1600456184.8258218765, -1.7186252760010602147e-14, 1600456184.8258218765, -1.5467626636976594678e-13
1600456184.8378219604, 1.7186252760010602147e-14, 1600456184.8568220139, -1.7186252760010602147e-14, 1600456184.8568220139, -1.5467626636976594678e-13
1600456184.8688220978, 1.7186252760010602147e-14, 1600456184.8878219128, -1.7186252760010602147e-14, 1600456184.8878219128, -1.5467626636976594678e-13
1600456184.8998219967, 1.7186252760010602147e-14, 1600456184.9188220501, -1.7186252760010602147e-14, 1600456184.9188220501, -1.5467626636976594678e-13
1600456184.9308218956, 1.7186252760010602147e-14, 1600456184.949821949, -1.7186252760010602147e-14, 1600456184.949821949, -1.5467626636976594678e-13
1600456184.9618220329, 1.7186252760010602147e-14, 1600456184.9808220863, -1.7186252760010602147e-14, 1600456184.9808220863, -1.5467626636976594678e-13
1600456184.9928219318, 1.7186252760010602147e-14, 1600456185.0118219852, 5, 1600456185.0118219852, -1.5467626636976594678e-13
1600456185.0238220692, 1.7186252760010602147e-14, 1600456185.0428218842, 5, 1600456185.0428218842, 45
1600456185.0548219681, 0.067561134696006774902, 1600456185.0738220215, 4.9324388504028320313, 1600456185.0738220215, 45
1600456185.085821867, 0.33780565857887268066, 1600456185.1048219204, 4.6621942520141601563, 1600456185.1048219204, 45
1600456185.1168220043, 0.54048907756805419922, 1600456185.1358220577, 4.45951080322265625, 1600456185.1358220577, 45
1600456185.1478219032, 0.81073361635208129883, 1600456185.1668219566, 4.189266204833984375, 1600456185.1668219566, 37.703395843505859375
1600456185.1788220406, 1.0134170055389404297, 1600456185.197822094, 3.9865829944610595703, 1600456185.197822094, 37.703395843505859375
1600456185.2098219395, 1.2836614847183227539, 1600456185.2288219929, 3.7163383960723876953, 1600456185.2288219929, 37.703395843505859375
1600456185.2408220768, 1.4863449335098266602, 1600456185.2598218918, 3.5136551856994628906, 1600456185.2598218918, 37.703395843505859375
1600456185.2718219757, 1.6890282630920410156, 1600456185.2908220291, 3.3109717369079589844, 1600456185.2908220291, 29.798746109008789063
1600456185.3028218746, 1.8917117118835449219, 1600456185.321821928, 3.1082882881164550781, 1600456185.321821928, 29.798746109008789063
1600456185.3338220119, 2.0268340110778808594, 1600456185.3528220654, 2.9731659889221191406, 1600456185.3528220654, 29.798746109008789063
1600456185.3648219109, 2.1619563102722167969, 1600456185.3838219643, 2.8380436897277832031, 1600456185.3838219643, 29.798746109008789063
1600456185.3958220482, 2.0268340110778808594, 1600456185.4148218632, 2.9731659889221191406, 1600456185.4148218632, 26.758493423461914063
1600456185.4268219471, 1.9592728614807128906, 1600456185.4458220005, 3.0407271385192871094, 1600456185.4458220005, 26.758493423461914063
1600456185.4598219395, 1.8199280500411987305, 1600456185.4788219929, 3.1800720691680908203, 1600456185.4788219929, 26.758493423461914063
1600456185.4913561344, 1.7481442689895629883, 1600456185.5103561878, 3.2518556118011474609, 1600456185.5103561878, 26.758493423461914063
1600456185.5223560333, 1.6130220890045166016, 1600456185.5413560867, 3.3869779109954833984, 1600456185.5413560867, 30.482801437377929688
1600456185.5533561707, 1.5454609394073486328, 1600456185.5723559856, 3.4545390605926513672, 1600456185.5723559856, 30.482801437377929688
1600456185.5843560696, 1.4778997898101806641, 1600456185.603356123, 3.5221002101898193359, 1600456185.603356123, 30.482801437377929688
1600456185.6153559685, 1.4103386402130126953, 1600456185.6343560219, 3.5896613597869873047, 1600456185.6343560219, 30.482801437377929688
1600456185.6463561058, 1.4103386402130126953, 1600456185.6653561592, 3.5896613597869873047, 1600456185.6653561592, 32.30695343017578125
1600456185.6773560047, 1.3427774906158447266, 1600456185.6963560581, 3.6572225093841552734, 1600456185.6963560581, 32.30695343017578125
1600456185.708356142, 1.4103386402130126953, 1600456185.727355957, 3.5896613597869873047, 1600456185.727355957, 32.30695343017578125
1600456185.739356041, 1.4778997898101806641, 1600456185.7583560944, 3.5221002101898193359, 1600456185.7583560944, 32.30695343017578125
1600456185.7703561783, 1.4821223020553588867, 1600456185.7893559933, 3.5178775787353515625, 1600456185.7893559933, 31.660898208618164063
1600456185.8013560772, 1.5539060831069946289, 1600456185.8203561306, 3.4460940361022949219, 1600456185.8203561306, 31.660898208618164063
1600456185.8323559761, 1.5539060831069946289, 1600456185.8513560295, 3.4460940361022949219, 1600456185.8513560295, 31.660898208618164063
1600456185.8633561134, 1.6214672327041625977, 1600456185.8823561668, 3.3785328865051269531, 1600456185.8823561668, 31.660898208618164063
1600456185.8943560123, 1.6214672327041625977, 1600456185.9133560658, 3.3785328865051269531, 1600456185.9133560658, 30.406795501708984375
1600456185.9253561497, 1.6890282630920410156, 1600456185.9443559647, 3.3109717369079589844, 1600456185.9443559647, 30.406795501708984375
1600456185.9563560486, 1.6890282630920410156, 1600456185.975356102, 3.3109717369079589844, 1600456185.975356102, 30.406795501708984375
1600456185.9873561859, 1.7565894126892089844, 1600456186.0063560009, 3.2434105873107910156, 1600456186.0063560009, 30.406795501708984375
1600456186.0183560848, 1.6890282630920410156, 1600456186.0373561382, 3.3109717369079589844, 1600456186.0373561382, 29.798746109008789063
1600456186.0823559761, 1.6499695777893066406, 1600456186.102355957, 3.3500304222106933594, 1600456186.102355957, 29.798746109008789063
1600456186.1133561134, 1.6499695777893066406, 1600456186.1333560944, 3.3500304222106933594, 1600456186.1333560944, 29.798746109008789063
1600456186.1453561783, 1.6499695777893066406, 1600456186.1643559933, 3.3500304222106933594, 1600456186.1643559933, 30.150274276733398438
1600456186.1763560772, 1.6499695777893066406, 1600456186.1953561306, 3.3500304222106933594, 1600456186.1953561306, 30.150274276733398438
1600456186.2073559761, 1.5824084281921386719, 1600456186.2263560295, 3.4175915718078613281, 1600456186.2263560295, 30.150274276733398438
1600456186.2383561134, 1.6499695777893066406, 1600456186.2573561668, 3.3500304222106933594, 1600456186.2573561668, 30.150274276733398438
1600456186.2693560123, 1.5824084281921386719, 1600456186.2883560658, 3.4175915718078613281, 1600456186.2883560658, 30.75832366943359375
1600456186.3003561497, 1.5824084281921386719, 1600456186.3193559647, 3.4175915718078613281, 1600456186.3193559647, 30.75832366943359375
1600456186.3313560486, 1.5824084281921386719, 1600456186.350356102, 3.4175915718078613281, 1600456186.350356102, 30.75832366943359375
1600456186.3623561859, 1.5824084281921386719, 1600456186.3813560009, 3.4175915718078613281, 1600456186.3813560009, 30.75832366943359375
1600456186.3933560848, 1.6151332855224609375, 1600456186.4123561382, 3.3848667144775390625, 1600456186.4123561382, 30.463800430297851563
1600456186.4243559837, 1.6151332855224609375, 1600456186.4433560371, 3.3848667144775390625, 1600456186.4433560371, 30.463800430297851563
1600456186.4553561211, 1.5475721359252929688, 1600456186.4743561745, 3.4524278640747070313, 1600456186.4743561745, 30.463800430297851563
1600456186.48635602, 1.6151332855224609375, 1600456186.5053560734, 3.3848667144775390625, 1600456186.5053560734, 30.463800430297851563
1600456186.5173561573, 1.6151332855224609375, 1600456186.5363559723, 3.3848667144775390625, 1600456186.5363559723, 30.463800430297851563
1600456186.5483560562, 1.6151332855224609375, 1600456186.5673561096, 3.3848667144775390625, 1600456186.5673561096, 30.463800430297851563
1600456186.5793559551, 1.6151332855224609375, 1600456186.5983560085, 3.3848667144775390625, 1600456186.5983560085, 30.463800430297851563
1600456186.6103560925, 1.6151332855224609375, 1600456186.6293561459, 3.3848667144775390625, 1600456186.6293561459, 30.463800430297851563
1600456186.6413559914, 1.6151332855224609375, 1600456186.6603560448, 3.3848667144775390625, 1600456186.6603560448, 30.463800430297851563
1600456186.6723561287, 1.6151332855224609375, 1600456186.6913561821, 3.3848667144775390625, 1600456186.6913561821, 30.463800430297851563
1600456186.7033560276, 1.6214672327041625977, 1600456186.722356081, 3.3785328865051269531, 1600456186.722356081, 30.463800430297851563
1600456186.7343561649, 1.6214672327041625977, 1600456186.7533559799, 3.3785328865051269531, 1600456186.7533559799, 30.463800430297851563
1600456186.7653560638, 1.6214672327041625977, 1600456186.7843561172, 3.3785328865051269531, 1600456186.7843561172, 30.406795501708984375
1600456186.7963559628, 1.6214672327041625977, 1600456186.8153560162, 3.3785328865051269531, 1600456186.8153560162, 30.406795501708984375
1600456186.8273561001, 1.6214672327041625977, 1600456186.8463561535, 3.3785328865051269531, 1600456186.8463561535, 30.406795501708984375
1600456186.858355999, 1.6214672327041625977, 1600456186.8773560524, 3.3785328865051269531, 1600456186.8773560524, 30.406795501708984375
1600456186.8893561363, 1.6214672327041625977, 1600456186.9083559513, 3.3785328865051269531, 1600456186.9083559513, 30.406795501708984375
1600456186.9243559837, 1.6711444854736328125, 1600456186.9433560371, 3.3288555145263671875, 1600456186.9433560371, 30.406795501708984375
1600456186.9553561211, 1.6035833358764648438, 1600456186.9743561745, 3.3964166641235351563, 1600456186.9743561745, 30.406795501708984375
1600456186.98635602, 1.6035833358764648438, 1600456187.0053560734, 3.3964166641235351563, 1600456187.0053560734, 30.406795501708984375
1600456187.0173561573, 1.5972495079040527344, 1600456187.0363559723, 3.4027504920959472656, 1600456187.0363559723, 30.624753952026367188
1600456187.0483560562, 1.5972495079040527344, 1600456187.0673561096, 3.4027504920959472656, 1600456187.0673561096, 30.624753952026367188
1600456187.0793559551, 1.6648106575012207031, 1600456187.0983560085, 3.3351893424987792969, 1600456187.0983560085, 30.624753952026367188
1600456187.1103560925, 1.5972495079040527344, 1600456187.1293561459, 3.4027504920959472656, 1600456187.1293561459, 30.624753952026367188
1600456187.1413559914, 1.5972495079040527344, 1600456187.1603560448, 3.4027504920959472656, 1600456187.1603560448, 30.624753952026367188
1600456187.1723561287, 1.5972495079040527344, 1600456187.1913561821, 3.4027504920959472656, 1600456187.1913561821, 30.624753952026367188
1600456187.2033560276, 1.5972495079040527344, 1600456187.222356081, 3.4027504920959472656, 1600456187.222356081, 30.624753952026367188
1600456187.2343561649, 1.6151332855224609375, 1600456187.2533559799, 3.3848667144775390625, 1600456187.2533559799, 30.624753952026367188
1600456187.2653560638, 1.6151332855224609375, 1600456187.2843561172, 3.3848667144775390625, 1600456187.2843561172, 30.463800430297851563
1600456187.2963559628, 1.6151332855224609375, 1600456187.3153560162, 3.3848667144775390625, 1600456187.3153560162, 30.463800430297851563
1600456187.3273561001, 1.6214672327041625977, 1600456187.3463561535, 3.3785328865051269531, 1600456187.3463561535, 30.463800430297851563
1600456187.358355999, 1.6214672327041625977, 1600456187.3773560524, 3.3785328865051269531, 1600456187.3773560524, 30.463800430297851563
1600456187.3893561363, 1.5539060831069946289, 1600456187.4083559513, 3.4460940361022949219, 1600456187.4083559513, 31.014844894409179688
1600456187.4203560352, 1.6214672327041625977, 1600456187.4393560886, 3.3785328865051269531, 1600456187.4393560886, 31.014844894409179688
1600456187.4513561726, 1.6214672327041625977, 1600456187.4703559875, 3.3785328865051269531, 1600456187.4703559875, 31.014844894409179688
1600456187.4823560715, 1.6214672327041625977, 1600456187.5013561249, 3.3785328865051269531, 1600456187.5013561249, 31.014844894409179688
1600456187.5133559704, 1.6214672327041625977, 1600456187.5323560238, 3.3785328865051269531, 1600456187.5323560238, 30.406795501708984375
1600456187.5443561077, 1.6214672327041625977, 1600456187.5633561611, 3.3785328865051269531, 1600456187.5633561611, 30.406795501708984375
1600456187.5753560066, 1.6214672327041625977, 1600456187.59435606, 3.3785328865051269531, 1600456187.59435606, 30.406795501708984375
1600456187.606356144, 1.6890282630920410156, 1600456187.6253559589, 3.3109717369079589844, 1600456187.6253559589, 30.406795501708984375
1600456187.6373560429, 1.6214672327041625977, 1600456187.6563560963, 3.3785328865051269531, 1600456187.6563560963, 30.406795501708984375
1600456187.6683561802, 1.6214672327041625977, 1600456187.6873559952, 3.3785328865051269531, 1600456187.6873559952, 30.406795501708984375
1600456187.6993560791, 1.6890282630920410156, 1600456187.7183561325, 3.3109717369079589844, 1600456187.7183561325, 30.406795501708984375
1600456187.730355978, 1.6214672327041625977, 1600456187.7493560314, 3.3785328865051269531, 1600456187.7493560314, 30.406795501708984375
1600456187.7613561153, 1.6214672327041625977, 1600456187.7803561687, 3.3785328865051269531, 1600456187.7803561687, 30.406795501708984375
1600456187.7923560143, 1.6214672327041625977, 1600456187.8123559952, 3.3785328865051269531, 1600456187.8123559952, 30.406795501708984375
1600456187.8233561516, 1.6214672327041625977, 1600456187.8433561325, 3.3785328865051269531, 1600456187.8433561325, 30.406795501708984375
1600456187.8543560505, 1.6214672327041625977, 1600456187.8743560314, 3.3785328865051269531, 1600456187.8743560314, 30.406795501708984375
1600456187.8863561153, 1.6214672327041625977, 1600456187.9053561687, 3.3785328865051269531, 1600456187.9053561687, 30.406795501708984375
1600456187.9163560867, 1.5539060831069946289, 1600456187.9363560677, 3.4460940361022949219, 1600456187.9363560677, 30.406795501708984375
1600456187.9483561516, 1.6214672327041625977, 1600456187.9673559666, 3.3785328865051269531, 1600456187.9673559666, 30.406795501708984375
1600456187.980355978, 1.6132779121398925781, 1600456187.9993560314, 3.3867220878601074219, 1600456187.9993560314, 30.406795501708984375
1600456188.0104238987, 1.6132779121398925781, 1600456188.0294239521, 3.3867220878601074219, 1600456188.0294239521, 30.480499267578125
1600456188.041424036, 1.6132779121398925781, 1600456188.0604240894, 3.3867220878601074219, 1600456188.0604240894, 30.480499267578125
1600456188.0724239349, 1.6808390617370605469, 1600456188.0914239883, 3.3191609382629394531, 1600456188.0914239883, 30.480499267578125
1600456188.1364240646, 1.6417802572250366211, 1600456188.155424118, 3.3582196235656738281, 1600456188.155424118, 30.223978042602539063
1600456188.1674239635, 1.6417802572250366211, 1600456188.186424017, 3.3582196235656738281, 1600456188.186424017, 30.223978042602539063
1600456188.1984241009, 1.5742192268371582031, 1600456188.2184240818, 3.4257807731628417969, 1600456188.2184240818, 30.223978042602539063
1600456188.2294239998, 1.6417802572250366211, 1600456188.2494239807, 3.3582196235656738281, 1600456188.2494239807, 30.223978042602539063
1600456188.2614240646, 1.6417802572250366211, 1600456188.280424118, 3.3582196235656738281, 1600456188.280424118, 30.223978042602539063
1600456188.291424036, 1.6417802572250366211, 1600456188.311424017, 3.3582196235656738281, 1600456188.311424017, 30.223978042602539063
1600456188.3224239349, 1.6499695777893066406, 1600456188.3424239159, 3.3500304222106933594, 1600456188.3424239159, 30.223978042602539063
1600456188.3534240723, 1.6499695777893066406, 1600456188.3734240532, 3.3500304222106933594, 1600456188.3734240532, 30.223978042602539063
1600456188.3854238987, 1.6499695777893066406, 1600456188.4044239521, 3.3500304222106933594, 1600456188.4044239521, 30.150274276733398438
1600456188.416424036, 1.5824084281921386719, 1600456188.4354240894, 3.4175915718078613281, 1600456188.4354240894, 30.150274276733398438
1600456188.4474239349, 1.6214672327041625977, 1600456188.4664239883, 3.3785328865051269531, 1600456188.4664239883, 30.150274276733398438
1600456188.4784240723, 1.6214672327041625977, 1600456188.4974238873, 3.3785328865051269531, 1600456188.4974238873, 30.150274276733398438
1600456188.5094239712, 1.6890282630920410156, 1600456188.5284240246, 3.3109717369079589844, 1600456188.5284240246, 29.798746109008789063
1600456188.5404241085, 1.6214672327041625977, 1600456188.5594239235, 3.3785328865051269531, 1600456188.5594239235, 29.798746109008789063
1600456188.5714240074, 1.6214672327041625977, 1600456188.5904240608, 3.3785328865051269531, 1600456188.5904240608, 29.798746109008789063
1600456188.6024239063, 1.6151332855224609375, 1600456188.6214239597, 3.3848667144775390625, 1600456188.6214239597, 29.798746109008789063
1600456188.6334240437, 1.6151332855224609375, 1600456188.6524240971, 3.3848667144775390625, 1600456188.6524240971, 30.463800430297851563
1600456188.6644239426, 1.6151332855224609375, 1600456188.683423996, 3.3848667144775390625, 1600456188.683423996, 30.463800430297851563
1600456188.6954240799, 1.6151332855224609375, 1600456188.7144238949, 3.3848667144775390625, 1600456188.7144238949, 30.463800430297851563
1600456188.7264239788, 1.6151332855224609375, 1600456188.7454240322, 3.3848667144775390625, 1600456188.7454240322, 30.463800430297851563
1600456188.7574241161, 1.6151332855224609375, 1600456188.7764239311, 3.3848667144775390625, 1600456188.7764239311, 30.463800430297851563
1600456188.788424015, 1.6151332855224609375, 1600456188.8074240685, 3.3848667144775390625, 1600456188.8074240685, 30.463800430297851563
1600456188.819423914, 1.6151332855224609375, 1600456188.8384239674, 3.3848667144775390625, 1600456188.8384239674, 30.463800430297851563
1600456188.8504240513, 1.6151332855224609375, 1600456188.8694241047, 3.3848667144775390625, 1600456188.8694241047, 30.463800430297851563
1600456188.8814239502, 1.6826944351196289063, 1600456188.9004240036, 3.3173055648803710938, 1600456188.9004240036, 29.855749130249023438
1600456188.9124240875, 1.6214672327041625977, 1600456188.9314239025, 3.3785328865051269531, 1600456188.9314239025, 29.855749130249023438
1600456188.9434239864, 1.6214672327041625977, 1600456188.9624240398, 3.3785328865051269531, 1600456188.9624240398, 29.855749130249023438
1600456188.9744238853, 1.6214672327041625977, 1600456188.9934239388, 3.3785328865051269531, 1600456188.9934239388, 29.855749130249023438
1600456189.0054240227, 1.6214672327041625977, 1600456189.0244240761, 3.3785328865051269531, 1600456189.0244240761, 30.406795501708984375
1600456189.0364239216, 1.6214672327041625977, 1600456189.055423975, 3.3785328865051269531, 1600456189.055423975, 30.406795501708984375
1600456189.0674240589, 1.6214672327041625977, 1600456189.0864241123, 3.3785328865051269531, 1600456189.0864241123, 30.406795501708984375
1600456189.0984239578, 1.6214672327041625977, 1600456189.1174240112, 3.3785328865051269531, 1600456189.1174240112, 30.406795501708984375
1600456189.1294240952, 1.6214672327041625977, 1600456189.1484239101, 3.3785328865051269531, 1600456189.1484239101, 30.406795501708984375
1600456189.1604239941, 1.6214672327041625977, 1600456189.1794240475, 3.3785328865051269531, 1600456189.1794240475, 30.406795501708984375
1600456189.191423893, 1.6214672327041625977, 1600456189.2104239464, 3.3785328865051269531, 1600456189.2104239464, 30.406795501708984375
1600456189.2224240303, 1.6214672327041625977, 1600456189.2414240837, 3.3785328865051269531, 1600456189.2414240837, 30.406795501708984375
1600456189.2534239292, 1.6214672327041625977, 1600456189.2724239826, 3.3785328865051269531, 1600456189.2724239826, 30.406795501708984375
1600456189.2844240665, 1.6214672327041625977, 1600456189.3034238815, 3.3785328865051269531, 1600456189.3034238815, 30.406795501708984375
1600456189.3154239655, 1.6214672327041625977, 1600456189.3344240189, 3.3785328865051269531, 1600456189.3344240189, 30.406795501708984375
1600456189.3464241028, 1.6890282630920410156, 1600456189.3654239178, 3.3109717369079589844, 1600456189.3654239178, 30.406795501708984375
1600456189.3774240017, 1.6214672327041625977, 1600456189.3974239826, 3.3785328865051269531, 1600456189.3974239826, 30.406795501708984375
1600456189.4084239006, 1.6890282630920410156, 1600456189.4284238815, 3.3109717369079589844, 1600456189.4284238815, 30.406795501708984375
1600456189.4394240379, 1.6214672327041625977, 1600456189.4594240189, 3.3785328865051269531, 1600456189.4594240189, 30.406795501708984375
1600456189.4704239368, 1.6214672327041625977, 1600456189.4904239178, 3.3785328865051269531, 1600456189.4904239178, 30.406795501708984375
1600456189.5024240017, 1.6214672327041625977, 1600456189.5214240551, 3.3785328865051269531, 1600456189.5214240551, 30.406795501708984375
1600456189.5334239006, 1.6214672327041625977, 1600456189.552423954, 3.3785328865051269531, 1600456189.552423954, 30.406795501708984375
1600456189.5644240379, 1.6890282630920410156, 1600456189.5834240913, 3.3109717369079589844, 1600456189.5834240913, 30.406795501708984375
1600456189.5954239368, 1.6214672327041625977, 1600456189.6144239902, 3.3785328865051269531, 1600456189.6144239902, 30.406795501708984375
1600456189.6264240742, 1.6890282630920410156, 1600456189.6454238892, 3.3109717369079589844, 1600456189.6454238892, 29.798746109008789063
1600456189.6574239731, 1.6214672327041625977, 1600456189.6764240265, 3.3785328865051269531, 1600456189.6764240265, 29.798746109008789063
1600456189.6884241104, 1.6214672327041625977, 1600456189.7074239254, 3.3785328865051269531, 1600456189.7074239254, 29.798746109008789063
1600456189.7194240093, 1.6214672327041625977, 1600456189.7384240627, 3.3785328865051269531, 1600456189.7384240627, 29.798746109008789063
1600456189.7504239082, 1.6172446012496948242, 1600456189.7694239616, 3.382755279541015625, 1600456189.7694239616, 30.444799423217773438
1600456189.7814240456, 1.6172446012496948242, 1600456189.800424099, 3.382755279541015625, 1600456189.800424099, 30.444799423217773438
1600456189.8124239445, 1.6172446012496948242, 1600456189.8314239979, 3.382755279541015625, 1600456189.8314239979, 30.444799423217773438
1600456189.8434240818, 1.6172446012496948242, 1600456189.8624238968, 3.382755279541015625, 1600456189.8624238968, 30.444799423217773438
1600456189.8744239807, 1.6172446012496948242, 1600456189.8934240341, 3.382755279541015625, 1600456189.8934240341, 30.444799423217773438
1600456189.905424118, 1.6172446012496948242, 1600456189.924423933, 3.382755279541015625, 1600456189.924423933, 30.444799423217773438
1600456189.936424017, 1.5496834516525268555, 1600456189.9554240704, 3.4503164291381835938, 1600456189.9554240704, 30.444799423217773438
1600456189.9674239159, 1.6172446012496948242, 1600456189.9864239693, 3.382755279541015625, 1600456189.9864239693, 30.444799423217773438
1600456189.9984240532, 1.6172446012496948242, 1600456190.0174241066, 3.382755279541015625, 1600456190.0174241066, 30.444799423217773438
1600456190.0294239521, 1.6172446012496948242, 1600456190.0484240055, 3.382755279541015625, 1600456190.0484240055, 30.444799423217773438
1600456190.0604240894, 1.6214672327041625977, 1600456190.0794239044, 3.3785328865051269531, 1600456190.0794239044, 30.444799423217773438
1600456190.0914239883, 1.6214672327041625977, 1600456190.1104240417, 3.3785328865051269531, 1600456190.1104240417, 30.444799423217773438
1600456190.1224238873, 1.6214672327041625977, 1600456190.1414239407, 3.3785328865051269531, 1600456190.1414239407, 30.406795501708984375
1600456190.186424017, 1.6499695777893066406, 1600456190.2054240704, 3.3500304222106933594, 1600456190.2054240704, 30.406795501708984375
1600456190.2174239159, 1.5824084281921386719, 1600456190.2364239693, 3.4175915718078613281, 1600456190.2364239693, 30.406795501708984375
1600456190.2484240532, 1.5824084281921386719, 1600456190.2684240341, 3.4175915718078613281, 1600456190.2684240341, 30.75832366943359375
1600456190.2794239521, 1.6499695777893066406, 1600456190.299423933, 3.3500304222106933594, 1600456190.299423933, 30.75832366943359375
1600456190.3104240894, 1.5824084281921386719, 1600456190.3304240704, 3.4175915718078613281, 1600456190.3304240704, 30.75832366943359375
1600456190.3414239883, 1.6499695777893066406, 1600456190.3614239693, 3.3500304222106933594, 1600456190.3614239693, 30.75832366943359375
1600456190.3734240532, 1.5824084281921386719, 1600456190.3924241066, 3.4175915718078613281, 1600456190.3924241066, 30.75832366943359375
1600456190.4044239521, 1.5824084281921386719, 1600456190.4234240055, 3.4175915718078613281, 1600456190.4234240055, 30.75832366943359375
1600456190.4354240894, 1.6499695777893066406, 1600456190.4544239044, 3.3500304222106933594, 1600456190.4544239044, 30.75832366943359375
1600456190.4664239883, 1.5824084281921386719, 1600456190.4854240417, 3.4175915718078613281, 1600456190.4854240417, 30.75832366943359375
1600456190.4984240532, 1.6091833114624023438, 1600456190.5174241066, 3.3908166885375976563, 1600456190.5174241066, 30.5173492431640625
1600456190.5292639732, 1.6091833114624023438, 1600456190.5482640266, 3.3908166885375976563, 1600456190.5482640266, 30.5173492431640625
1600456190.5602641106, 1.6091833114624023438, 1600456190.579264164, 3.3908166885375976563, 1600456190.579264164, 30.5173492431640625
1600456190.5912640095, 1.6091833114624023438, 1600456190.6102640629, 3.3908166885375976563, 1600456190.6102640629, 30.5173492431640625
1600456190.6222641468, 1.6091833114624023438, 1600456190.6412639618, 3.3908166885375976563, 1600456190.6412639618, 30.5173492431640625
1600456190.6532640457, 1.6091833114624023438, 1600456190.6722640991, 3.3908166885375976563, 1600456190.6722640991, 30.5173492431640625
1600456190.684264183, 1.6091833114624023438, 1600456190.703263998, 3.3908166885375976563, 1600456190.703263998, 30.5173492431640625
1600456190.715264082, 1.6091833114624023438, 1600456190.7342641354, 3.3908166885375976563, 1600456190.7342641354, 30.5173492431640625
1600456190.7462639809, 1.6091833114624023438, 1600456190.7652640343, 3.3908166885375976563, 1600456190.7652640343, 30.5173492431640625
1600456190.7772641182, 1.6091833114624023438, 1600456190.7962641716, 3.3908166885375976563, 1600456190.7962641716, 30.5173492431640625
1600456190.8082640171, 1.6214672327041625977, 1600456190.8272640705, 3.3785328865051269531, 1600456190.8272640705, 30.5173492431640625
1600456190.8392641544, 1.6214672327041625977, 1600456190.8582639694, 3.3785328865051269531, 1600456190.8582639694, 30.5173492431640625
1600456190.8702640533, 1.6214672327041625977, 1600456190.8892641068, 3.3785328865051269531, 1600456190.8892641068, 30.406795501708984375
1600456190.9012641907, 1.6214672327041625977, 1600456190.9202640057, 3.3785328865051269531, 1600456190.9202640057, 30.406795501708984375
1600456190.9322640896, 1.6214672327041625977, 1600456190.951264143, 3.3785328865051269531, 1600456190.951264143, 30.406795501708984375
1600456190.9632639885, 1.6214672327041625977, 1600456190.9832639694, 3.3785328865051269531, 1600456190.9832639694, 30.406795501708984375
1600456190.9942641258, 1.6214672327041625977, 1600456191.0142641068, 3.3785328865051269531, 1600456191.0142641068, 30.406795501708984375
1600456191.0252640247, 1.6214672327041625977, 1600456191.0452640057, 3.3785328865051269531, 1600456191.0452640057, 30.406795501708984375
1600456191.0562641621, 1.6214672327041625977, 1600456191.076264143, 3.3785328865051269531, 1600456191.076264143, 30.406795501708984375
1600456191.087264061, 1.6214672327041625977, 1600456191.1072640419, 3.3785328865051269531, 1600456191.1072640419, 30.406795501708984375
1600456191.1192641258, 1.6214672327041625977, 1600456191.1382641792, 3.3785328865051269531, 1600456191.1382641792, 30.406795501708984375
1600456191.1502640247, 1.6214672327041625977, 1600456191.1692640781, 3.3785328865051269531, 1600456191.1692640781, 30.406795501708984375
1600456191.1812641621, 1.6214672327041625977, 1600456191.2002639771, 3.3785328865051269531, 1600456191.2002639771, 30.406795501708984375
1600456191.212264061, 1.6214672327041625977, 1600456191.2312641144, 3.3785328865051269531, 1600456191.2312641144, 30.406795501708984375
1600456191.2432639599, 1.6214672327041625977, 1600456191.2622640133, 3.3785328865051269531, 1600456191.2622640133, 30.406795501708984375
1600456191.2742640972, 1.6214672327041625977, 1600456191.2932641506, 3.3785328865051269531, 1600456191.2932641506, 30.406795501708984375
1600456191.3052639961, 1.6214672327041625977, 1600456191.3242640495, 3.3785328865051269531, 1600456191.3242640495, 30.406795501708984375
1600456191.3362641335, 1.6172446012496948242, 1600456191.3552641869, 3.382755279541015625, 1600456191.3552641869, 30.406795501708984375
1600456191.3672640324, 1.6172446012496948242, 1600456191.3862640858, 3.382755279541015625, 1600456191.3862640858, 30.444799423217773438
1600456191.3982641697, 1.6172446012496948242, 1600456191.4172639847, 3.382755279541015625, 1600456191.4172639847, 30.444799423217773438
1600456191.4292640686, 1.5496834516525268555, 1600456191.448264122, 3.4503164291381835938, 1600456191.448264122, 30.444799423217773438
1600456191.4602639675, 1.5496834516525268555, 1600456191.4792640209, 3.4503164291381835938, 1600456191.4792640209, 30.444799423217773438
1600456191.4912641048, 1.5496834516525268555, 1600456191.5102641582, 3.4503164291381835938, 1600456191.5102641582, 31.05284881591796875
1600456191.5222640038, 1.5496834516525268555, 1600456191.5412640572, 3.4503164291381835938, 1600456191.5412640572, 31.05284881591796875
1600456191.5532641411, 1.5496834516525268555, 1600456191.5722639561, 3.4503164291381835938, 1600456191.5722639561, 31.05284881591796875
1600456191.58426404, 1.5496834516525268555, 1600456191.6032640934, 3.4503164291381835938, 1600456191.6032640934, 31.05284881591796875
1600456191.6152641773, 1.5496834516525268555, 1600456191.6342639923, 3.4503164291381835938, 1600456191.6342639923, 31.05284881591796875
1600456191.6462640762, 1.6214672327041625977, 1600456191.6652641296, 3.3785328865051269531, 1600456191.6652641296, 31.05284881591796875
1600456191.6772639751, 1.5539060831069946289, 1600456191.6962640285, 3.4460940361022949219, 1600456191.6962640285, 31.05284881591796875
1600456191.7082641125, 1.6214672327041625977, 1600456191.7272641659, 3.3785328865051269531, 1600456191.7272641659, 31.05284881591796875
1600456191.7392640114, 1.6214672327041625977, 1600456191.7582640648, 3.3785328865051269531, 1600456191.7582640648, 30.406795501708984375
1600456191.7702641487, 1.6890282630920410156, 1600456191.7892639637, 3.3109717369079589844, 1600456191.7892639637, 30.406795501708984375
1600456191.8012640476, 1.6890282630920410156, 1600456191.820264101, 3.3109717369079589844, 1600456191.820264101, 30.406795501708984375
1600456191.832264185, 1.6214672327041625977, 1600456191.8512639999, 3.3785328865051269531, 1600456191.8512639999, 30.406795501708984375
1600456191.8632640839, 1.6890282630920410156, 1600456191.8822641373, 3.3109717369079589844, 1600456191.8822641373, 29.798746109008789063
1600456191.8942639828, 1.6214672327041625977, 1600456191.9132640362, 3.3785328865051269531, 1600456191.9132640362, 29.798746109008789063
1600456191.9292640686, 1.6711444854736328125, 1600456191.948264122, 3.3288555145263671875, 1600456191.948264122, 29.798746109008789063
1600456191.9602639675, 1.5993608236312866211, 1600456191.9792640209, 3.4006392955780029297, 1600456191.9792640209, 29.798746109008789063
1600456191.9912641048, 1.6669218540191650391, 1600456192.0102641582, 3.3330781459808349609, 1600456192.0102641582, 29.99770355224609375
1600456192.0222640038, 1.5993608236312866211, 1600456192.0412640572, 3.4006392955780029297, 1600456192.0412640572, 29.99770355224609375
1600456192.0532641411, 1.5993608236312866211, 1600456192.0722639561, 3.4006392955780029297, 1600456192.0722639561, 29.99770355224609375
1600456192.08426404, 1.5993608236312866211, 1600456192.1032640934, 3.4006392955780029297, 1600456192.1032640934, 29.99770355224609375
1600456192.1152641773, 1.5993608236312866211, 1600456192.1342639923, 3.4006392955780029297, 1600456192.1342639923, 30.605752944946289063
1600456192.1462640762, 1.5993608236312866211, 1600456192.1652641296, 3.4006392955780029297, 1600456192.1652641296, 30.605752944946289063
1600456192.1772639751, 1.5993608236312866211, 1600456192.1962640285, 3.4006392955780029297, 1600456192.1962640285, 30.605752944946289063
1600456192.2412641048, 1.6278631687164306641, 1600456192.2602641582, 3.3721368312835693359, 1600456192.2602641582, 30.349231719970703125
1600456192.2722640038, 1.5781857967376708984, 1600456192.2912640572, 3.4218142032623291016, 1600456192.2912640572, 30.349231719970703125
1600456192.3032641411, 1.6499695777893066406, 1600456192.3222639561, 3.3500304222106933594, 1600456192.3222639561, 30.349231719970703125
1600456192.33426404, 1.5824084281921386719, 1600456192.3532640934, 3.4175915718078613281, 1600456192.3532640934, 30.349231719970703125
1600456192.3652641773, 1.5824084281921386719, 1600456192.3842639923, 3.4175915718078613281, 1600456192.3842639923, 30.75832366943359375
1600456192.3962640762, 1.6499695777893066406, 1600456192.4152641296, 3.3500304222106933594, 1600456192.4152641296, 30.75832366943359375
1600456192.4272639751, 1.5824084281921386719, 1600456192.4462640285, 3.4175915718078613281, 1600456192.4462640285, 30.75832366943359375
1600456192.4582641125, 1.6499695777893066406, 1600456192.4782640934, 3.3500304222106933594, 1600456192.4782640934, 30.75832366943359375
1600456192.4892640114, 1.6499695777893066406, 1600456192.5092639923, 3.3500304222106933594, 1600456192.5092639923, 30.150274276733398438
1600456192.5202641487, 1.6499695777893066406, 1600456192.5402641296, 3.3500304222106933594, 1600456192.5402641296, 30.150274276733398438
1600456192.5512640476, 1.6214672327041625977, 1600456192.5712640285, 3.3785328865051269531, 1600456192.5712640285, 30.150274276733398438
1600456192.582264185, 1.6890282630920410156, 1600456192.6022641659, 3.3109717369079589844, 1600456192.6022641659, 30.150274276733398438
1600456192.6142640114, 1.6214672327041625977, 1600456192.6332640648, 3.3785328865051269531, 1600456192.6332640648, 30.406795501708984375
1600456192.6452641487, 1.6890282630920410156, 1600456192.6642639637, 3.3109717369079589844, 1600456192.6642639637, 30.406795501708984375
1600456192.6762640476, 1.6890282630920410156, 1600456192.695264101, 3.3109717369079589844, 1600456192.695264101, 30.406795501708984375
1600456192.707264185, 1.6214672327041625977, 1600456192.7262639999, 3.3785328865051269531, 1600456192.7262639999, 30.406795501708984375
1600456192.7382640839, 1.6890282630920410156, 1600456192.7572641373, 3.3109717369079589844, 1600456192.7572641373, 29.798746109008789063
1600456192.7692639828, 1.6214672327041625977, 1600456192.7882640362, 3.3785328865051269531, 1600456192.7882640362, 29.798746109008789063
1600456192.8002641201, 1.6890282630920410156, 1600456192.8192641735, 3.3109717369079589844, 1600456192.8192641735, 29.798746109008789063
1600456192.831264019, 1.6172446012496948242, 1600456192.8502640724, 3.382755279541015625, 1600456192.8502640724, 29.798746109008789063
1600456192.8622641563, 1.6172446012496948242, 1600456192.8812639713, 3.382755279541015625, 1600456192.8812639713, 30.444799423217773438
1600456192.8932640553, 1.6172446012496948242, 1600456192.9122641087, 3.382755279541015625, 1600456192.9122641087, 30.444799423217773438
1600456192.9242641926, 1.6172446012496948242, 1600456192.9432640076, 3.382755279541015625, 1600456192.9432640076, 30.444799423217773438
1600456192.9552640915, 1.6172446012496948242, 1600456192.9742641449, 3.382755279541015625, 1600456192.9742641449, 30.444799423217773438
1600456192.9862639904, 1.6172446012496948242, 1600456193.0052640438, 3.382755279541015625, 1600456193.0052640438, 30.444799423217773438
1600456193.0182640553, 1.6784719228744506836, 1600456193.0372641087, 3.3215281963348388672, 1600456193.0372641087, 30.444799423217773438
1600456193.0492641926, 1.6109107732772827148, 1600456193.0682640076, 3.3890893459320068359, 1600456193.0682640076, 30.444799423217773438
1600456193.0801169872, 1.6109107732772827148, 1600456193.0991170406, 3.3890893459320068359, 1600456193.0991170406, 30.444799423217773438
1600456193.1111168861, 1.6109107732772827148, 1600456193.1301169395, 3.3890893459320068359, 1600456193.1301169395, 30.501802444458007813
1600456193.1421170235, 1.6151332855224609375, 1600456193.1611168385, 3.3848667144775390625, 1600456193.1611168385, 30.501802444458007813
1600456193.1731169224, 1.6826944351196289063, 1600456193.1931169033, 3.3173055648803710938, 1600456193.1931169033, 30.501802444458007813
1600456193.2041170597, 1.6151332855224609375, 1600456193.2241170406, 3.3848667144775390625, 1600456193.2241170406, 30.501802444458007813
1600456193.2361168861, 1.6826944351196289063, 1600456193.2551169395, 3.3173055648803710938, 1600456193.2551169395, 29.855749130249023438
1600456193.2661168575, 1.6151332855224609375, 1600456193.2861168385, 3.3848667144775390625, 1600456193.2861168385, 29.855749130249023438
1600456193.2971169949, 1.6826944351196289063, 1600456193.3171169758, 3.3173055648803710938, 1600456193.3171169758, 29.855749130249023438
1600456193.3291170597, 1.6214672327041625977, 1600456193.3481168747, 3.3785328865051269531, 1600456193.3481168747, 29.855749130249023438
1600456193.3601169586, 1.6214672327041625977, 1600456193.379117012, 3.3785328865051269531, 1600456193.379117012, 30.406795501708984375
1600456193.3911168575, 1.6890282630920410156, 1600456193.4101169109, 3.3109717369079589844, 1600456193.4101169109, 30.406795501708984375
1600456193.4221169949, 1.6214672327041625977, 1600456193.4411170483, 3.3785328865051269531, 1600456193.4411170483, 30.406795501708984375
1600456193.4531168938, 1.6214672327041625977, 1600456193.4721169472, 3.3785328865051269531, 1600456193.4721169472, 30.406795501708984375
1600456193.4841170311, 1.6214672327041625977, 1600456193.5031168461, 3.3785328865051269531, 1600456193.5031168461, 30.406795501708984375
1600456193.51511693, 1.6214672327041625977, 1600456193.5341169834, 3.3785328865051269531, 1600456193.5341169834, 30.406795501708984375
1600456193.5461170673, 1.6151332855224609375, 1600456193.5651168823, 3.3848667144775390625, 1600456193.5651168823, 30.406795501708984375
1600456193.5771169662, 1.6151332855224609375, 1600456193.5961170197, 3.3848667144775390625, 1600456193.5961170197, 30.406795501708984375
1600456193.6081168652, 1.6151332855224609375, 1600456193.6271169186, 3.3848667144775390625, 1600456193.6271169186, 30.463800430297851563
1600456193.6391170025, 1.6151332855224609375, 1600456193.6581170559, 3.3848667144775390625, 1600456193.6581170559, 30.463800430297851563
1600456193.6701169014, 1.6151332855224609375, 1600456193.6891169548, 3.3848667144775390625, 1600456193.6891169548, 30.463800430297851563
1600456193.7011170387, 1.6151332855224609375, 1600456193.7201168537, 3.3848667144775390625, 1600456193.7201168537, 30.463800430297851563
1600456193.7321169376, 1.6151332855224609375, 1600456193.751116991, 3.3848667144775390625, 1600456193.751116991, 30.463800430297851563
1600456193.7631168365, 1.6826944351196289063, 1600456193.78211689, 3.3173055648803710938, 1600456193.78211689, 30.463800430297851563
1600456193.7941169739, 1.6151332855224609375, 1600456193.8131170273, 3.3848667144775390625, 1600456193.8131170273, 30.463800430297851563
1600456193.8251168728, 1.6826944351196289063, 1600456193.8441169262, 3.3173055648803710938, 1600456193.8441169262, 30.463800430297851563
1600456193.8561170101, 1.6214672327041625977, 1600456193.8751170635, 3.3785328865051269531, 1600456193.8751170635, 30.406795501708984375
1600456193.887116909, 1.6214672327041625977, 1600456193.9061169624, 3.3785328865051269531, 1600456193.9061169624, 30.406795501708984375
1600456193.9181170464, 1.6214672327041625977, 1600456193.9371168613, 3.3785328865051269531, 1600456193.9371168613, 30.406795501708984375
1600456193.9491169453, 1.6214672327041625977, 1600456193.9681169987, 3.3785328865051269531, 1600456193.9681169987, 30.406795501708984375
1600456193.9801168442, 1.6890282630920410156, 1600456193.9991168976, 3.3109717369079589844, 1600456193.9991168976, 29.798746109008789063
1600456194.0111169815, 1.6214672327041625977, 1600456194.0301170349, 3.3785328865051269531, 1600456194.0301170349, 29.798746109008789063
1600456194.0421168804, 1.6214672327041625977, 1600456194.0611169338, 3.3785328865051269531, 1600456194.0611169338, 29.798746109008789063
1600456194.0731170177, 1.6214672327041625977, 1600456194.0921168327, 3.3785328865051269531, 1600456194.0921168327, 29.798746109008789063
1600456194.1041169167, 1.6214672327041625977, 1600456194.1231169701, 3.3785328865051269531, 1600456194.1231169701, 30.406795501708984375
1600456194.135117054, 1.5539060831069946289, 1600456194.154116869, 3.4460940361022949219, 1600456194.154116869, 30.406795501708984375
1600456194.1661169529, 1.6214672327041625977, 1600456194.1851170063, 3.3785328865051269531, 1600456194.1851170063, 30.406795501708984375
1600456194.1971168518, 1.6214672327041625977, 1600456194.2161169052, 3.3785328865051269531, 1600456194.2161169052, 30.406795501708984375
1600456194.2281169891, 1.5539060831069946289, 1600456194.2471170425, 3.4460940361022949219, 1600456194.2471170425, 31.014844894409179688
1600456194.2931170464, 1.5824084281921386719, 1600456194.3121168613, 3.4175915718078613281, 1600456194.3121168613, 31.014844894409179688
1600456194.3241169453, 1.5824084281921386719, 1600456194.3431169987, 3.4175915718078613281, 1600456194.3431169987, 31.014844894409179688
1600456194.3551168442, 1.5824084281921386719, 1600456194.3741168976, 3.4175915718078613281, 1600456194.3741168976, 30.75832366943359375
1600456194.3861169815, 1.6499695777893066406, 1600456194.4051170349, 3.3500304222106933594, 1600456194.4051170349, 30.75832366943359375
1600456194.4171168804, 1.5781857967376708984, 1600456194.4361169338, 3.4218142032623291016, 1600456194.4361169338, 30.75832366943359375
1600456194.4481170177, 1.6457469463348388672, 1600456194.4671168327, 3.3542530536651611328, 1600456194.4671168327, 30.75832366943359375
1600456194.4791169167, 1.6457469463348388672, 1600456194.4981169701, 3.3542530536651611328, 1600456194.4981169701, 30.1882781982421875
1600456194.510117054, 1.5781857967376708984, 1600456194.529116869, 3.4218142032623291016, 1600456194.529116869, 30.1882781982421875
1600456194.5411169529, 1.6457469463348388672, 1600456194.5601170063, 3.3542530536651611328, 1600456194.5601170063, 30.1882781982421875
1600456194.5721168518, 1.6457469463348388672, 1600456194.5911169052, 3.3542530536651611328, 1600456194.5911169052, 30.1882781982421875
1600456194.6031169891, 1.684805750846862793, 1600456194.6221170425, 3.3151943683624267578, 1600456194.6221170425, 29.836748123168945313
1600456194.634116888, 1.6172446012496948242, 1600456194.6531169415, 3.382755279541015625, 1600456194.6531169415, 29.836748123168945313
1600456194.6651170254, 1.6172446012496948242, 1600456194.6841168404, 3.382755279541015625, 1600456194.6841168404, 29.836748123168945313
1600456194.6961169243, 1.6172446012496948242, 1600456194.7151169777, 3.382755279541015625, 1600456194.7151169777, 29.836748123168945313
1600456194.7271170616, 1.6214672327041625977, 1600456194.7461168766, 3.3785328865051269531, 1600456194.7461168766, 30.406795501708984375
1600456194.7581169605, 1.5539060831069946289, 1600456194.7771170139, 3.4460940361022949219, 1600456194.7771170139, 30.406795501708984375
1600456194.7891168594, 1.6214672327041625977, 1600456194.8081169128, 3.3785328865051269531, 1600456194.8081169128, 30.406795501708984375
1600456194.8201169968, 1.6214672327041625977, 1600456194.8391170502, 3.3785328865051269531, 1600456194.8391170502, 30.406795501708984375
1600456194.8511168957, 1.5539060831069946289, 1600456194.8701169491, 3.4460940361022949219, 1600456194.8701169491, 31.014844894409179688
1600456194.882117033, 1.6214672327041625977, 1600456194.901116848, 3.3785328865051269531, 1600456194.901116848, 31.014844894409179688
1600456194.9131169319, 1.5539060831069946289, 1600456194.9321169853, 3.4460940361022949219, 1600456194.9321169853, 31.014844894409179688
1600456194.9441168308, 1.6214672327041625977, 1600456194.9631168842, 3.3785328865051269531, 1600456194.9631168842, 31.014844894409179688
1600456194.9751169682, 1.6214672327041625977, 1600456194.9941170216, 3.3785328865051269531, 1600456194.9941170216, 30.406795501708984375
1600456195.0061168671, 1.6214672327041625977, 1600456195.0251169205, 3.3785328865051269531, 1600456195.0251169205, 30.406795501708984375
1600456195.0371170044, 1.6214672327041625977, 1600456195.0561170578, 3.3785328865051269531, 1600456195.0561170578, 30.406795501708984375
1600456195.0681169033, 1.6890282630920410156, 1600456195.0871169567, 3.3109717369079589844, 1600456195.0871169567, 30.406795501708984375
1600456195.0991170406, 1.6214672327041625977, 1600456195.1181168556, 3.3785328865051269531, 1600456195.1181168556, 30.406795501708984375
1600456195.1301169395, 1.6214672327041625977, 1600456195.149116993, 3.3785328865051269531, 1600456195.149116993, 30.406795501708984375
1600456195.1611168385, 1.6890282630920410156, 1600456195.1801168919, 3.3109717369079589844, 1600456195.1801168919, 30.406795501708984375
1600456195.1921169758, 1.6214672327041625977, 1600456195.2121169567, 3.3785328865051269531, 1600456195.2121169567, 30.406795501708984375
1600456195.2231168747, 1.6890282630920410156, 1600456195.2431168556, 3.3109717369079589844, 1600456195.2431168556, 29.798746109008789063
1600456195.254117012, 1.6214672327041625977, 1600456195.274116993, 3.3785328865051269531, 1600456195.274116993, 29.798746109008789063
1600456195.2851169109, 1.6214672327041625977, 1600456195.3051168919, 3.3785328865051269531, 1600456195.3051168919, 29.798746109008789063
1600456195.3161170483, 1.6214672327041625977, 1600456195.3361170292, 3.3785328865051269531, 1600456195.3361170292, 29.798746109008789063
1600456195.3481168747, 1.6214672327041625977, 1600456195.3671169281, 3.3785328865051269531, 1600456195.3671169281, 30.406795501708984375
1600456195.379117012, 1.5539060831069946289, 1600456195.3981170654, 3.4460940361022949219, 1600456195.3981170654, 30.406795501708984375
1600456195.4101169109, 1.6214672327041625977, 1600456195.4291169643, 3.3785328865051269531, 1600456195.4291169643, 30.406795501708984375
1600456195.4411170483, 1.6214672327041625977, 1600456195.4601168633, 3.3785328865051269531, 1600456195.4601168633, 30.406795501708984375
1600456195.4721169472, 1.5539060831069946289, 1600456195.4911170006, 3.4460940361022949219, 1600456195.4911170006, 31.014844894409179688
1600456195.5031168461, 1.6214672327041625977, 1600456195.5221168995, 3.3785328865051269531, 1600456195.5221168995, 31.014844894409179688
1600456195.5351169109, 1.5457167625427246094, 1600456195.5541169643, 3.4542832374572753906, 1600456195.5541169643, 31.014844894409179688
1600456195.5663778782, 1.6132779121398925781, 1600456195.5853779316, 3.3867220878601074219, 1600456195.5853779316, 31.014844894409179688
1600456195.5973780155, 1.6132779121398925781, 1600456195.6163780689, 3.3867220878601074219, 1600456195.6163780689, 30.480499267578125
1600456195.6283779144, 1.6132779121398925781, 1600456195.6473779678, 3.3867220878601074219, 1600456195.6473779678, 30.480499267578125
1600456195.6593780518, 1.6132779121398925781, 1600456195.6783778667, 3.3867220878601074219, 1600456195.6783778667, 30.480499267578125
1600456195.6903779507, 1.6808390617370605469, 1600456195.7093780041, 3.3191609382629394531, 1600456195.7093780041, 30.480499267578125
1600456195.721378088, 1.6132779121398925781, 1600456195.740377903, 3.3867220878601074219, 1600456195.740377903, 30.480499267578125
1600456195.7523779869, 1.6808390617370605469, 1600456195.7713780403, 3.3191609382629394531, 1600456195.7713780403, 30.480499267578125
1600456195.7833778858, 1.6808390617370605469, 1600456195.8023779392, 3.3191609382629394531, 1600456195.8023779392, 30.480499267578125
1600456195.8143780231, 1.6132779121398925781, 1600456195.8333780766, 3.3867220878601074219, 1600456195.8333780766, 30.480499267578125
1600456195.8453779221, 1.6890282630920410156, 1600456195.8643779755, 3.3109717369079589844, 1600456195.8643779755, 29.798746109008789063
1600456195.8763780594, 1.6214672327041625977, 1600456195.8953778744, 3.3785328865051269531, 1600456195.8953778744, 29.798746109008789063
1600456195.9073779583, 1.6890282630920410156, 1600456195.9273779392, 3.3109717369079589844, 1600456195.9273779392, 29.798746109008789063
1600456195.9383780956, 1.6214672327041625977, 1600456195.9583780766, 3.3785328865051269531, 1600456195.9583780766, 29.798746109008789063
1600456195.9703779221, 1.6214672327041625977, 1600456195.9893779755, 3.3785328865051269531, 1600456195.9893779755, 30.406795501708984375
1600456196.0003778934, 1.6214672327041625977, 1600456196.0203778744, 3.3785328865051269531, 1600456196.0203778744, 30.406795501708984375
1600456196.0313780308, 1.6214672327041625977, 1600456196.0513780117, 3.3785328865051269531, 1600456196.0513780117, 30.406795501708984375
1600456196.0623779297, 1.6214672327041625977, 1600456196.0823779106, 3.3785328865051269531, 1600456196.0823779106, 30.406795501708984375
1600456196.0943779945, 1.6214672327041625977, 1600456196.1133780479, 3.3785328865051269531, 1600456196.1133780479, 30.406795501708984375
1600456196.1253778934, 1.6214672327041625977, 1600456196.1443779469, 3.3785328865051269531, 1600456196.1443779469, 30.406795501708984375
1600456196.1563780308, 1.6214672327041625977, 1600456196.1753780842, 3.3785328865051269531, 1600456196.1753780842, 30.406795501708984375
1600456196.1873779297, 1.6214672327041625977, 1600456196.2063779831, 3.3785328865051269531, 1600456196.2063779831, 30.406795501708984375
1600456196.218378067, 1.6214672327041625977, 1600456196.237377882, 3.3785328865051269531, 1600456196.237377882, 30.406795501708984375
1600456196.2493779659, 1.6214672327041625977, 1600456196.2683780193, 3.3785328865051269531, 1600456196.2683780193, 30.406795501708984375
1600456196.2803778648, 1.6890282630920410156, 1600456196.2993779182, 3.3109717369079589844, 1600456196.2993779182, 30.406795501708984375
1600456196.3443779945, 1.647452235221862793, 1600456196.3633780479, 3.3525478839874267578, 1600456196.3633780479, 30.172929763793945313
1600456196.3753778934, 1.647452235221862793, 1600456196.3943779469, 3.3525478839874267578, 1600456196.3943779469, 30.172929763793945313
1600456196.4063780308, 1.647452235221862793, 1600456196.4253780842, 3.3525478839874267578, 1600456196.4253780842, 30.172929763793945313
1600456196.4373779297, 1.647452235221862793, 1600456196.4563779831, 3.3525478839874267578, 1600456196.4563779831, 30.172929763793945313
1600456196.468378067, 1.7150133848190307617, 1600456196.487377882, 3.2849867343902587891, 1600456196.487377882, 29.56488037109375
1600456196.4993779659, 1.647452235221862793, 1600456196.5183780193, 3.3525478839874267578, 1600456196.5183780193, 29.56488037109375
1600456196.5303778648, 1.647452235221862793, 1600456196.5493779182, 3.3525478839874267578, 1600456196.5493779182, 29.56488037109375
1600456196.5613780022, 1.647452235221862793, 1600456196.5803780556, 3.3525478839874267578, 1600456196.5803780556, 29.56488037109375
1600456196.5923779011, 1.647452235221862793, 1600456196.6113779545, 3.3525478839874267578, 1600456196.6113779545, 30.172929763793945313
1600456196.6233780384, 1.647452235221862793, 1600456196.6423780918, 3.3525478839874267578, 1600456196.6423780918, 30.172929763793945313
1600456196.6543779373, 1.6214672327041625977, 1600456196.6733779907, 3.3785328865051269531, 1600456196.6733779907, 30.172929763793945313
1600456196.6853780746, 1.6214672327041625977, 1600456196.7043778896, 3.3785328865051269531, 1600456196.7043778896, 30.172929763793945313
1600456196.7163779736, 1.6214672327041625977, 1600456196.735378027, 3.3785328865051269531, 1600456196.735378027, 30.406795501708984375
1600456196.7473778725, 1.6214672327041625977, 1600456196.7663779259, 3.3785328865051269531, 1600456196.7663779259, 30.406795501708984375
1600456196.7783780098, 1.6214672327041625977, 1600456196.7983779907, 3.3785328865051269531, 1600456196.7983779907, 30.406795501708984375
1600456196.8093779087, 1.6214672327041625977, 1600456196.8293778896, 3.3785328865051269531, 1600456196.8293778896, 30.406795501708984375
1600456196.8413779736, 1.6890282630920410156, 1600456196.860378027, 3.3109717369079589844, 1600456196.860378027, 29.798746109008789063
1600456196.8713779449, 1.6214672327041625977, 1600456196.8913779259, 3.3785328865051269531, 1600456196.8913779259, 29.798746109008789063
1600456196.9023780823, 1.6890282630920410156, 1600456196.9223780632, 3.3109717369079589844, 1600456196.9223780632, 29.798746109008789063
1600456196.9373779297, 1.606024622917175293, 1600456196.9563779831, 3.3939752578735351563, 1600456196.9563779831, 29.798746109008789063
1600456196.968378067, 1.606024622917175293, 1600456196.987377882, 3.3939752578735351563, 1600456196.987377882, 30.545778274536132813
1600456196.9993779659, 1.6735857725143432617, 1600456197.0183780193, 3.3264143466949462891, 1600456197.0183780193, 30.545778274536132813
1600456197.0303778648, 1.606024622917175293, 1600456197.0493779182, 3.3939752578735351563, 1600456197.0493779182, 30.545778274536132813
1600456197.0613780022, 1.6735857725143432617, 1600456197.0803780556, 3.3264143466949462891, 1600456197.0803780556, 30.545778274536132813
1600456197.0923779011, 1.606024622917175293, 1600456197.1113779545, 3.3939752578735351563, 1600456197.1113779545, 30.545778274536132813
1600456197.1233780384, 1.6735857725143432617, 1600456197.1423780918, 3.3264143466949462891, 1600456197.1423780918, 30.545778274536132813
1600456197.1543779373, 1.606024622917175293, 1600456197.1733779907, 3.3939752578735351563, 1600456197.1733779907, 30.545778274536132813
1600456197.1853780746, 1.606024622917175293, 1600456197.2043778896, 3.3939752578735351563, 1600456197.2043778896, 30.545778274536132813
1600456197.2163779736, 1.606024622917175293, 1600456197.235378027, 3.3939752578735351563, 1600456197.235378027, 30.545778274536132813
1600456197.2473778725, 1.6214672327041625977, 1600456197.2663779259, 3.3785328865051269531, 1600456197.2663779259, 30.545778274536132813
1600456197.2783780098, 1.6890282630920410156, 1600456197.2973780632, 3.3109717369079589844, 1600456197.2973780632, 30.545778274536132813
1600456197.3093779087, 1.6214672327041625977, 1600456197.3283779621, 3.3785328865051269531, 1600456197.3283779621, 30.545778274536132813
1600456197.340378046, 1.6890282630920410156, 1600456197.359377861, 3.3109717369079589844, 1600456197.359377861, 29.798746109008789063
1600456197.3713779449, 1.6214672327041625977, 1600456197.3903779984, 3.3785328865051269531, 1600456197.3903779984, 29.798746109008789063
1600456197.4023780823, 1.6214672327041625977, 1600456197.4223780632, 3.3785328865051269531, 1600456197.4223780632, 29.798746109008789063
1600456197.4333779812, 1.6214672327041625977, 1600456197.4533779621, 3.3785328865051269531, 1600456197.4533779621, 29.798746109008789063
1600456197.465378046, 1.6214672327041625977, 1600456197.484377861, 3.3785328865051269531, 1600456197.484377861, 30.406795501708984375
1600456197.4953780174, 1.6214672327041625977, 1600456197.5153779984, 3.3785328865051269531, 1600456197.5153779984, 30.406795501708984375
1600456197.5263779163, 1.6214672327041625977, 1600456197.5463778973, 3.3785328865051269531, 1600456197.5463778973, 30.406795501708984375
1600456197.5573780537, 1.6214672327041625977, 1600456197.5773780346, 3.3785328865051269531, 1600456197.5773780346, 30.406795501708984375
1600456197.5893778801, 1.6214672327041625977, 1600456197.6083779335, 3.3785328865051269531, 1600456197.6083779335, 30.406795501708984375
1600456197.6203780174, 1.6214672327041625977, 1600456197.6393780708, 3.3785328865051269531, 1600456197.6393780708, 30.406795501708984375
1600456197.6513779163, 1.6214672327041625977, 1600456197.6703779697, 3.3785328865051269531, 1600456197.6703779697, 30.406795501708984375
1600456197.6823780537, 1.6214672327041625977, 1600456197.7013778687, 3.3785328865051269531, 1600456197.7013778687, 30.406795501708984375
1600456197.7133779526, 1.6214672327041625977, 1600456197.732378006, 3.3785328865051269531, 1600456197.732378006, 30.406795501708984375
1600456197.7443780899, 1.6214672327041625977, 1600456197.7633779049, 3.3785328865051269531, 1600456197.7633779049, 30.406795501708984375
1600456197.7753779888, 1.6214672327041625977, 1600456197.7943780422, 3.3785328865051269531, 1600456197.7943780422, 30.406795501708984375
1600456197.8063778877, 1.6826944351196289063, 1600456197.8253779411, 3.3173055648803710938, 1600456197.8253779411, 30.406795501708984375
1600456197.8373780251, 1.6151332855224609375, 1600456197.8563780785, 3.3848667144775390625, 1600456197.8563780785, 30.463800430297851563
1600456197.868377924, 1.6151332855224609375, 1600456197.8873779774, 3.3848667144775390625, 1600456197.8873779774, 30.463800430297851563
1600456197.8993780613, 1.6151332855224609375, 1600456197.9183778763, 3.3848667144775390625, 1600456197.9183778763, 30.463800430297851563
1600456197.9303779602, 1.6151332855224609375, 1600456197.9493780136, 3.3848667144775390625, 1600456197.9493780136, 30.463800430297851563
1600456197.9613780975, 1.6151332855224609375, 1600456197.9803779125, 3.3848667144775390625, 1600456197.9803779125, 30.463800430297851563
1600456197.9923779964, 1.6151332855224609375, 1600456198.0113780499, 3.3848667144775390625, 1600456198.0113780499, 30.463800430297851563
1600456198.0233778954, 1.6151332855224609375, 1600456198.0423779488, 3.3848667144775390625, 1600456198.0423779488, 30.463800430297851563
1600456198.0553779602, 1.6087994575500488281, 1600456198.0743780136, 3.3912005424499511719, 1600456198.0743780136, 30.463800430297851563
1600456198.0863478184, 1.6087994575500488281, 1600456198.1053478718, 3.3912005424499511719, 1600456198.1053478718, 30.52080535888671875
1600456198.1173479557, 1.6151332855224609375, 1600456198.1373479366, 3.3848667144775390625, 1600456198.1373479366, 30.52080535888671875
1600456198.1483478546, 1.6151332855224609375, 1600456198.1683478355, 3.3848667144775390625, 1600456198.1683478355, 30.52080535888671875
1600456198.1793479919, 1.6826944351196289063, 1600456198.1993479729, 3.3173055648803710938, 1600456198.1993479729, 30.52080535888671875
1600456198.2113478184, 1.6151332855224609375, 1600456198.2303478718, 3.3848667144775390625, 1600456198.2303478718, 30.463800430297851563
1600456198.2413480282, 1.6151332855224609375, 1600456198.2613480091, 3.3848667144775390625, 1600456198.2613480091, 30.463800430297851563
1600456198.2723479271, 1.6151332855224609375, 1600456198.292347908, 3.3848667144775390625, 1600456198.292347908, 30.463800430297851563
1600456198.3043479919, 1.6151332855224609375, 1600456198.3233478069, 3.3848667144775390625, 1600456198.3233478069, 30.463800430297851563
1600456198.3353478909, 1.6151332855224609375, 1600456198.3543479443, 3.3848667144775390625, 1600456198.3543479443, 30.463800430297851563
1600456198.3993480206, 1.5476696491241455078, 1600456198.4183478355, 3.4523303508758544922, 1600456198.4183478355, 30.463800430297851563
1600456198.4303479195, 1.6152307987213134766, 1600456198.4493479729, 3.3847692012786865234, 1600456198.4493479729, 30.463800430297851563
1600456198.4613478184, 1.5476696491241455078, 1600456198.4803478718, 3.4523303508758544922, 1600456198.4803478718, 31.070972442626953125
1600456198.4923479557, 1.6152307987213134766, 1600456198.5113480091, 3.3847692012786865234, 1600456198.5113480091, 31.070972442626953125
1600456198.5233478546, 1.5476696491241455078, 1600456198.542347908, 3.4523303508758544922, 1600456198.542347908, 31.070972442626953125
1600456198.5543479919, 1.6152307987213134766, 1600456198.5733478069, 3.3847692012786865234, 1600456198.5733478069, 31.070972442626953125
1600456198.5853478909, 1.6152307987213134766, 1600456198.6043479443, 3.3847692012786865234, 1600456198.6043479443, 30.462923049926757813
1600456198.6163480282, 1.6152307987213134766, 1600456198.6353478432, 3.3847692012786865234, 1600456198.6353478432, 30.462923049926757813
1600456198.6473479271, 1.6152307987213134766, 1600456198.6663479805, 3.3847692012786865234, 1600456198.6663479805, 30.462923049926757813
1600456198.678347826, 1.6152307987213134766, 1600456198.6973478794, 3.3847692012786865234, 1600456198.6973478794, 30.462923049926757813
1600456198.7093479633, 1.6890282630920410156, 1600456198.7283480167, 3.3109717369079589844, 1600456198.7283480167, 29.798746109008789063
1600456198.7403478622, 1.6214672327041625977, 1600456198.7593479156, 3.3785328865051269531, 1600456198.7593479156, 29.798746109008789063
1600456198.7713479996, 1.6890282630920410156, 1600456198.7903478146, 3.3109717369079589844, 1600456198.7903478146, 29.798746109008789063
1600456198.8023478985, 1.6214672327041625977, 1600456198.8213479519, 3.3785328865051269531, 1600456198.8213479519, 29.798746109008789063
1600456198.8333480358, 1.6214672327041625977, 1600456198.8523478508, 3.3785328865051269531, 1600456198.8523478508, 30.406795501708984375
1600456198.8643479347, 1.6214672327041625977, 1600456198.8833479881, 3.3785328865051269531, 1600456198.8833479881, 30.406795501708984375
1600456198.8953478336, 1.6214672327041625977, 1600456198.914347887, 3.3785328865051269531, 1600456198.914347887, 30.406795501708984375
1600456198.926347971, 1.5539060831069946289, 1600456198.9453480244, 3.4460940361022949219, 1600456198.9453480244, 30.406795501708984375
1600456198.9573478699, 1.6214672327041625977, 1600456198.9763479233, 3.3785328865051269531, 1600456198.9763479233, 30.406795501708984375
1600456198.9883480072, 1.6214672327041625977, 1600456199.0083479881, 3.3785328865051269531, 1600456199.0083479881, 30.406795501708984375
1600456199.0193479061, 1.5539060831069946289, 1600456199.039347887, 3.4460940361022949219, 1600456199.039347887, 30.406795501708984375
1600456199.050347805, 1.6214672327041625977, 1600456199.0703480244, 3.3785328865051269531, 1600456199.0703480244, 30.406795501708984375
1600456199.0823478699, 1.5539060831069946289, 1600456199.1013479233, 3.4460940361022949219, 1600456199.1013479233, 31.014844894409179688
1600456199.1123478413, 1.6214672327041625977, 1600456199.1323478222, 3.3785328865051269531, 1600456199.1323478222, 31.014844894409179688
1600456199.1433479786, 1.6214672327041625977, 1600456199.1633479595, 3.3785328865051269531, 1600456199.1633479595, 31.014844894409179688
1600456199.175347805, 1.6214672327041625977, 1600456199.1943478584, 3.3785328865051269531, 1600456199.1943478584, 31.014844894409179688
1600456199.2063479424, 1.6214672327041625977, 1600456199.2253479958, 3.3785328865051269531, 1600456199.2253479958, 30.406795501708984375
1600456199.2373478413, 1.6890282630920410156, 1600456199.2563478947, 3.3109717369079589844, 1600456199.2563478947, 30.406795501708984375
1600456199.2683479786, 1.6214672327041625977, 1600456199.287348032, 3.3785328865051269531, 1600456199.287348032, 30.406795501708984375
1600456199.2993478775, 1.6214672327041625977, 1600456199.3183479309, 3.3785328865051269531, 1600456199.3183479309, 30.406795501708984375
1600456199.3303480148, 1.6890282630920410156, 1600456199.3493478298, 3.3109717369079589844, 1600456199.3493478298, 29.798746109008789063
1600456199.3613479137, 1.6214672327041625977, 1600456199.3803479671, 3.3785328865051269531, 1600456199.3803479671, 29.798746109008789063
1600456199.3923478127, 1.6826944351196289063, 1600456199.4113478661, 3.3173055648803710938, 1600456199.4113478661, 29.798746109008789063
1600456199.42334795, 1.6151332855224609375, 1600456199.4423480034, 3.3848667144775390625, 1600456199.4423480034, 29.798746109008789063
1600456199.4543478489, 1.6151332855224609375, 1600456199.4733479023, 3.3848667144775390625, 1600456199.4733479023, 30.463800430297851563
1600456199.4853479862, 1.6151332855224609375, 1600456199.5043478012, 3.3848667144775390625, 1600456199.5043478012, 30.463800430297851563
1600456199.5163478851, 1.6151332855224609375, 1600456199.5353479385, 3.3848667144775390625, 1600456199.5353479385, 30.463800430297851563
1600456199.5473480225, 1.5475721359252929688, 1600456199.5663478374, 3.4524278640747070313, 1600456199.5663478374, 30.463800430297851563
1600456199.5783479214, 1.6151332855224609375, 1600456199.5973479748, 3.3848667144775390625, 1600456199.5973479748, 30.463800430297851563
1600456199.6093478203, 1.6151332855224609375, 1600456199.6283478737, -1.6151332855224609375, 1600456199.6283478737, 30.463800430297851563
1600456199.6403479576, 1.6151332855224609375, 1600456199.659348011, -1.6151332855224609375, 1600456199.659348011, 30.463800430297851563
1600456199.6713478565, 1.6151332855224609375, 1600456199.6903479099, -1.6151332855224609375, 1600456199.6903479099, 30.463800430297851563
1600456199.7023479939, 1.6214672327041625977, 1600456199.7213478088, -1.6214672327041625977, 1600456199.7213478088, -14.593204498291015625
1600456199.7333478928, 1.4187837839126586914, 1600456199.7523479462, -1.4187837839126586914, 1600456199.7523479462, -14.593204498291015625
1600456199.7643480301, 1.2836614847183227539, 1600456199.7833478451, -1.2836614847183227539, 1600456199.7833478451, -14.593204498291015625
1600456199.795347929, 1.0809781551361083984, 1600456199.8143479824, -1.0809781551361083984, 1600456199.8143479824, -14.593204498291015625
1600456199.8263478279, 0.94585585594177246094, 1600456199.8453478813, -0.94585585594177246094, 1600456199.8453478813, -8.51270294189453125
1600456199.8573479652, 0.81073361635208129883, 1600456199.8763480186, -0.81073361635208129883, 1600456199.8763480186, -8.51270294189453125
1600456199.8883478642, 0.60805016756057739258, 1600456199.9073479176, -0.60805016756057739258, 1600456199.9073479176, -8.51270294189453125
1600456199.9193480015, 0.47292792797088623047, 1600456199.9383478165, -0.47292792797088623047, 1600456199.9383478165, -8.51270294189453125
1600456199.9503479004, 0.27024453878402709961, 1600456199.9693479538, -0.27024453878402709961, 1600456199.9693479538, -2.4322006702423095703
1600456199.9813480377, 0.1351222693920135498, 1600456200.0003478527, -0.1351222693920135498, 1600456200.0003478527, -2.4322006702423095703
1600456200.0123479366, -0.067561134696006774902, 1600456200.03134799, 0.067561134696006774902, 1600456200.03134799, -2.4322006702423095703
1600456200.0433478355, 1.7985612998927535955e-14, 1600456200.0623478889, -1.7985612998927535955e-14, 1600456200.0623478889, -2.4322006702423095703
1600456200.0743479729, 1.7985612998927535955e-14, 1600456200.0933480263, -1.7985612998927535955e-14, 1600456200.0933480263, -1.6187051699034782359e-13
1600456200.1053478718, 1.7985612998927535955e-14, 1600456200.1243479252, -1.7985612998927535955e-14, 1600456200.1243479252, -1.6187051699034782359e-13
1600456200.1363480091, 1.7985612998927535955e-14, 1600456200.1553478241, -1.7985612998927535955e-14, 1600456200.1553478241, -1.6187051699034782359e-13
1600456200.167347908, 1.7985612998927535955e-14, 1600456200.1873478889, -1.7985612998927535955e-14, 1600456200.1873478889, -1.6187051699034782359e-13
1600456200.1983478069, 1.7985612998927535955e-14, 1600456200.2183480263, -1.7985612998927535955e-14, 1600456200.2183480263, -1.6187051699034782359e-13
1600456200.2293479443, 1.7985612998927535955e-14, 1600456200.2493479252, -1.7985612998927535955e-14, 1600456200.2493479252, -1.6187051699034782359e-13
1600456200.2603478432, 1.7985612998927535955e-14, 1600456200.2803478241, -1.7985612998927535955e-14, 1600456200.2803478241, -1.6187051699034782359e-13
1600456200.2913479805, 1.7985612998927535955e-14, 1600456200.3113479614, -1.7985612998927535955e-14, 1600456200.3113479614, -1.6187051699034782359e-13
1600456200.3233478069, 1.7985612998927535955e-14, 1600456200.3423478603, -1.7985612998927535955e-14, 1600456200.3423478603, -1.6187051699034782359e-13
1600456200.3533480167, 1.7985612998927535955e-14, 1600456200.3733479977, -1.7985612998927535955e-14, 1600456200.3733479977, -1.6187051699034782359e-13
1600456200.3853478432, 1.7985612998927535955e-14, 1600456200.4043478966, -1.7985612998927535955e-14, 1600456200.4043478966, -1.6187051699034782359e-13
1600456200.4493479729, 1.7985612998927535955e-14, 1600456200.4683480263, -1.7985612998927535955e-14, 1600456200.4683480263, -1.6187051699034782359e-13
1600456200.4803478718, 1.7985612998927535955e-14, 1600456200.4993479252, -1.7985612998927535955e-14, 1600456200.4993479252, -1.6187051699034782359e-13
1600456200.5113480091, 1.7985612998927535955e-14, 1600456200.5303478241, -1.7985612998927535955e-14, 1600456200.5303478241, -1.6187051699034782359e-13
1600456200.542347908, 1.7985612998927535955e-14, 1600456200.5613479614, -1.7985612998927535955e-14, 1600456200.5613479614, -1.6187051699034782359e-13
1600456200.5743479729, 1.7985612998927535955e-14, 1600456200.5943479538, -1.7985612998927535955e-14, 1600456200.5943479538, -1.6187051699034782359e-13
1600456200.6054120064, 1.7985612998927535955e-14, 1600456200.6254122257, -1.7985612998927535955e-14, 1600456200.6254122257, -1.6187051699034782359e-13
1600456200.6364121437, 1.7985612998927535955e-14, 1600456200.6564121246, -1.7985612998927535955e-14, 1600456200.6564121246, -1.6187051699034782359e-13
1600456200.6674120426, 1.7985612998927535955e-14, 1600456200.6874120235, -1.7985612998927535955e-14, 1600456200.6874120235, -1.6187051699034782359e-13
1600456200.6984121799, 1.7985612998927535955e-14, 1600456200.7184121609, -1.7985612998927535955e-14, 1600456200.7184121609, -1.6187051699034782359e-13
1600456200.7294120789, 1.7985612998927535955e-14, 1600456200.7494120598, -1.7985612998927535955e-14, 1600456200.7494120598, -1.6187051699034782359e-13
1600456200.7604122162, 1.7985612998927535955e-14, 1600456200.7804121971, -1.7985612998927535955e-14, 1600456200.7804121971, -1.6187051699034782359e-13
1600456200.7914121151, 1.7985612998927535955e-14, 1600456200.811412096, -1.7985612998927535955e-14, 1600456200.811412096, -1.6187051699034782359e-13
1600456200.8234121799, 1.7985612998927535955e-14, 1600456200.8424119949, -1.7985612998927535955e-14, 1600456200.8424119949, -1.6187051699034782359e-13
1600456200.8544120789, 1.7985612998927535955e-14, 1600456200.8734121323, -1.7985612998927535955e-14, 1600456200.8734121323, -1.6187051699034782359e-13
1600456200.8854122162, 1.7985612998927535955e-14, 1600456200.9044120312, -1.7985612998927535955e-14, 1600456200.9044120312, -1.6187051699034782359e-13
1600456200.9164121151, 1.7985612998927535955e-14, 1600456200.9354121685, -1.7985612998927535955e-14, 1600456200.9354121685, -1.6187051699034782359e-13
1600456200.947412014, 1.7985612998927535955e-14, 1600456200.9664120674, -1.7985612998927535955e-14, 1600456200.9664120674, -1.6187051699034782359e-13
1600456200.9784121513, 1.7985612998927535955e-14, 1600456200.9974122047, -1.7985612998927535955e-14, 1600456200.9974122047, -1.6187051699034782359e-13
1600456201.0094120502, 1.7985612998927535955e-14, 1600456201.0284121037, -1.7985612998927535955e-14, 1600456201.0284121037, -1.6187051699034782359e-13
1600456201.0404121876, 1.7985612998927535955e-14, 1600456201.0594120026, -1.7985612998927535955e-14, 1600456201.0594120026, -1.6187051699034782359e-13
1600456201.0714120865, 1.7985612998927535955e-14, 1600456201.0904121399, -1.7985612998927535955e-14, 1600456201.0904121399, -1.6187051699034782359e-13
1600456201.1024122238, 1.7985612998927535955e-14, 1600456201.1214120388, -1.7985612998927535955e-14, 1600456201.1214120388, -1.6187051699034782359e-13
1600456201.1334121227, 1.7985612998927535955e-14, 1600456201.1524121761, -1.7985612998927535955e-14, 1600456201.1524121761, -1.6187051699034782359e-13
1600456201.1644120216, 1.7985612998927535955e-14, 1600456201.183412075, -1.7985612998927535955e-14, 1600456201.183412075, -1.6187051699034782359e-13
1600456201.195412159, 1.7985612998927535955e-14, 1600456201.2144122124, -1.7985612998927535955e-14, 1600456201.2144122124, -1.6187051699034782359e-13
1600456201.2264120579, 1.7985612998927535955e-14, 1600456201.2454121113, -1.7985612998927535955e-14, 1600456201.2454121113, -1.6187051699034782359e-13
1600456201.2574121952, 1.7985612998927535955e-14, 1600456201.2764120102, -1.7985612998927535955e-14, 1600456201.2764120102, -1.6187051699034782359e-13
1600456201.2884120941, 1.7985612998927535955e-14, 1600456201.3074121475, -1.7985612998927535955e-14, 1600456201.3074121475, -1.6187051699034782359e-13
1600456201.319411993, 1.7985612998927535955e-14, 1600456201.3384120464, -1.7985612998927535955e-14, 1600456201.3384120464, -1.6187051699034782359e-13
1600456201.3504121304, 1.7985612998927535955e-14, 1600456201.3694121838, -1.7985612998927535955e-14, 1600456201.3694121838, -1.6187051699034782359e-13
1600456201.3814120293, 1.7985612998927535955e-14, 1600456201.4004120827, -1.7985612998927535955e-14, 1600456201.4004120827, -1.6187051699034782359e-13
1600456201.4124121666, 1.7985612998927535955e-14, 1600456201.43141222, -1.7985612998927535955e-14, 1600456201.43141222, -1.6187051699034782359e-13
1600456201.4434120655, 1.7985612998927535955e-14, 1600456201.4624121189, -1.7985612998927535955e-14, 1600456201.4624121189, -1.6187051699034782359e-13
1600456201.4744122028, 1.7985612998927535955e-14, 1600456201.4934120178, -1.7985612998927535955e-14, 1600456201.4934120178, -1.6187051699034782359e-13
1600456201.5054121017, 1.7985612998927535955e-14, 1600456201.5244121552, -1.7985612998927535955e-14, 1600456201.5244121552, -1.6187051699034782359e-13
1600456201.5364120007, 1.7985612998927535955e-14, 1600456201.5554120541, -1.7985612998927535955e-14, 1600456201.5554120541, -1.6187051699034782359e-13
1600456201.567412138, 1.7985612998927535955e-14, 1600456201.5864121914, -1.7985612998927535955e-14, 1600456201.5864121914, -1.6187051699034782359e-13
1600456201.5984120369, 1.7985612998927535955e-14, 1600456201.6174120903, -1.7985612998927535955e-14, 1600456201.6174120903, -1.6187051699034782359e-13
1600456201.6294121742, 1.7985612998927535955e-14, 1600456201.6484119892, -1.7985612998927535955e-14, 1600456201.6484119892, -1.6187051699034782359e-13
1600456201.6604120731, 1.7985612998927535955e-14, 1600456201.6794121265, -1.7985612998927535955e-14, 1600456201.6794121265, -1.6187051699034782359e-13
1600456201.6914122105, 1.7985612998927535955e-14, 1600456201.7104120255, -1.7985612998927535955e-14, 1600456201.7104120255, -1.6187051699034782359e-13
1600456201.7224121094, 1.7985612998927535955e-14, 1600456201.7414121628, -1.7985612998927535955e-14, 1600456201.7414121628, -1.6187051699034782359e-13
1600456201.7534120083, 1.7985612998927535955e-14, 1600456201.7734119892, -1.7985612998927535955e-14, 1600456201.7734119892, -1.6187051699034782359e-13
1600456201.7844121456, 1.7985612998927535955e-14, 1600456201.8044121265, -1.7985612998927535955e-14, 1600456201.8044121265, -1.6187051699034782359e-13
1600456201.8154120445, 1.7985612998927535955e-14, 1600456201.8354120255, -1.7985612998927535955e-14, 1600456201.8354120255, -1.6187051699034782359e-13
1600456201.8464121819, 1.7985612998927535955e-14, , , , 
