# /joint_state/header/stamp, /joint_state/velocity/0, /pid_left_state/header/stamp, /pid_left_state/error, /pid_left_state/header/stamp, /pid_left_state/output
1600367156.6500349045, 0, 1600367156.6690349579, 0, 1600367156.6690349579, 0
1600367156.6810350418, 0, 1600367156.7000348568, 0, 1600367156.7000348568, 0
1600367156.7120349407, 0, 1600367156.7310349941, 0, 1600367156.7310349941, 0
1600367156.7430348396, 0, 1600367156.762034893, 0, 1600367156.762034893, 0
1600367156.774034977, 0, 1600367156.7930350304, 0, 1600367156.7930350304, 0
1600367156.8050348759, 0, 1600367156.8240349293, 0, 1600367156.8240349293, 0
1600367156.8360350132, 0, 1600367156.8550348282, 0, 1600367156.8550348282, 0
1600367156.8670349121, 0, 1600367156.8860349655, 0, 1600367156.8860349655, 0
1600367156.8980350494, 0, 1600367156.9170348644, 0, 1600367156.9170348644, 0
1600367156.9290349483, 0, 1600367156.9480350018, 0, 1600367156.9480350018, 0
1600367156.9600348473, 0, 1600367156.9790349007, 0, 1600367156.9790349007, 0
1600367156.9910349846, 0, 1600367157.010035038, 0, 1600367157.010035038, 0
1600367157.0220348835, 0, 1600367157.0410349369, 0, 1600367157.0410349369, 0
1600367157.0530350208, 0, 1600367157.0720348358, 0, 1600367157.0720348358, 0
1600367157.0840349197, 0, 1600367157.1040349007, 0, 1600367157.1040349007, 0
1600367157.1150350571, 0, 1600367157.135035038, 0, 1600367157.135035038, 0
1600367157.146034956, 0, 1600367157.1660349369, 0, 1600367157.1660349369, 0
1600367157.1770348549, 0, 1600367157.1970348358, 0, 1600367157.1970348358, 0
1600367157.2080349922, 0, 1600367157.2280349731, 0, 1600367157.2280349731, 0
1600367157.2390348911, 0, 1600367157.2590348721, 0, 1600367157.2590348721, 0
1600367157.2700350285, 0, 1600367157.2900350094, 0, 1600367157.2900350094, 0
1600367157.3010349274, 0, 1600367157.3210349083, 0, 1600367157.3210349083, 0
1600367157.3330349922, 0, 1600367157.3520350456, 0, 1600367157.3520350456, 0
1600367157.3640348911, 0, 1600367157.3830349445, 0, 1600367157.3830349445, 0
1600367157.3950350285, 0, 1600367157.4140348434, 0, 1600367157.4140348434, 0
1600367157.4270348549, 0, 1600367157.4460349083, 0, 1600367157.4460349083, 0
1600367157.4580349922, 0, 1600367157.4770350456, 0, 1600367157.4770350456, 0
1600367157.4890348911, 0, 1600367157.5080349445, 0, 1600367157.5080349445, 0
1600367157.5200350285, 0, 1600367157.5390348434, 0, 1600367157.5390348434, 0
1600367157.5510349274, 0, 1600367157.5700349808, 0, 1600367157.5700349808, 0
1600367157.5820350647, 0, 1600367157.6010348797, 0, 1600367157.6010348797, 0
1600367157.6130349636, 0, 1600367157.632035017, 0, 1600367157.632035017, 0
1600367157.6440348625, 0, 1600367157.6630349159, 0, 1600367157.6630349159, 0
1600367157.6750349998, 0, 1600367157.6940350533, 0, 1600367157.6940350533, 0
1600367157.7060348988, 0, 1600367157.7250349522, 0, 1600367157.7250349522, 0
1600367157.7370350361, 0, 1600367157.7560348511, 0, 1600367157.7560348511, 0
1600367157.768034935, 0, 1600367157.7870349884, 0, 1600367157.7870349884, 0
1600367157.7990348339, 0, 1600367157.8190350533, 0, 1600367157.8190350533, 0
1600367157.8300349712, 0, 1600367157.8500349522, 0, 1600367157.8500349522, 0
1600367157.8610348701, 0, 1600367157.8810348511, 0, 1600367157.8810348511, 0
1600367157.8920350075, 0, 1600367157.9120349884, 0, 1600367157.9120349884, 0
1600367157.9230349064, 0, 1600367157.9430348873, 0, 1600367157.9430348873, 0
1600367157.9540350437, 0, 1600367157.9740350246, 0, 1600367157.9740350246, 0
1600367157.9850349426, 0, 1600367158.0050349236, 0, 1600367158.0050349236, 0
1600367158.0160348415, 0, 1600367158.0360350609, 0, 1600367158.0360350609, 0
1600367158.0480349064, 0, 1600367158.0670349598, 0, 1600367158.0670349598, 0
1600367158.0790350437, 0, 1600367158.0980348587, 0, 1600367158.0980348587, 0
1600367158.1100349426, 0, 1600367158.129034996, 0, 1600367158.129034996, 0
1600367158.1410348415, 0, 1600367158.1600348949, 0, 1600367158.1600348949, 0
1600367158.1720349789, 0, 1600367158.1910350323, 0, 1600367158.1910350323, 0
1600367158.2030348778, 0, 1600367158.2220349312, 0, 1600367158.2220349312, 0
1600367158.2340350151, 0, 1600367158.2530348301, 0, 1600367158.2530348301, 0
1600367158.265034914, 0, 1600367158.2840349674, 0, 1600367158.2840349674, 0
1600367158.2960350513, 0, 1600367158.3150348663, 0, 1600367158.3150348663, 0
1600367158.3270349503, 0, 1600367158.3460350037, 0, 1600367158.3460350037, 0
1600367158.3580348492, 0, 1600367158.3770349026, 0, 1600367158.3770349026, 0
1600367158.3890349865, 0, 1600367158.4080350399, 0, 1600367158.4080350399, 0
1600367158.4200348854, 0, 1600367158.4390349388, 0, 1600367158.4390349388, 0
1600367158.4510350227, 0, 1600367158.4700348377, 0, 1600367158.4700348377, 0
1600367158.4820349216, 0, 1600367158.5010349751, 0, 1600367158.5010349751, 0
1600367158.5460350513, 0, 1600367158.5650348663, 0, 1600367158.5650348663, 0
1600367158.5770349503, 0, 1600367158.5960350037, 0, 1600367158.5960350037, 0
1600367158.6080348492, 0, 1600367158.6270349026, 0, 1600367158.6270349026, 0
1600367158.6390349865, 0, 1600367158.6580350399, 0, 1600367158.6580350399, 0
1600367158.6700348854, 0, 1600367158.6900348663, 0, 1600367158.6900348663, 0
1600367158.7010350227, 0, 1600367158.7210350037, 0, 1600367158.7210350037, 0
1600367158.7320349216, 0, 1600367158.7520349026, 0, 1600367158.7520349026, 0
1600367158.763035059, 0, 1600367158.7830350399, 0, 1600367158.7830350399, 0
1600367158.7940349579, 0, 1600367158.8140349388, 0, 1600367158.8140349388, 0
1600367158.8250348568, 0, 1600367158.8450348377, 0, 1600367158.8450348377, 0
1600367158.8560349941, 0, 1600367158.8760349751, 0, 1600367158.8760349751, 0
1600367158.887034893, 0, 1600367158.907034874, 0, 1600367158.907034874, 0
1600367158.9190349579, 0, 1600367158.9380350113, 0, 1600367158.9380350113, 0
1600367158.9500348568, 0, 1600367158.9690349102, 0, 1600367158.9690349102, 0
1600367158.9810349941, 0, 1600367159.0000350475, 0, 1600367159.0000350475, 0
1600367159.012034893, 0, 1600367159.0310349464, 0, 1600367159.0310349464, 0
1600367159.0430350304, 0, 1600367159.0620348454, 0, 1600367159.0620348454, 0
1600367159.0740349293, 0, 1600367159.0930349827, 0, 1600367159.0930349827, 0
1600367159.1050348282, 0, 1600367159.1240348816, 0, 1600367159.1240348816, 0
1600367159.1360349655, 0, 1600367159.1550350189, 0, 1600367159.1550350189, 0
1600367159.1670348644, 0, 1600367159.1860349178, 0, 1600367159.1860349178, 0
1600367159.1980350018, 0, 1600367159.2170350552, 0, 1600367159.2170350552, 150
1600367159.2290349007, 4.0536680221557617188, 1600367159.2480349541, -4.0536680221557617188, 1600367159.2480349541, 150
1600367159.260035038, 7.43172454833984375, 1600367159.279034853, -7.43172454833984375, 1600367159.279034853, 150
1600367159.2910349369, 8.782947540283203125, 1600367159.3100349903, -8.782947540283203125, 1600367159.3100349903, 150
1600367159.3220348358, 9.4585580825805664063, 1600367159.3410348892, -9.4585580825805664063, 1600367159.3410348892, 150
1600367159.3530349731, 9.4585580825805664063, 1600367159.3720350266, -9.4585580825805664063, 1600367159.3720350266, 150
1600367159.3840348721, 10.134169578552246094, 1600367159.4030349255, -10.134169578552246094, 1600367159.4030349255, 150
1600367159.4150350094, 9.4585580825805664063, 1600367159.4340350628, -9.4585580825805664063, 1600367159.4340350628, 150
1600367159.4490349293, 9.8559770584106445313, 1600367159.4690349102, -9.8559770584106445313, 1600367159.4690349102, 150
1600367159.4810349941, 10.134169578552246094, 1600367159.5000350475, -10.134169578552246094, 1600367159.5000350475, 150
1600367159.512034893, 9.4585580825805664063, 1600367159.5310349464, -9.4585580825805664063, 1600367159.5310349464, 150
1600367159.5430350304, 9.4585580825805664063, 1600367159.5620348454, -9.4585580825805664063, 1600367159.5620348454, 150
1600367159.5740349293, 10.134169578552246094, 1600367159.5930349827, -10.134169578552246094, 1600367159.5930349827, 150
1600367159.6050348282, 9.4585580825805664063, 1600367159.6240348816, -9.4585580825805664063, 1600367159.6240348816, 150
1600367159.6360349655, 10.134169578552246094, 1600367159.6550350189, -10.134169578552246094, 1600367159.6550350189, 150
1600367159.6670348644, 9.1629781723022460938, 1600367159.6860349178, -9.1629781723022460938, 1600367159.6860349178, 150
1600367159.6980350018, 10.134169578552246094, 1600367159.7170350552, -10.134169578552246094, 1600367159.7170350552, 150
1600367159.7290349007, 9.4585580825805664063, 1600367159.7480349541, -9.4585580825805664063, 1600367159.7480349541, 150
1600367159.760035038, 9.4585580825805664063, 1600367159.779034853, -9.4585580825805664063, 1600367159.779034853, 150
1600367159.7910349369, 10.134169578552246094, 1600367159.8100349903, -10.134169578552246094, 1600367159.8100349903, 150
1600367159.8220348358, 9.4585580825805664063, 1600367159.8410348892, -9.4585580825805664063, 1600367159.8410348892, 150
1600367159.8530349731, 10.134169578552246094, 1600367159.8720350266, -10.134169578552246094, 1600367159.8720350266, 150
1600367159.8840348721, 9.4585580825805664063, 1600367159.9030349255, -9.4585580825805664063, 1600367159.9030349255, 150
1600367159.9150350094, 10.134169578552246094, 1600367159.9340350628, -10.134169578552246094, 1600367159.9340350628, 150
1600367159.9470348358, 9.8174772262573242188, 1600367159.9660348892, -9.8174772262573242188, 1600367159.9660348892, 150
1600367159.9992678165, 9.4585580825805664063, 1600367160.0182678699, -9.4585580825805664063, 1600367160.0182678699, 150
1600367160.0302679539, 10.134169578552246094, 1600367160.0502679348, -10.134169578552246094, 1600367160.0502679348, 150
1600367160.0612678528, 9.4585580825805664063, 1600367160.0812678337, -9.4585580825805664063, 1600367160.0812678337, 150
1600367160.0922679901, 10.134169578552246094, 1600367160.112267971, -10.134169578552246094, 1600367160.112267971, 150
1600367160.123267889, 9.4585580825805664063, 1600367160.1432678699, -9.4585580825805664063, 1600367160.1432678699, 150
1600367160.1542680264, 10.134169578552246094, 1600367160.1742680073, -10.134169578552246094, 1600367160.1742680073, 150
1600367160.1852679253, 9.4585580825805664063, 1600367160.2052679062, -9.4585580825805664063, 1600367160.2052679062, 150
1600367160.2172679901, 10.134169578552246094, 1600367160.2362678051, -10.134169578552246094, 1600367160.2362678051, 150
1600367160.248267889, 9.4585580825805664063, 1600367160.2672679424, -9.4585580825805664063, 1600367160.2672679424, 150
1600367160.2792680264, 10.134169578552246094, 1600367160.2982678413, -10.134169578552246094, 1600367160.2982678413, 150
1600367160.3102679253, 9.4585580825805664063, 1600367160.3292679787, -9.4585580825805664063, 1600367160.3292679787, 150
1600367160.3412678242, 10.134169578552246094, 1600367160.3602678776, -10.134169578552246094, 1600367160.3602678776, 150
1600367160.3722679615, 9.4585580825805664063, 1600367160.3912680149, -9.4585580825805664063, 1600367160.3912680149, 150
1600367160.4032678604, 9.1629781723022460938, 1600367160.4222679138, -9.1629781723022460938, 1600367160.4222679138, 150
1600367160.4342679977, 10.134169578552246094, 1600367160.4532678127, -10.134169578552246094, 1600367160.4532678127, 150
1600367160.4652678967, 9.4585580825805664063, 1600367160.4842679501, -9.4585580825805664063, 1600367160.4842679501, 150
1600367160.496268034, 10.134169578552246094, 1600367160.515267849, -10.134169578552246094, 1600367160.515267849, 150
1600367160.5272679329, 9.4585580825805664063, 1600367160.5462679863, -9.4585580825805664063, 1600367160.5462679863, 150
1600367160.5582678318, 10.134169578552246094, 1600367160.5772678852, -10.134169578552246094, 1600367160.5772678852, 150
1600367160.6222679615, 9.8174772262573242188, 1600367160.6412680149, -9.8174772262573242188, 1600367160.6412680149, 150
1600367160.6532678604, 9.4585580825805664063, 1600367160.6722679138, -9.4585580825805664063, 1600367160.6722679138, 150
1600367160.6842679977, 10.134169578552246094, 1600367160.7032678127, -10.134169578552246094, 1600367160.7032678127, 150
1600367160.7152678967, 9.4585580825805664063, 1600367160.7342679501, -9.4585580825805664063, 1600367160.7342679501, 150
1600367160.746268034, 9.4585580825805664063, 1600367160.765267849, -9.4585580825805664063, 1600367160.765267849, 150
1600367160.7772679329, 10.134169578552246094, 1600367160.7962679863, -10.134169578552246094, 1600367160.7962679863, 150
1600367160.8082678318, 9.4585580825805664063, 1600367160.8272678852, -9.4585580825805664063, 1600367160.8272678852, 150
1600367160.8392679691, 9.4585580825805664063, 1600367160.8582680225, -9.4585580825805664063, 1600367160.8582680225, 150
1600367160.870267868, 10.134169578552246094, 1600367160.8892679214, -10.134169578552246094, 1600367160.8892679214, 150
1600367160.9012680054, 9.4585580825805664063, 1600367160.9212679863, -9.4585580825805664063, 1600367160.9212679863, 150
1600367160.9322679043, 9.4585580825805664063, 1600367160.9522678852, -9.4585580825805664063, 1600367160.9522678852, 150
1600367160.9632678032, 9.4585580825805664063, 1600367160.9832680225, -9.4585580825805664063, 1600367160.9832680225, 150
1600367160.9942679405, 9.4585580825805664063, 1600367161.0142679214, -9.4585580825805664063, 1600367161.0142679214, 150
1600367161.0252678394, 9.4585580825805664063, 1600367161.0452678204, -9.4585580825805664063, 1600367161.0452678204, 150
1600367161.0562679768, 10.134169578552246094, 1600367161.0762679577, -10.134169578552246094, 1600367161.0762679577, 150
1600367161.0882678032, 9.4585580825805664063, 1600367161.1072678566, -9.4585580825805664063, 1600367161.1072678566, 150
1600367161.1192679405, 10.134169578552246094, 1600367161.1382679939, -10.134169578552246094, 1600367161.1382679939, 150
1600367161.1502678394, 9.4585580825805664063, 1600367161.1692678928, -9.4585580825805664063, 1600367161.1692678928, 150
1600367161.1812679768, 10.134169578552246094, 1600367161.2002680302, -10.134169578552246094, 1600367161.2002680302, 150
1600367161.2122678757, 9.4585580825805664063, 1600367161.2312679291, -9.4585580825805664063, 1600367161.2312679291, 150
1600367161.243268013, 10.134169578552246094, 1600367161.262267828, -10.134169578552246094, 1600367161.262267828, 150
1600367161.2742679119, 9.1629781723022460938, 1600367161.2932679653, -9.1629781723022460938, 1600367161.2932679653, 150
1600367161.3052678108, 10.134169578552246094, 1600367161.3242678642, -10.134169578552246094, 1600367161.3242678642, 150
1600367161.3362679482, 9.4585580825805664063, 1600367161.3552680016, -9.4585580825805664063, 1600367161.3552680016, 150
1600367161.3672678471, 9.4585580825805664063, 1600367161.3862679005, -9.4585580825805664063, 1600367161.3862679005, 150
1600367161.3982679844, 10.134169578552246094, 1600367161.4172677994, -10.134169578552246094, 1600367161.4172677994, 150
1600367161.4292678833, 9.4585580825805664063, 1600367161.4482679367, -9.4585580825805664063, 1600367161.4482679367, 150
1600367161.4602680206, 10.134169578552246094, 1600367161.4792678356, -10.134169578552246094, 1600367161.4792678356, 150
1600367161.4912679195, 9.4585580825805664063, 1600367161.5102679729, -9.4585580825805664063, 1600367161.5102679729, 150
1600367161.5222678185, 10.134169578552246094, 1600367161.5412678719, -10.134169578552246094, 1600367161.5412678719, 150
1600367161.5532679558, 9.4585580825805664063, 1600367161.5722680092, -9.4585580825805664063, 1600367161.5722680092, 150
1600367161.5842678547, 10.134169578552246094, 1600367161.6032679081, -10.134169578552246094, 1600367161.6032679081, 150
1600367161.615267992, 9.4585580825805664063, 1600367161.634267807, -9.4585580825805664063, 1600367161.634267807, 150
1600367161.6462678909, 10.134169578552246094, 1600367161.6652679443, -10.134169578552246094, 1600367161.6652679443, 150
1600367161.6772680283, 9.4585580825805664063, 1600367161.6962678432, -9.4585580825805664063, 1600367161.6962678432, 150
1600367161.7082679272, 10.134169578552246094, 1600367161.7272679806, -10.134169578552246094, 1600367161.7272679806, 150
1600367161.7392678261, 9.4585580825805664063, 1600367161.7582678795, -9.4585580825805664063, 1600367161.7582678795, 150
1600367161.7702679634, 10.134169578552246094, 1600367161.7892680168, -10.134169578552246094, 1600367161.7892680168, 150
1600367161.8012678623, 9.4585580825805664063, 1600367161.8202679157, -9.4585580825805664063, 1600367161.8202679157, 150
1600367161.8322679996, 10.134169578552246094, 1600367161.8512678146, -10.134169578552246094, 1600367161.8512678146, 150
1600367161.8632678986, 9.4585580825805664063, 1600367161.882267952, -9.4585580825805664063, 1600367161.882267952, 150
1600367161.8942680359, 10.134169578552246094, 1600367161.9132678509, -10.134169578552246094, 1600367161.9132678509, 150
1600367161.9252679348, 9.4585580825805664063, 1600367161.9442679882, -9.4585580825805664063, 1600367161.9442679882, 150
1600367161.9562678337, 10.134169578552246094, 1600367161.9752678871, -10.134169578552246094, 1600367161.9752678871, 150
1600367161.987267971, 10.134169578552246094, 1600367162.0062680244, -10.134169578552246094, 1600367162.0062680244, 150
1600367162.0182678699, 9.4585580825805664063, 1600367162.0372679234, -9.4585580825805664063, 1600367162.0372679234, 150
1600367162.0492680073, 10.134169578552246094, 1600367162.0692679882, -10.134169578552246094, 1600367162.0692679882, 150
1600367162.0802679062, 9.4585580825805664063, 1600367162.1002678871, -9.4585580825805664063, 1600367162.1002678871, 150
1600367162.1112678051, 10.134169578552246094, 1600367162.1312680244, -10.134169578552246094, 1600367162.1312680244, 150
1600367162.1422679424, 9.4585580825805664063, 1600367162.1622679234, -9.4585580825805664063, 1600367162.1622679234, 150
1600367162.1732678413, 10.134169578552246094, 1600367162.1932678223, -10.134169578552246094, 1600367162.1932678223, 150
1600367162.2042679787, 9.4585580825805664063, 1600367162.2242679596, -9.4585580825805664063, 1600367162.2242679596, 150
1600367162.2352678776, 10.134169578552246094, 1600367162.2552678585, -10.134169578552246094, 1600367162.2552678585, 150
1600367162.2672679424, 10.134169578552246094, 1600367162.2862679958, -10.134169578552246094, 1600367162.2862679958, 150
1600367162.2982678413, 9.4585580825805664063, 1600367162.3172678947, -9.4585580825805664063, 1600367162.3172678947, 150
1600367162.3292679787, 10.134169578552246094, 1600367162.3482680321, -10.134169578552246094, 1600367162.3482680321, 150
1600367162.3602678776, 9.4585580825805664063, 1600367162.379267931, -9.4585580825805664063, 1600367162.379267931, 150
1600367162.3912680149, 10.134169578552246094, 1600367162.4102678299, -10.134169578552246094, 1600367162.4102678299, 150
1600367162.4222679138, 9.4585580825805664063, 1600367162.4412679672, -9.4585580825805664063, 1600367162.4412679672, 150
1600367162.4532678127, 9.8174772262573242188, 1600367162.4722678661, -9.8174772262573242188, 1600367162.4722678661, 150
1600367162.4852678776, 9.8174772262573242188, 1600367162.504267931, -9.8174772262573242188, 1600367162.504267931, 150
1600367162.5158338547, 9.4585580825805664063, 1600367162.5348339081, -9.4585580825805664063, 1600367162.5348339081, 150
1600367162.546833992, 10.134169578552246094, 1600367162.5658340454, -10.134169578552246094, 1600367162.5658340454, 150
1600367162.5778338909, 10.134169578552246094, 1600367162.5968339443, -10.134169578552246094, 1600367162.5968339443, 150
1600367162.6088340282, 9.4585580825805664063, 1600367162.6278338432, -9.4585580825805664063, 1600367162.6278338432, 150
1600367162.6728339195, 9.8174772262573242188, 1600367162.6928339005, -9.8174772262573242188, 1600367162.6928339005, 150
1600367162.7048339844, 10.134169578552246094, 1600367162.7238340378, -10.134169578552246094, 1600367162.7238340378, 150
1600367162.7358338833, 9.4585580825805664063, 1600367162.7548339367, -9.4585580825805664063, 1600367162.7548339367, 150
1600367162.7668340206, 9.4585580825805664063, 1600367162.785834074, -9.4585580825805664063, 1600367162.785834074, 150
1600367162.7978339195, 9.4585580825805664063, 1600367162.8168339729, -9.4585580825805664063, 1600367162.8168339729, 150
1600367162.8288340569, 9.4585580825805664063, 1600367162.8478338718, -9.4585580825805664063, 1600367162.8478338718, 150
1600367162.8598339558, 9.8174772262573242188, 1600367162.8788340092, -9.8174772262573242188, 1600367162.8788340092, 150
1600367162.8908338547, 9.4585580825805664063, 1600367162.9098339081, -9.4585580825805664063, 1600367162.9098339081, 150
1600367162.921833992, 10.134169578552246094, 1600367162.9408340454, -10.134169578552246094, 1600367162.9408340454, 150
1600367162.9528338909, 9.4585580825805664063, 1600367162.9718339443, -9.4585580825805664063, 1600367162.9718339443, 150
1600367162.9838340282, 10.134169578552246094, 1600367163.0028338432, -10.134169578552246094, 1600367163.0028338432, 150
1600367163.0148339272, 9.4585580825805664063, 1600367163.0338339806, -9.4585580825805664063, 1600367163.0338339806, 150
1600367163.0458340645, 10.134169578552246094, 1600367163.0648338795, -10.134169578552246094, 1600367163.0648338795, 150
1600367163.0768339634, 9.4585580825805664063, 1600367163.0958340168, -9.4585580825805664063, 1600367163.0958340168, 150
1600367163.1078338623, 9.4585580825805664063, 1600367163.1268339157, -9.4585580825805664063, 1600367163.1268339157, 150
1600367163.1388339996, 10.134169578552246094, 1600367163.157834053, -10.134169578552246094, 1600367163.157834053, 150
1600367163.1698338985, 9.4585580825805664063, 1600367163.188833952, -9.4585580825805664063, 1600367163.188833952, 150
1600367163.2008340359, 10.134169578552246094, 1600367163.2198338509, -10.134169578552246094, 1600367163.2198338509, 150
1600367163.2318339348, 10.134169578552246094, 1600367163.2508339882, -10.134169578552246094, 1600367163.2508339882, 150
1600367163.2628340721, 9.4585580825805664063, 1600367163.2818338871, -9.4585580825805664063, 1600367163.2818338871, 150
1600367163.293833971, 10.134169578552246094, 1600367163.3128340244, -10.134169578552246094, 1600367163.3128340244, 150
1600367163.3248338699, 9.4585580825805664063, 1600367163.3438339233, -9.4585580825805664063, 1600367163.3438339233, 150
1600367163.3558340073, 10.134169578552246094, 1600367163.3748340607, -10.134169578552246094, 1600367163.3748340607, 150
1600367163.3868339062, 9.4585580825805664063, 1600367163.4058339596, -9.4585580825805664063, 1600367163.4058339596, 150
1600367163.4178340435, 9.4585580825805664063, 1600367163.4368338585, -9.4585580825805664063, 1600367163.4368338585, 150
1600367163.4488339424, 10.134169578552246094, 1600367163.4678339958, -10.134169578552246094, 1600367163.4678339958, 150
1600367163.4798338413, 9.4585580825805664063, 1600367163.4988338947, -9.4585580825805664063, 1600367163.4988338947, 150
1600367163.5108339787, 10.134169578552246094, 1600367163.5298340321, -10.134169578552246094, 1600367163.5298340321, 150
1600367163.5418338776, 9.4585580825805664063, 1600367163.560833931, -9.4585580825805664063, 1600367163.560833931, 150
1600367163.5728340149, 10.134169578552246094, 1600367163.5918340683, -10.134169578552246094, 1600367163.5918340683, 150
1600367163.6038339138, 9.4585580825805664063, 1600367163.6228339672, -9.4585580825805664063, 1600367163.6228339672, 150
1600367163.6348340511, 10.134169578552246094, 1600367163.6548340321, -10.134169578552246094, 1600367163.6548340321, 150
1600367163.66583395, 10.134169578552246094, 1600367163.685833931, -10.134169578552246094, 1600367163.685833931, 150
1600367163.696833849, 9.4585580825805664063, 1600367163.7168340683, -9.4585580825805664063, 1600367163.7168340683, 150
1600367163.7278339863, 10.134169578552246094, 1600367163.7478339672, -10.134169578552246094, 1600367163.7478339672, 150
1600367163.7588338852, 9.4585580825805664063, 1600367163.7788338661, -9.4585580825805664063, 1600367163.7788338661, 150
1600367163.7898340225, 10.134169578552246094, 1600367163.8098340034, -10.134169578552246094, 1600367163.8098340034, 150
1600367163.8208339214, 9.4585580825805664063, 1600367163.8408339024, -9.4585580825805664063, 1600367163.8408339024, 150
1600367163.8528339863, 10.134169578552246094, 1600367163.8718340397, -10.134169578552246094, 1600367163.8718340397, 150
1600367163.8838338852, 10.134169578552246094, 1600367163.9028339386, -10.134169578552246094, 1600367163.9028339386, 150
1600367163.9148340225, 9.4585580825805664063, 1600367163.9338338375, -9.4585580825805664063, 1600367163.9338338375, 150
1600367163.9458339214, 10.134169578552246094, 1600367163.9648339748, -10.134169578552246094, 1600367163.9648339748, 150
1600367163.9768340588, 10.134169578552246094, 1600367163.9958338737, -10.134169578552246094, 1600367163.9958338737, 150
1600367164.0078339577, 9.4585580825805664063, 1600367164.0268340111, -9.4585580825805664063, 1600367164.0268340111, 150
1600367164.0388338566, 9.8174772262573242188, 1600367164.05783391, -9.8174772262573242188, 1600367164.05783391, 150
1600367164.0698339939, 9.4585580825805664063, 1600367164.0888340473, -9.4585580825805664063, 1600367164.0888340473, 150
1600367164.1008338928, 10.134169578552246094, 1600367164.1198339462, -10.134169578552246094, 1600367164.1198339462, 150
1600367164.1318340302, 9.4585580825805664063, 1600367164.1508338451, -9.4585580825805664063, 1600367164.1508338451, 150
1600367164.1628339291, 10.134169578552246094, 1600367164.1818339825, -10.134169578552246094, 1600367164.1818339825, 150
1600367164.1938340664, 10.134169578552246094, 1600367164.2128338814, -10.134169578552246094, 1600367164.2128338814, 150
1600367164.2248339653, 9.4585580825805664063, 1600367164.2438340187, -9.4585580825805664063, 1600367164.2438340187, 150
1600367164.2558338642, 10.134169578552246094, 1600367164.2748339176, -10.134169578552246094, 1600367164.2748339176, 150
1600367164.2868340015, 9.4585580825805664063, 1600367164.3058340549, -9.4585580825805664063, 1600367164.3058340549, 150
1600367164.3178339005, 10.134169578552246094, 1600367164.3368339539, -10.134169578552246094, 1600367164.3368339539, 150
1600367164.3488340378, 9.4585580825805664063, 1600367164.3678338528, -9.4585580825805664063, 1600367164.3678338528, 150
1600367164.3798339367, 10.134169578552246094, 1600367164.3988339901, -10.134169578552246094, 1600367164.3988339901, 150
1600367164.410834074, 9.4585580825805664063, 1600367164.429833889, -9.4585580825805664063, 1600367164.429833889, 150
1600367164.4418339729, 10.134169578552246094, 1600367164.4608340263, -10.134169578552246094, 1600367164.4608340263, 150
1600367164.4768340588, 9.8559770584106445313, 1600367164.4958338737, -9.8559770584106445313, 1600367164.4958338737, 150
1600367164.5078339577, 10.134169578552246094, 1600367164.5268340111, -10.134169578552246094, 1600367164.5268340111, 150
1600367164.5388338566, 10.134169578552246094, 1600367164.55783391, -10.134169578552246094, 1600367164.55783391, 150
1600367164.5698339939, 9.4585580825805664063, 1600367164.5888340473, -9.4585580825805664063, 1600367164.5888340473, 150
1600367164.6008338928, 10.134169578552246094, 1600367164.6198339462, -10.134169578552246094, 1600367164.6198339462, 150
1600367164.6318340302, 9.4585580825805664063, 1600367164.6508338451, -9.4585580825805664063, 1600367164.6508338451, 150
1600367164.6628339291, 9.1629781723022460938, 1600367164.6818339825, -9.1629781723022460938, 1600367164.6818339825, 150
1600367164.7268340588, 9.8174772262573242188, 1600367164.7458338737, -9.8174772262573242188, 1600367164.7458338737, 150
1600367164.7578339577, 10.134169578552246094, 1600367164.7768340111, -10.134169578552246094, 1600367164.7768340111, 150
1600367164.7888338566, 9.4585580825805664063, 1600367164.80783391, -9.4585580825805664063, 1600367164.80783391, 150
1600367164.8198339939, 10.134169578552246094, 1600367164.8388340473, -10.134169578552246094, 1600367164.8388340473, 150
1600367164.8508338928, 9.4585580825805664063, 1600367164.8698339462, -9.4585580825805664063, 1600367164.8698339462, 150
1600367164.8818340302, 10.134169578552246094, 1600367164.9008338451, -10.134169578552246094, 1600367164.9008338451, 150
1600367164.9128339291, 10.134169578552246094, 1600367164.9318339825, -10.134169578552246094, 1600367164.9318339825, 150
1600367164.9438340664, 9.4585580825805664063, 1600367164.9628338814, -9.4585580825805664063, 1600367164.9628338814, 150
1600367164.9748339653, 10.134169578552246094, 1600367164.9938340187, -10.134169578552246094, 1600367164.9938340187, 150
1600367165.0078339577, 9.8174772262573242188, 1600367165.0268340111, -9.8174772262573242188, 1600367165.0268340111, 150
1600367165.0382289886, 9.1629781723022460938, 1600367165.0572290421, -9.1629781723022460938, 1600367165.0572290421, 150
1600367165.0692288876, 10.134169578552246094, 1600367165.088228941, -10.134169578552246094, 1600367165.088228941, 150
1600367165.1002290249, 10.134169578552246094, 1600367165.1192288399, -10.134169578552246094, 1600367165.1192288399, 150
1600367165.1312289238, 9.4585580825805664063, 1600367165.1502289772, -9.4585580825805664063, 1600367165.1502289772, 150
1600367165.1622288227, 10.134169578552246094, 1600367165.1812288761, -10.134169578552246094, 1600367165.1812288761, 150
1600367165.19322896, 10.134169578552246094, 1600367165.2122290134, -10.134169578552246094, 1600367165.2122290134, 150
1600367165.2242288589, 9.4585580825805664063, 1600367165.2432289124, -9.4585580825805664063, 1600367165.2432289124, 150
1600367165.2552289963, 10.134169578552246094, 1600367165.2742288113, -10.134169578552246094, 1600367165.2742288113, 150
1600367165.2862288952, 9.4585580825805664063, 1600367165.3052289486, -9.4585580825805664063, 1600367165.3052289486, 150
1600367165.3172290325, 10.134169578552246094, 1600367165.3362288475, -10.134169578552246094, 1600367165.3362288475, 150
1600367165.3482289314, 9.4585580825805664063, 1600367165.3672289848, -9.4585580825805664063, 1600367165.3672289848, 150
1600367165.3792288303, 9.4585580825805664063, 1600367165.3982288837, -9.4585580825805664063, 1600367165.3982288837, 150
1600367165.4102289677, 10.134169578552246094, 1600367165.4292290211, -10.134169578552246094, 1600367165.4292290211, 150
1600367165.4412288666, 9.4585580825805664063, 1600367165.46022892, -9.4585580825805664063, 1600367165.46022892, 150
1600367165.4722290039, 10.134169578552246094, 1600367165.4912288189, -10.134169578552246094, 1600367165.4912288189, 150
1600367165.5032289028, 9.4585580825805664063, 1600367165.5222289562, -9.4585580825805664063, 1600367165.5222289562, 150
1600367165.5342290401, 10.134169578552246094, 1600367165.5532288551, -10.134169578552246094, 1600367165.5532288551, 150
1600367165.5652289391, 10.134169578552246094, 1600367165.5842289925, -10.134169578552246094, 1600367165.5842289925, 150
1600367165.596228838, 9.4585580825805664063, 1600367165.6152288914, -9.4585580825805664063, 1600367165.6152288914, 150
1600367165.6272289753, 10.134169578552246094, 1600367165.6462290287, -10.134169578552246094, 1600367165.6462290287, 150
1600367165.6582288742, 9.4585580825805664063, 1600367165.6772289276, -9.4585580825805664063, 1600367165.6772289276, 150
1600367165.6892290115, 10.134169578552246094, 1600367165.7082288265, -10.134169578552246094, 1600367165.7082288265, 150
1600367165.7202289104, 9.4585580825805664063, 1600367165.7392289639, -9.4585580825805664063, 1600367165.7392289639, 150
1600367165.7512288094, 9.4585580825805664063, 1600367165.7702288628, -9.4585580825805664063, 1600367165.7702288628, 150
1600367165.7822289467, 10.134169578552246094, 1600367165.8012290001, -10.134169578552246094, 1600367165.8012290001, 150
1600367165.8132288456, 9.4585580825805664063, 1600367165.832228899, -9.4585580825805664063, 1600367165.832228899, 150
1600367165.8442289829, 10.134169578552246094, 1600367165.8642289639, -10.134169578552246094, 1600367165.8642289639, 150
1600367165.8752288818, 10.134169578552246094, 1600367165.8952288628, -10.134169578552246094, 1600367165.8952288628, 150
1600367165.9062290192, 9.4585580825805664063, 1600367165.9262290001, -9.4585580825805664063, 1600367165.9262290001, 150
1600367165.9372289181, 10.134169578552246094, 1600367165.957228899, -10.134169578552246094, 1600367165.957228899, 150
1600367165.968228817, 9.4585580825805664063, 1600367165.9882290363, -9.4585580825805664063, 1600367165.9882290363, 150
1600367165.9992289543, 10.134169578552246094, 1600367166.0192289352, -10.134169578552246094, 1600367166.0192289352, 150
1600367166.0302288532, 10.134169578552246094, 1600367166.0502288342, -10.134169578552246094, 1600367166.0502288342, 150
1600367166.0622289181, 9.4585580825805664063, 1600367166.0812289715, -9.4585580825805664063, 1600367166.0812289715, 150
1600367166.093228817, 10.134169578552246094, 1600367166.1122288704, -10.134169578552246094, 1600367166.1122288704, 150
1600367166.1242289543, 9.4585580825805664063, 1600367166.1432290077, -9.4585580825805664063, 1600367166.1432290077, 150
1600367166.1552288532, 10.134169578552246094, 1600367166.1742289066, -10.134169578552246094, 1600367166.1742289066, 150
1600367166.1862289906, 9.4585580825805664063, 1600367166.2052288055, -9.4585580825805664063, 1600367166.2052288055, 150
1600367166.2172288895, 10.134169578552246094, 1600367166.2362289429, -10.134169578552246094, 1600367166.2362289429, 150
1600367166.2482290268, 9.1629781723022460938, 1600367166.2672288418, -9.1629781723022460938, 1600367166.2672288418, 150
1600367166.2792289257, 10.134169578552246094, 1600367166.2982289791, -10.134169578552246094, 1600367166.2982289791, 150
1600367166.3102288246, 10.134169578552246094, 1600367166.329228878, -10.134169578552246094, 1600367166.329228878, 150
1600367166.3412289619, 9.4585580825805664063, 1600367166.3602290154, -9.4585580825805664063, 1600367166.3602290154, 150
1600367166.3722288609, 10.134169578552246094, 1600367166.3912289143, -10.134169578552246094, 1600367166.3912289143, 150
1600367166.4032289982, 9.4585580825805664063, 1600367166.4222288132, -9.4585580825805664063, 1600367166.4222288132, 150
1600367166.4342288971, 10.134169578552246094, 1600367166.4532289505, -10.134169578552246094, 1600367166.4532289505, 150
1600367166.4652290344, 10.134169578552246094, 1600367166.4842288494, -10.134169578552246094, 1600367166.4842288494, 150
1600367166.4962289333, 9.4585580825805664063, 1600367166.5152289867, -9.4585580825805664063, 1600367166.5152289867, 150
1600367166.5272288322, 10.134169578552246094, 1600367166.5462288857, -10.134169578552246094, 1600367166.5462288857, 150
1600367166.5582289696, 9.4585580825805664063, 1600367166.577229023, -9.4585580825805664063, 1600367166.577229023, 150
1600367166.5892288685, 10.134169578552246094, 1600367166.6082289219, -10.134169578552246094, 1600367166.6082289219, 150
1600367166.6202290058, 9.4585580825805664063, 1600367166.6392288208, -9.4585580825805664063, 1600367166.6392288208, 150
1600367166.6512289047, 9.4585580825805664063, 1600367166.6702289581, -9.4585580825805664063, 1600367166.6702289581, 150
1600367166.6822290421, 10.134169578552246094, 1600367166.701228857, -10.134169578552246094, 1600367166.701228857, 150
1600367166.713228941, 9.4585580825805664063, 1600367166.7322289944, -9.4585580825805664063, 1600367166.7322289944, 150
1600367166.7772288322, 9.8174772262573242188, 1600367166.7972288132, -9.8174772262573242188, 1600367166.7972288132, 150
1600367166.8082289696, 10.134169578552246094, 1600367166.8282289505, -10.134169578552246094, 1600367166.8282289505, 150
1600367166.8392288685, 9.4585580825805664063, 1600367166.8592288494, -9.4585580825805664063, 1600367166.8592288494, 150
1600367166.8702290058, 9.4585580825805664063, 1600367166.8902289867, -9.4585580825805664063, 1600367166.8902289867, 150
1600367166.9012289047, 9.4585580825805664063, 1600367166.9212288857, -9.4585580825805664063, 1600367166.9212288857, 150
1600367166.9332289696, 9.4585580825805664063, 1600367166.952229023, -9.4585580825805664063, 1600367166.952229023, 150
1600367166.9642288685, 10.134169578552246094, 1600367166.9832289219, -10.134169578552246094, 1600367166.9832289219, 150
1600367166.9952290058, 9.4585580825805664063, 1600367167.0142288208, -9.4585580825805664063, 1600367167.0142288208, 150
1600367167.0262289047, 10.134169578552246094, 1600367167.0452289581, -10.134169578552246094, 1600367167.0452289581, 150
1600367167.0572290421, 10.134169578552246094, 1600367167.076228857, -10.134169578552246094, 1600367167.076228857, 150
1600367167.088228941, 9.4585580825805664063, 1600367167.1072289944, -9.4585580825805664063, 1600367167.1072289944, 150
1600367167.1192288399, 9.8174772262573242188, 1600367167.1382288933, -9.8174772262573242188, 1600367167.1382288933, 150
1600367167.1502289772, 9.4585580825805664063, 1600367167.1692290306, -9.4585580825805664063, 1600367167.1692290306, 150
1600367167.1812288761, 9.4585580825805664063, 1600367167.2002289295, -9.4585580825805664063, 1600367167.2002289295, 150
1600367167.2122290134, 10.134169578552246094, 1600367167.2312288284, -10.134169578552246094, 1600367167.2312288284, 150
1600367167.2432289124, 9.4585580825805664063, 1600367167.2622289658, -9.4585580825805664063, 1600367167.2622289658, 150
1600367167.2742288113, 10.134169578552246094, 1600367167.2932288647, -10.134169578552246094, 1600367167.2932288647, 150
1600367167.3052289486, 9.4585580825805664063, 1600367167.324229002, -9.4585580825805664063, 1600367167.324229002, 150
1600367167.3362288475, 10.134169578552246094, 1600367167.3552289009, -10.134169578552246094, 1600367167.3552289009, 150
1600367167.3672289848, 9.4585580825805664063, 1600367167.3862290382, -9.4585580825805664063, 1600367167.3862290382, 150
1600367167.3982288837, 10.134169578552246094, 1600367167.4172289371, -10.134169578552246094, 1600367167.4172289371, 150
1600367167.4292290211, 9.4585580825805664063, 1600367167.4482288361, -9.4585580825805664063, 1600367167.4482288361, 150
1600367167.46022892, 9.4585580825805664063, 1600367167.4792289734, -9.4585580825805664063, 1600367167.4792289734, 150
1600367167.4912288189, 10.134169578552246094, 1600367167.5102288723, -10.134169578552246094, 1600367167.5102288723, 150
1600367167.5232288837, 9.8174772262573242188, 1600367167.5432288647, -9.8174772262573242188, 1600367167.5432288647, 150
1600367167.5537598133, 9.4585580825805664063, 1600367167.5737600327, -9.4585580825805664063, 1600367167.5737600327, 150
1600367167.5847599506, 10.134169578552246094, 1600367167.6047599316, -10.134169578552246094, 1600367167.6047599316, 150
1600367167.6157598495, 10.134169578552246094, 1600367167.6357598305, -10.134169578552246094, 1600367167.6357598305, 150
1600367167.6477599144, 9.4585580825805664063, 1600367167.6667599678, -9.4585580825805664063, 1600367167.6667599678, 150
1600367167.6787598133, 10.134169578552246094, 1600367167.6977598667, -10.134169578552246094, 1600367167.6977598667, 150
1600367167.7097599506, 9.4585580825805664063, 1600367167.728760004, -9.4585580825805664063, 1600367167.728760004, 150
1600367167.7407598495, 10.134169578552246094, 1600367167.759759903, -10.134169578552246094, 1600367167.759759903, 150
1600367167.7717599869, 10.134169578552246094, 1600367167.7907598019, -10.134169578552246094, 1600367167.7907598019, 150
1600367167.8027598858, 9.4585580825805664063, 1600367167.8217599392, -9.4585580825805664063, 1600367167.8217599392, 150
1600367167.8337600231, 9.8174772262573242188, 1600367167.8527598381, -9.8174772262573242188, 1600367167.8527598381, 150
1600367167.864759922, 9.4585580825805664063, 1600367167.8837599754, -9.4585580825805664063, 1600367167.8837599754, 150
1600367167.8957598209, 10.134169578552246094, 1600367167.9147598743, -10.134169578552246094, 1600367167.9147598743, 150
1600367167.9267599583, 9.4585580825805664063, 1600367167.9457600117, -9.4585580825805664063, 1600367167.9457600117, 150
1600367167.9577598572, 10.134169578552246094, 1600367167.9767599106, -10.134169578552246094, 1600367167.9767599106, 150
1600367167.9887599945, 10.134169578552246094, 1600367168.0077598095, -10.134169578552246094, 1600367168.0077598095, 150
1600367168.0197598934, 9.4585580825805664063, 1600367168.0387599468, -9.4585580825805664063, 1600367168.0387599468, 150
1600367168.0507600307, 10.134169578552246094, 1600367168.0697598457, -10.134169578552246094, 1600367168.0697598457, 150
1600367168.0817599297, 9.4585580825805664063, 1600367168.1007599831, -9.4585580825805664063, 1600367168.1007599831, 150
1600367168.1127598286, 10.134169578552246094, 1600367168.131759882, -10.134169578552246094, 1600367168.131759882, 150
1600367168.1437599659, 9.4585580825805664063, 1600367168.1627600193, -9.4585580825805664063, 1600367168.1627600193, 150
1600367168.1747598648, 10.134169578552246094, 1600367168.1937599182, -10.134169578552246094, 1600367168.1937599182, 150
1600367168.2057600021, 9.4585580825805664063, 1600367168.2247598171, -9.4585580825805664063, 1600367168.2247598171, 150
1600367168.236759901, 10.134169578552246094, 1600367168.2557599545, -10.134169578552246094, 1600367168.2557599545, 150
1600367168.2677598, 10.134169578552246094, 1600367168.2867598534, -10.134169578552246094, 1600367168.2867598534, 150
1600367168.2987599373, 9.4585580825805664063, 1600367168.3177599907, -9.4585580825805664063, 1600367168.3177599907, 150
1600367168.3297598362, 10.134169578552246094, 1600367168.3487598896, -10.134169578552246094, 1600367168.3487598896, 150
1600367168.3607599735, 10.134169578552246094, 1600367168.3797600269, -10.134169578552246094, 1600367168.3797600269, 150
1600367168.3917598724, 9.4585580825805664063, 1600367168.4107599258, -9.4585580825805664063, 1600367168.4107599258, 150
1600367168.4227600098, 10.134169578552246094, 1600367168.4417598248, -10.134169578552246094, 1600367168.4417598248, 150
1600367168.4537599087, 9.4585580825805664063, 1600367168.4727599621, -9.4585580825805664063, 1600367168.4727599621, 150
1600367168.4847598076, 10.134169578552246094, 1600367168.503759861, -10.134169578552246094, 1600367168.503759861, 150
1600367168.5157599449, 9.4585580825805664063, 1600367168.5347599983, -9.4585580825805664063, 1600367168.5347599983, 150
1600367168.5467598438, 10.134169578552246094, 1600367168.5657598972, -10.134169578552246094, 1600367168.5657598972, 150
1600367168.5777599812, 10.134169578552246094, 1600367168.5967597961, -10.134169578552246094, 1600367168.5967597961, 150
1600367168.6087598801, 9.4585580825805664063, 1600367168.628759861, -9.4585580825805664063, 1600367168.628759861, 150
1600367168.6397600174, 10.134169578552246094, 1600367168.6597599983, -10.134169578552246094, 1600367168.6597599983, 150
1600367168.6707599163, 9.4585580825805664063, 1600367168.6907598972, -9.4585580825805664063, 1600367168.6907598972, 150
1600367168.7017598152, 10.134169578552246094, 1600367168.7217597961, -10.134169578552246094, 1600367168.7217597961, 150
1600367168.7327599525, 9.4585580825805664063, 1600367168.7527599335, -9.4585580825805664063, 1600367168.7527599335, 150
1600367168.7637598515, 9.4585580825805664063, 1600367168.7837598324, -9.4585580825805664063, 1600367168.7837598324, 150
1600367168.8287599087, 9.666439056396484375, 1600367168.8477599621, -9.666439056396484375, 1600367168.8477599621, 150
1600367168.8597598076, 10.134169578552246094, 1600367168.878759861, -10.134169578552246094, 1600367168.878759861, 150
1600367168.8907599449, 9.4585580825805664063, 1600367168.9097599983, -9.4585580825805664063, 1600367168.9097599983, 150
1600367168.9217598438, 10.134169578552246094, 1600367168.9407598972, -10.134169578552246094, 1600367168.9407598972, 150
1600367168.9527599812, 10.134169578552246094, 1600367168.9717597961, -10.134169578552246094, 1600367168.9717597961, 0
1600367168.9837598801, 5.4048905372619628906, 1600367169.0027599335, -5.4048905372619628906, 1600367169.0027599335, 0
1600367169.0147600174, 1.3512226343154907227, 1600367169.0337598324, -1.3512226343154907227, 1600367169.0337598324, 0
1600367169.0457599163, 0, 1600367169.0647599697, 0, 1600367169.0647599697, 0
1600367169.0767598152, 0, 1600367169.0957598686, 0, 1600367169.0957598686, 0
1600367169.1077599525, 0, 1600367169.126760006, 0, 1600367169.126760006, 0
1600367169.1387598515, 0, 1600367169.1577599049, 0, 1600367169.1577599049, 0
1600367169.1697599888, 0, 1600367169.1887598038, 0, 1600367169.1887598038, 0
1600367169.2007598877, 0, 1600367169.2197599411, 0, 1600367169.2197599411, 0
1600367169.231760025, 0, 1600367169.25075984, 0, 1600367169.25075984, 0
1600367169.2627599239, 0, 1600367169.2817599773, 0, 1600367169.2817599773, 0
1600367169.2937598228, 0, 1600367169.3127598763, 0, 1600367169.3127598763, 0
1600367169.3247599602, 0, 1600367169.3437600136, 0, 1600367169.3437600136, 0
1600367169.3557598591, 0, 1600367169.3747599125, 0, 1600367169.3747599125, 0
1600367169.3867599964, 0, 1600367169.4057598114, 0, 1600367169.4057598114, 0
1600367169.4177598953, 0, 1600367169.4367599487, 0, 1600367169.4367599487, 0
1600367169.4487600327, 0, 1600367169.4677598476, 0, 1600367169.4677598476, 0
1600367169.4837598801, 0, 1600367169.5027599335, 0, 1600367169.5027599335, 0
1600367169.5147600174, 0, 1600367169.5337598324, 0, 1600367169.5337598324, 0
1600367169.5457599163, 0, 1600367169.5647599697, 0, 1600367169.5647599697, 0
1600367169.5767598152, 0, 1600367169.5957598686, 0, 1600367169.5957598686, 0
1600367169.6077599525, 0, 1600367169.626760006, 0, 1600367169.626760006, 0
1600367169.6387598515, 0, 1600367169.6577599049, 0, 1600367169.6577599049, 0
1600367169.6697599888, 0, 1600367169.6887598038, 0, 1600367169.6887598038, 0
1600367169.7007598877, 0, 1600367169.7197599411, 0, 1600367169.7197599411, 0
1600367169.731760025, 0, 1600367169.75075984, 0, 1600367169.75075984, 0
1600367169.7627599239, 0, 1600367169.7817599773, 0, 1600367169.7817599773, 0
1600367169.7937598228, 0, 1600367169.8127598763, 0, 1600367169.8127598763, 0
1600367169.8247599602, 0, 1600367169.8437600136, 0, 1600367169.8437600136, 0
1600367169.8557598591, 0, 1600367169.8747599125, 0, 1600367169.8747599125, 0
1600367169.8867599964, 0, 1600367169.9057598114, 0, 1600367169.9057598114, 0
1600367169.9177598953, 0, 1600367169.9367599487, 0, 1600367169.9367599487, 0
1600367169.9487600327, 0, 1600367169.9677598476, 0, 1600367169.9677598476, 0
1600367169.9797599316, 0, 1600367169.998759985, 0, 1600367169.998759985, 0
1600367170.0107598305, 0, 1600367170.0297598839, 0, 1600367170.0297598839, 0
1600367170.0437598228, 0, 1600367170.0627598763, 0, 1600367170.0627598763, 0
1600367170.074092865, 0, 1600367170.0930929184, 0, 1600367170.0930929184, 0
1600367170.1050930023, 0, 1600367170.1240930557, 0, 1600367170.1240930557, 0
1600367170.1360929012, 0, 1600367170.1550929546, 0, 1600367170.1550929546, 0
1600367170.1670930386, 0, 1600367170.1860928535, 0, 1600367170.1860928535, 0
1600367170.1980929375, 0, 1600367170.2170929909, 0, 1600367170.2170929909, 0
1600367170.2290930748, 0, 1600367170.2480928898, 0, 1600367170.2480928898, 0
1600367170.2600929737, 0, 1600367170.2790930271, 0, 1600367170.2790930271, 0
1600367170.2910928726, 0, 1600367170.310092926, 0, 1600367170.310092926, 0
1600367170.3220930099, 0, 1600367170.3410930634, 0, 1600367170.3410930634, 0
1600367170.3530929089, 0, 1600367170.3720929623, 0, 1600367170.3720929623, 0
1600367170.3840930462, 0, 1600367170.4030928612, 0, 1600367170.4030928612, 0
1600367170.4150929451, 0, 1600367170.4340929985, 0, 1600367170.4340929985, 0
1600367170.4460930824, 0, 1600367170.4650928974, 0, 1600367170.4650928974, 0
1600367170.4770929813, 0, 1600367170.4960930347, 0, 1600367170.4960930347, 0
1600367170.5080928802, 0, 1600367170.5270929337, 0, 1600367170.5270929337, 0
1600367170.5390930176, 0, 1600367170.558093071, 0, 1600367170.558093071, 0
1600367170.5700929165, 0, 1600367170.5890929699, 0, 1600367170.5890929699, 0
1600367170.6010930538, 0, 1600367170.6200928688, 0, 1600367170.6200928688, 0
1600367170.6320929527, 0, 1600367170.6510930061, 0, 1600367170.6510930061, 0
1600367170.6630928516, 0, 1600367170.682092905, 0, 1600367170.682092905, 0
1600367170.694092989, 0, 1600367170.7130930424, 0, 1600367170.7130930424, 0
1600367170.7250928879, 0, 1600367170.7440929413, 0, 1600367170.7440929413, 0
1600367170.7560930252, 0, 1600367170.7750930786, 0, 1600367170.7750930786, 0
1600367170.7870929241, 0, 1600367170.8060929775, 0, 1600367170.8060929775, 0
1600367170.8180930614, 0, 1600367170.8380930424, 0, 1600367170.8380930424, 0
1600367170.8830928802, 0, 1600367170.9020929337, 0, 1600367170.9020929337, 0
1600367170.9140930176, 0, 1600367170.933093071, 0, 1600367170.933093071, 0
1600367170.9450929165, 0, 1600367170.9640929699, 0, 1600367170.9640929699, 0
1600367170.9760930538, 0, 1600367170.9950928688, 0, 1600367170.9950928688, 0
1600367171.0070929527, 0, 1600367171.0260930061, 0, 1600367171.0260930061, 0
1600367171.0380928516, 0, 1600367171.057092905, 0, 1600367171.057092905, 0
1600367171.069092989, 0, 1600367171.0880930424, 0, 1600367171.0880930424, 0
1600367171.1000928879, 0, 1600367171.1190929413, 0, 1600367171.1190929413, 0
1600367171.1310930252, 0, 1600367171.1500930786, 0, 1600367171.1500930786, 0
1600367171.1620929241, 0, 1600367171.1810929775, 0, 1600367171.1810929775, 0
1600367171.1930930614, 0, 1600367171.2120928764, 0, 1600367171.2120928764, 0
1600367171.2240929604, 0, 1600367171.2430930138, 0, 1600367171.2430930138, 0
1600367171.2550928593, 0, 1600367171.2740929127, 0, 1600367171.2740929127, 0
1600367171.2860929966, 0, 1600367171.30509305, 0, 1600367171.30509305, 0
1600367171.3170928955, 0, 1600367171.3360929489, 0, 1600367171.3360929489, 0
1600367171.3480930328, 0, 1600367171.3670928478, 0, 1600367171.3670928478, 0
1600367171.3790929317, 0, 1600367171.3980929852, 0, 1600367171.3980929852, 0
1600367171.4100930691, 0, 1600367171.4290928841, 0, 1600367171.4290928841, 0
1600367171.441092968, 0, 1600367171.4600930214, 0, 1600367171.4600930214, 0
1600367171.4720928669, 0, 1600367171.4910929203, 0, 1600367171.4910929203, 0
1600367171.5030930042, 0, 1600367171.5220930576, 0, 1600367171.5220930576, 0
1600367171.5340929031, 0, 1600367171.5530929565, 0, 1600367171.5530929565, 0
1600367171.5650930405, 0, 1600367171.5840928555, 0, 1600367171.5840928555, 0
1600367171.5960929394, 0, 1600367171.6150929928, 0, 1600367171.6150929928, 0
1600367171.6270930767, 0, 1600367171.6460928917, 0, 1600367171.6460928917, 0
1600367171.6580929756, 0, 1600367171.677093029, 0, 1600367171.677093029, 0
1600367171.6890928745, 0, 1600367171.7090928555, 0, 1600367171.7090928555, 0
1600367171.7200930119, 0, 1600367171.7400929928, 0, 1600367171.7400929928, 0
1600367171.7510929108, 0, 1600367171.7710928917, 0, 1600367171.7710928917, 0
1600367171.7820930481, 0, 1600367171.802093029, 0, 1600367171.802093029, 0
1600367171.813092947, 0, 1600367171.8330929279, 0, 1600367171.8330929279, 0
1600367171.8440930843, 0, 1600367171.8640930653, 0, 1600367171.8640930653, 0
1600367171.8750929832, 0, 1600367171.8950929642, 0, 1600367171.8950929642, 0
1600367171.9060928822, 0, 1600367171.9260928631, 0, 1600367171.9260928631, 0
1600367171.938092947, 0, 1600367171.9570930004, 0, 1600367171.9570930004, 0
