# /joint_state/header/stamp, /joint_state/velocity/0, /pid_left_state/header/stamp, /pid_left_state/error, /pid_left_state/header/stamp, /pid_left_state/output
1600676474.5984838009, 0, 1600676474.5864839554, 0, 1600676474.5864839554, 0
1600676474.6294839382, 0, 1600676474.6174838543, 0, 1600676474.6174838543, 0
1600676474.6604838371, 0, 1600676474.6484839916, 0, 1600676474.6484839916, 0
1600676474.6914839745, 0, 1600676474.6794838905, 0, 1600676474.6794838905, 0
1600676474.7224838734, 0, 1600676474.7104837894, 0, 1600676474.7104837894, 0
1600676474.7534840107, 0, 1600676474.7414839268, 0, 1600676474.7414839268, 0
1600676474.7844839096, 0, 1600676474.7724838257, 0, 1600676474.7724838257, 0
1600676474.8154838085, 0, 1600676474.803483963, 0, 1600676474.803483963, 0
1600676474.8464839458, 0, 1600676474.8354837894, 0, 1600676474.8354837894, 0
1600676474.8774838448, 0, 1600676474.8664839268, 0, 1600676474.8664839268, 0
1600676474.9084839821, 0, 1600676474.8974838257, 0, 1600676474.8974838257, 0
1600676474.939483881, 0, 1600676474.928483963, 0, 1600676474.928483963, 0
1600676474.9704840183, 0, 1600676474.9594838619, 0, 1600676474.9594838619, 0
1600676475.0014839172, 0, 1600676474.9904839993, 0, 1600676474.9904839993, 0
1600676475.0324838161, 0, 1600676475.0214838982, 0, 1600676475.0214838982, 0
1600676475.064483881, 0, 1600676475.0524837971, 0, 1600676475.0524837971, 0
1600676475.0954840183, 0, 1600676475.0834839344, 0, 1600676475.0834839344, 0
1600676475.1264839172, 0, 1600676475.1144838333, 0, 1600676475.1144838333, 0
1600676475.1574838161, 0, 1600676475.1454839706, 0, 1600676475.1454839706, 0
1600676475.189483881, 0, 1600676475.1764838696, 0, 1600676475.1764838696, 0
1600676475.220282793, 0, 1600676475.2084839344, 0, 1600676475.2084839344, 0
1600676475.2512829304, 0, 1600676475.2392828465, 0, 1600676475.2392828465, 0
1600676475.2822828293, 0, 1600676475.2702829838, 0, 1600676475.2702829838, 0
1600676475.3132829666, 0, 1600676475.3012828827, 0, 1600676475.3012828827, 0
1600676475.3442828655, 0, 1600676475.3322827816, 0, 1600676475.3322827816, 0
1600676475.3752830029, 0, 1600676475.3632829189, 0, 1600676475.3632829189, 0
1600676475.4062829018, 0, 1600676475.3942828178, 0, 1600676475.3942828178, 0
1600676475.4372828007, 0, 1600676475.4252829552, 0, 1600676475.4252829552, 0
1600676475.468282938, 0, 1600676475.4562828541, 0, 1600676475.4562828541, 0
1600676475.4992828369, 0, 1600676475.4872829914, 0, 1600676475.4872829914, 0
1600676475.5302829742, 0, 1600676475.5182828903, 0, 1600676475.5182828903, 0
1600676475.595282793, 0, 1600676475.5502829552, 0, 1600676475.5502829552, 0
1600676475.6262829304, 0, 1600676475.6142828465, 0, 1600676475.6142828465, 0
1600676475.6572828293, 0, 1600676475.6452829838, 0, 1600676475.6452829838, 0
1600676475.6882829666, 0, 1600676475.6762828827, 0, 1600676475.6762828827, 0
1600676475.7192828655, 0, 1600676475.7072827816, 0, 1600676475.7072827816, 0
1600676475.7502830029, 0, 1600676475.7382829189, 0, 1600676475.7382829189, 0
1600676475.7812829018, 0, 1600676475.7692828178, 0, 1600676475.7692828178, 0
1600676475.8122828007, 0, 1600676475.8002829552, 0, 1600676475.8002829552, 0
1600676475.843282938, 0, 1600676475.8312828541, 0, 1600676475.8312828541, 0
1600676475.8742828369, 0, 1600676475.8622829914, 0, 1600676475.8622829914, 0
1600676475.9052829742, 0, 1600676475.8932828903, 0, 1600676475.8932828903, 0
1600676475.9362828732, 0, 1600676475.9242827892, 0, 1600676475.9242827892, 0
1600676475.9672830105, 0, 1600676475.9552829266, 0, 1600676475.9552829266, 0
1600676475.9982829094, 0, 1600676475.9862828255, 0, 1600676475.9862828255, 0
1600676476.0292828083, 0, 1600676476.0172829628, 0, 1600676476.0172829628, 0
1600676476.0602829456, 0, 1600676476.0482828617, 0, 1600676476.0482828617, 0
1600676476.0912828445, 0, 1600676476.079282999, 0, 1600676476.079282999, 0
1600676476.1222829819, 0, 1600676476.1102828979, 0, 1600676476.1102828979, 0
1600676476.1532828808, 0, 1600676476.1412827969, 0, 1600676476.1412827969, 0
1600676476.1842827797, 0, 1600676476.1722829342, 0, 1600676476.1722829342, 0
1600676476.215282917, 0, 1600676476.2032828331, 0, 1600676476.2032828331, 0
1600676476.2462828159, 0, 1600676476.2342829704, 0, 1600676476.2342829704, 0
1600676476.2772829533, 0, 1600676476.2652828693, 0, 1600676476.2652828693, 0
1600676476.3082828522, 0, 1600676476.2962830067, 0, 1600676476.2962830067, 0
1600676476.3392829895, 0, 1600676476.3272829056, 0, 1600676476.3272829056, 0
1600676476.3702828884, 0, 1600676476.3582828045, 0, 1600676476.3582828045, 0
1600676476.4012827873, 0, 1600676476.3892829418, 0, 1600676476.3892829418, 0
1600676476.4322829247, 0, 1600676476.4212830067, 0, 1600676476.4212830067, 0
1600676476.4632828236, 0, 1600676476.4522829056, 0, 1600676476.4522829056, 0
1600676476.4942829609, 0, 1600676476.4832828045, 0, 1600676476.4832828045, 0
1600676476.5252828598, 0, 1600676476.5142829418, 0, 1600676476.5142829418, 0
1600676476.5562829971, 0, 1600676476.5452828407, 0, 1600676476.5452828407, 0
1600676476.587282896, 0, 1600676476.5762829781, 0, 1600676476.5762829781, 0
1600676476.618282795, 0, 1600676476.607282877, 0, 1600676476.607282877, 0
1600676476.6502828598, 0, 1600676476.6382827759, 0, 1600676476.6382827759, 0
1600676476.6812829971, 0, 1600676476.6692829132, 0, 1600676476.6692829132, 0
1600676476.712282896, 0, 1600676476.7002828121, 0, 1600676476.7002828121, 0
1600676476.743282795, 0, 1600676476.7312829494, 0, 1600676476.7312829494, 0
1600676476.7742829323, 0, 1600676476.7622828484, 0, 1600676476.7622828484, 0
1600676476.8052828312, 0, 1600676476.7932829857, 0, 1600676476.7932829857, 0
1600676476.8362829685, 0, 1600676476.8242828846, 0, 1600676476.8242828846, 0
1600676476.8672828674, 0, 1600676476.8552827835, 0, 1600676476.8552827835, 0
1600676476.8982830048, 0, 1600676476.8862829208, 0, 1600676476.8862829208, 0
1600676476.9292829037, 0, 1600676476.9172828197, 0, 1600676476.9172828197, 0
1600676476.9602828026, 0, 1600676476.9482829571, 0, 1600676476.9482829571, 0
1600676476.9912829399, 0, 1600676476.979282856, 0, 1600676476.979282856, 0
1600676477.0222828388, 0, 1600676477.0102829933, 0, 1600676477.0102829933, 0
1600676477.0532829762, 0, 1600676477.0412828922, 0, 1600676477.0412828922, 0
1600676477.0842828751, 0, 1600676477.0722827911, 0, 1600676477.0722827911, 0
1600676477.1152830124, 0, 1600676477.1032829285, 0, 1600676477.1032829285, 0
1600676477.1462829113, 0, 1600676477.1342828274, 0, 1600676477.1342828274, 0
1600676477.1772828102, 0, 1600676477.1652829647, 0, 1600676477.1652829647, 0
1600676477.2082829475, 0, 1600676477.1962828636, 0, 1600676477.1962828636, 0
1600676477.2392828465, 0, 1600676477.2272830009, 0, 1600676477.2272830009, 0
1600676477.2702829838, 0, 1600676477.2582828999, 0, 1600676477.2582828999, 0
1600676477.3012828827, 0, 1600676477.2892827988, 0, 1600676477.2892827988, 0
1600676477.3322827816, 0, 1600676477.3202829361, 0, 1600676477.3202829361, 0
1600676477.3632829189, 0, 1600676477.351282835, 0, 1600676477.351282835, 0
1600676477.3942828178, 0, 1600676477.3822829723, 0, 1600676477.3822829723, 0
1600676477.4252829552, 0, 1600676477.4132828712, 0, 1600676477.4132828712, 0
1600676477.4562828541, 0, 1600676477.4442830086, 0, 1600676477.4442830086, 0
1600676477.4872829914, 0, 1600676477.4752829075, 0, 1600676477.4752829075, 0
1600676477.5182828903, 0, 1600676477.5062828064, 0, 1600676477.5062828064, 0
1600676477.5492827892, 0, 1600676477.5372829437, 0, 1600676477.5372829437, 0
1600676477.5802829266, 0, 1600676477.5692830086, 0, 1600676477.5692830086, 0
1600676477.6452829838, 0, 1600676477.6002829075, 0, 1600676477.6002829075, 0
1600676477.6762828827, 0, 1600676477.6642827988, 0, 1600676477.6642827988, 0
1600676477.7082829475, 0, 1600676477.6952829361, 0, 1600676477.6952829361, 0
1600676477.7390358448, 0, 1600676477.7272830009, 0, 1600676477.7272830009, 0
1600676477.7700359821, 0, 1600676477.7580358982, 0, 1600676477.7580358982, 0
1600676477.801035881, 0, 1600676477.7890360355, 0, 1600676477.7890360355, 0
1600676477.8320360184, 0, 1600676477.8200359344, 0, 1600676477.8200359344, 0
1600676477.8630359173, 0, 1600676477.8510358334, 0, 1600676477.8510358334, 0
1600676477.8940360546, 0, 1600676477.8820359707, 0, 1600676477.8820359707, 0
1600676477.9250359535, 0, 1600676477.9130358696, 0, 1600676477.9130358696, 0
1600676477.9560358524, 0, 1600676477.9440360069, 0, 1600676477.9440360069, 0
1600676477.9870359898, 0, 1600676477.9750359058, 0, 1600676477.9750359058, 0
1600676478.0180358887, 0, 1600676478.0070359707, 0, 1600676478.0070359707, 0
1600676478.049036026, 0, 1600676478.0380358696, 0, 1600676478.0380358696, 0
1600676478.0800359249, 0, 1600676478.0690360069, 0, 1600676478.0690360069, 0
1600676478.1110360622, 0, 1600676478.1000359058, 0, 1600676478.1000359058, 0
1600676478.1420359612, 0, 1600676478.1310360432, 0, 1600676478.1310360432, 0
1600676478.1730358601, 0, 1600676478.1620359421, 0, 1600676478.1620359421, 0
1600676478.2040359974, 0, 1600676478.193035841, 0, 1600676478.193035841, 0
1600676478.2360360622, 0, 1600676478.2240359783, 0, 1600676478.2240359783, 0
1600676478.2670359612, 0, 1600676478.2550358772, 0, 1600676478.2550358772, 0
1600676478.2980358601, 0, 1600676478.2860360146, 0, 1600676478.2860360146, 0
1600676478.3290359974, 0, 1600676478.3170359135, 0, 1600676478.3170359135, 0
1600676478.3600358963, 0, 1600676478.3480360508, 0, 1600676478.3480360508, 0
1600676478.3910360336, 0, 1600676478.3790359497, 0, 1600676478.3790359497, 0
1600676478.4220359325, 0, 1600676478.4100358486, 0, 1600676478.4100358486, 0
1600676478.4530358315, 0, 1600676478.4410359859, 0, 1600676478.4410359859, 0
1600676478.4840359688, 0, 1600676478.4720358849, 0, 1600676478.4720358849, 0
1600676478.5150358677, 0, 1600676478.5030360222, 0, 1600676478.5030360222, 0
1600676478.546036005, 0, 1600676478.5340359211, 0, 1600676478.5340359211, 0
1600676478.5770359039, 0, 1600676478.5650360584, 0, 1600676478.5650360584, 0
1600676478.6080360413, 0, 1600676478.5960359573, 0, 1600676478.5960359573, 0
1600676478.6390359402, 0, 1600676478.6270358562, 0, 1600676478.6270358562, 0
1600676478.6700358391, 0, 1600676478.6580359936, 0, 1600676478.6580359936, 0
1600676478.7010359764, 0, 1600676478.6890358925, 0, 1600676478.6890358925, 0
1600676478.7320358753, 0, 1600676478.7200360298, 0, 1600676478.7200360298, 0
1600676478.7630360126, 0, 1600676478.7510359287, 0, 1600676478.7510359287, 0
1600676478.7940359116, 0, 1600676478.7820358276, 0, 1600676478.7820358276, 0
1600676478.8250360489, 0, 1600676478.813035965, 0, 1600676478.813035965, 0
1600676478.8560359478, 0, 1600676478.8440358639, 0, 1600676478.8440358639, 0
1600676478.8870358467, 0, 1600676478.8750360012, 0, 1600676478.8750360012, 0
1600676478.918035984, 0, 1600676478.9060359001, 0, 1600676478.9060359001, 0
1600676478.9490358829, 0, 1600676478.9370360374, 0, 1600676478.9370360374, 0
1600676478.9800360203, 0, 1600676478.9680359364, 0, 1600676478.9680359364, 0
1600676479.0150358677, 0, 1600676478.9990358353, 0, 1600676478.9990358353, 0
1600676479.046036005, 0, 1600676479.0340359211, 0, 1600676479.0340359211, 0
1600676479.0770359039, 0, 1600676479.0650360584, 0, 1600676479.0650360584, 0
1600676479.1080360413, 0, 1600676479.0960359573, 0, 1600676479.0960359573, 0
1600676479.1390359402, 0, 1600676479.1270358562, 0, 1600676479.1270358562, 0
1600676479.1700358391, 0, 1600676479.1580359936, 0, 1600676479.1580359936, 0
1600676479.2010359764, 0, 1600676479.1890358925, 0, 1600676479.1890358925, 0
1600676479.2320358753, 0, 1600676479.2200360298, 0, 1600676479.2200360298, 0
1600676479.2630360126, 0, 1600676479.2510359287, 0, 1600676479.2510359287, 0
1600676479.2940359116, 0, 1600676479.2820358276, 0, 1600676479.2820358276, 0
1600676479.3250360489, 0, 1600676479.313035965, 0, 1600676479.313035965, 0
1600676479.3560359478, 0, 1600676479.3440358639, 0, 1600676479.3440358639, 0
1600676479.3870358467, 0, 1600676479.3750360012, 0, 1600676479.3750360012, 0
1600676479.418035984, 0, 1600676479.4060359001, 0, 1600676479.4060359001, 0
1600676479.4490358829, 0, 1600676479.4370360374, 0, 1600676479.4370360374, 0
1600676479.4800360203, 0, 1600676479.4680359364, 0, 1600676479.4680359364, 0
1600676479.5110359192, 0, 1600676479.4990358353, 0, 1600676479.4990358353, 0
1600676479.5420360565, 0, 1600676479.5300359726, 0, 1600676479.5300359726, 0
1600676479.5730359554, 0, 1600676479.5610358715, 0, 1600676479.5610358715, 0
1600676479.6040358543, 0, 1600676479.5920360088, 0, 1600676479.5920360088, 0
1600676479.6350359917, 0, 1600676479.6230359077, 0, 1600676479.6230359077, 0
1600676479.6990358829, 0, 1600676479.6540360451, 0, 1600676479.6540360451, 0
1600676479.7310359478, 0, 1600676479.7190358639, 0, 1600676479.7190358639, 0
1600676479.7620358467, 0, 1600676479.7500360012, 0, 1600676479.7500360012, 0
1600676479.793035984, 0, 1600676479.7810359001, 0, 1600676479.7810359001, 0
1600676479.8240358829, 0, 1600676479.8120360374, 0, 1600676479.8120360374, 0
1600676479.8550360203, 0, 1600676479.8430359364, 0, 1600676479.8430359364, 0
1600676479.8860359192, 0, 1600676479.8740358353, 0, 1600676479.8740358353, 0
1600676479.9170360565, 0, 1600676479.9050359726, 0, 1600676479.9050359726, 0
1600676479.9480359554, 0, 1600676479.9360358715, 0, 1600676479.9360358715, 0
1600676479.9790358543, 0, 1600676479.9670360088, 0, 1600676479.9670360088, 0
1600676480.0100359917, 0, 1600676479.9980359077, 0, 1600676479.9980359077, 0
1600676480.0410358906, 0, 1600676480.0290360451, 0, 1600676480.0290360451, 0
1600676480.0720360279, 0, 1600676480.060035944, 0, 1600676480.060035944, 0
1600676480.1030359268, 0, 1600676480.0910358429, 0, 1600676480.0910358429, 0
1600676480.1340360641, 0, 1600676480.1220359802, 0, 1600676480.1220359802, 0
1600676480.1650359631, 0, 1600676480.1530358791, 0, 1600676480.1530358791, 0
1600676480.196035862, 0, 1600676480.1840360165, 0, 1600676480.1840360165, 0
1600676480.2280359268, 0, 1600676480.2150359154, 0, 1600676480.2150359154, 0
1600676480.2593898773, 0, 1600676480.2480359077, 0, 1600676480.2480359077, 0
1600676480.2903900146, 0, 1600676480.2793900967, 0, 1600676480.2793900967, 0
1600676480.3213899136, 0, 1600676480.3103899956, 0, 1600676480.3103899956, 0
1600676480.3523900509, 0, 1600676480.3413898945, 0, 1600676480.3413898945, 0
1600676480.3833899498, 0, 1600676480.3723900318, 0, 1600676480.3723900318, 0
1600676480.4143900871, 0, 1600676480.4033899307, 0, 1600676480.4033899307, 0
1600676480.4463899136, 0, 1600676480.4343900681, 0, 1600676480.4343900681, 0
1600676480.4773900509, 0, 1600676480.465389967, 0, 1600676480.465389967, 0
1600676480.5083899498, 0, 1600676480.4963898659, 0, 1600676480.4963898659, 0
1600676480.5393900871, 0, 1600676480.5273900032, 0, 1600676480.5273900032, 0
1600676480.570389986, 0, 1600676480.5583899021, 0, 1600676480.5583899021, 0
1600676480.6013898849, 0, 1600676480.5893900394, 0, 1600676480.5893900394, 0
1600676480.6323900223, 0, 1600676480.6203899384, 0, 1600676480.6203899384, 0
1600676480.6633899212, 0, 1600676480.6513900757, 0, 1600676480.6513900757, 0
1600676480.6943900585, 0, 1600676480.6823899746, 0, 1600676480.6823899746, 0
1600676480.7253899574, 0, 1600676480.7133898735, 0, 1600676480.7133898735, 0
1600676480.7563900948, 0, 1600676480.7443900108, 0, 1600676480.7443900108, 0
1600676480.7873899937, 0, 1600676480.7753899097, 0, 1600676480.7753899097, 0
1600676480.8183898926, 0, 1600676480.8063900471, 0, 1600676480.8063900471, 0
1600676480.8493900299, 0, 1600676480.837389946, 0, 1600676480.837389946, 0
1600676480.8803899288, 0, 1600676480.8683900833, 0, 1600676480.8683900833, 0
1600676480.9113900661, 0, 1600676480.8993899822, 0, 1600676480.8993899822, 0
1600676480.9423899651, 0, 1600676480.9303898811, 0, 1600676480.9303898811, 0
1600676480.973389864, 0, 1600676480.9613900185, 0, 1600676480.9613900185, 0
1600676481.0043900013, 0, 1600676480.9923899174, 0, 1600676480.9923899174, 0
1600676481.0353899002, 0, 1600676481.0233900547, 0, 1600676481.0233900547, 0
1600676481.0663900375, 0, 1600676481.0543899536, 0, 1600676481.0543899536, 0
1600676481.0973899364, 0, 1600676481.0853900909, 0, 1600676481.0853900909, 0
1600676481.1283900738, 0, 1600676481.1163899899, 0, 1600676481.1163899899, 0
1600676481.1593899727, 0, 1600676481.1473898888, 0, 1600676481.1473898888, 0
1600676481.1903898716, 0, 1600676481.1783900261, 0, 1600676481.1783900261, 0
1600676481.2213900089, 0, 1600676481.209389925, 0, 1600676481.209389925, 0
1600676481.2523899078, 0, 1600676481.2403900623, 0, 1600676481.2403900623, 0
1600676481.2833900452, 0, 1600676481.2713899612, 0, 1600676481.2713899612, 0
1600676481.3143899441, 0, 1600676481.3023898602, 0, 1600676481.3023898602, 0
1600676481.3453900814, 0, 1600676481.3333899975, 0, 1600676481.3333899975, 0
1600676481.3763899803, 0, 1600676481.3653900623, 0, 1600676481.3653900623, 0
1600676481.4073898792, 0, 1600676481.3963899612, 0, 1600676481.3963899612, 0
1600676481.4383900166, 0, 1600676481.4273898602, 0, 1600676481.4273898602, 0
1600676481.4693899155, 0, 1600676481.4583899975, 0, 1600676481.4583899975, 0
1600676481.5003900528, 0, 1600676481.4893898964, 0, 1600676481.4893898964, 0
1600676481.5313899517, 0, 1600676481.5203900337, 0, 1600676481.5203900337, 0
1600676481.562390089, 0, 1600676481.5513899326, 0, 1600676481.5513899326, 0
1600676481.5943899155, 0, 1600676481.58239007, 0, 1600676481.58239007, 0
1600676481.6253900528, 0, 1600676481.6133899689, 0, 1600676481.6133899689, 0
1600676481.6563899517, 0, 1600676481.6443898678, 0, 1600676481.6443898678, 0
1600676481.687390089, 0, 1600676481.6753900051, 0, 1600676481.6753900051, 0
1600676481.7513899803, 0, 1600676481.706389904, 0, 1600676481.706389904, 0
1600676481.7823898792, 0, 1600676481.7703900337, 0, 1600676481.7703900337, 0
1600676481.8133900166, 0, 1600676481.8013899326, 0, 1600676481.8013899326, 0
1600676481.8443899155, 0, 1600676481.83239007, 0, 1600676481.83239007, 0
1600676481.8753900528, 0, 1600676481.8633899689, 0, 1600676481.8633899689, 0
1600676481.9063899517, 0, 1600676481.8943898678, 0, 1600676481.8943898678, 0
1600676481.937390089, 0, 1600676481.9253900051, 0, 1600676481.9253900051, 0
1600676481.9683899879, 0, 1600676481.956389904, 0, 1600676481.956389904, 0
1600676481.9993898869, 0, 1600676481.9873900414, 0, 1600676481.9873900414, 0
1600676482.0303900242, 0, 1600676482.0183899403, 0, 1600676482.0183899403, 0
1600676482.0613899231, 0, 1600676482.0493900776, 0, 1600676482.0493900776, 0
1600676482.0923900604, 0, 1600676482.0803899765, 0, 1600676482.0803899765, 0
1600676482.1233899593, 0, 1600676482.1113898754, 0, 1600676482.1113898754, 0
1600676482.1543900967, 0, 1600676482.1423900127, 0, 1600676482.1423900127, 0
1600676482.1853899956, 0, 1600676482.1733899117, 0, 1600676482.1733899117, 0
1600676482.2163898945, 0, 1600676482.204390049, 0, 1600676482.204390049, 0
1600676482.2473900318, 0, 1600676482.2363898754, 0, 1600676482.2363898754, 0
1600676482.2783899307, 0, 1600676482.2673900127, 0, 1600676482.2673900127, 0
1600676482.3093900681, 0, 1600676482.2983899117, 0, 1600676482.2983899117, 0
1600676482.340389967, 0, 1600676482.329390049, 0, 1600676482.329390049, 0
1600676482.3713898659, 0, 1600676482.3603899479, 0, 1600676482.3603899479, 0
1600676482.4023900032, 0, 1600676482.3913900852, 0, 1600676482.3913900852, 0
1600676482.4333899021, 0, 1600676482.4223899841, 0, 1600676482.4223899841, 0
1600676482.465389967, 0, 1600676482.453389883, 0, 1600676482.453389883, 0
1600676482.4963898659, 0, 1600676482.4843900204, 0, 1600676482.4843900204, 0
1600676482.5273900032, 0, 1600676482.5153899193, 0, 1600676482.5153899193, 0
1600676482.5583899021, 0, 1600676482.5463900566, 0, 1600676482.5463900566, 0
1600676482.5893900394, 0, 1600676482.5773899555, 0, 1600676482.5773899555, 0
1600676482.6203899384, 0, 1600676482.6083900928, 0, 1600676482.6083900928, 0
1600676482.6513900757, 0, 1600676482.6393899918, 0, 1600676482.6393899918, 0
1600676482.6823899746, 0, 1600676482.6703898907, 0, 1600676482.6703898907, 0
1600676482.7133898735, 0, 1600676482.701390028, 0, 1600676482.701390028, 0
1600676482.7453899384, 0, 1600676482.7323899269, 0, 1600676482.7323899269, 0
1600676482.7753968239, 0, 1600676482.7643899918, 0, 1600676482.7643899918, 0
1600676482.8063969612, 0, 1600676482.7943968773, 0, 1600676482.7943968773, 0
1600676482.8373968601, 0, 1600676482.8253970146, 0, 1600676482.8253970146, 0
1600676482.8683969975, 0, 1600676482.8563969135, 0, 1600676482.8563969135, 0
1600676482.8993968964, 0, 1600676482.8873968124, 0, 1600676482.8873968124, 0
1600676482.9303970337, 0, 1600676482.9183969498, 0, 1600676482.9183969498, 0
1600676482.9613969326, 0, 1600676482.9503970146, 0, 1600676482.9503970146, 0
1600676482.9923968315, 0, 1600676482.9813969135, 0, 1600676482.9813969135, 0
1600676483.0233969688, 0, 1600676483.0123968124, 0, 1600676483.0123968124, 0
1600676483.0543968678, 0, 1600676483.0433969498, 0, 1600676483.0433969498, 0
1600676483.0853970051, 0, 1600676483.0743968487, 0, 1600676483.0743968487, 0
1600676483.116396904, 0, 1600676483.105396986, 0, 1600676483.105396986, 0
1600676483.1473970413, 0, 1600676483.1363968849, 0, 1600676483.1363968849, 0
1600676483.1793968678, 0, 1600676483.1673970222, 0, 1600676483.1673970222, 0
1600676483.2103970051, 0, 1600676483.1983969212, 0, 1600676483.1983969212, 0
1600676483.241396904, 0, 1600676483.2293968201, 0, 1600676483.2293968201, 0
1600676483.2723970413, 0, 1600676483.2603969574, 0, 1600676483.2603969574, 0
1600676483.3033969402, 0, 1600676483.2913968563, 0, 1600676483.2913968563, 0
1600676483.3343968391, 0, 1600676483.3223969936, 5, 1600676483.3223969936, 20.020000457763671875
1600676483.3653969765, 0, 1600676483.3533968925, 5, 1600676483.3533968925, 20.020000457763671875
1600676483.3963968754, 0, 1600676483.3843970299, 5, 1600676483.3843970299, 20.020000457763671875
1600676483.4273970127, 0, 1600676483.4153969288, 5, 1600676483.4153969288, 20.020000457763671875
1600676483.4583969116, 0, 1600676483.4463968277, 5, 1600676483.4463968277, 20.04000091552734375
1600676483.4893968105, 0, 1600676483.477396965, 5, 1600676483.477396965, 20.04000091552734375
1600676483.5203969479, 0, 1600676483.5083968639, 5, 1600676483.5083968639, 20.04000091552734375
1600676483.5513968468, 0, 1600676483.5393970013, 5, 1600676483.5393970013, 20.04000091552734375
1600676483.5823969841, 0, 1600676483.5703969002, 5, 1600676483.5703969002, 20.059999465942382813
1600676483.613396883, 0, 1600676483.6013970375, 5, 1600676483.6013970375, 20.059999465942382813
1600676483.6443970203, 0, 1600676483.6323969364, 5, 1600676483.6323969364, 20.059999465942382813
1600676483.6753969193, 0, 1600676483.6633968353, 5, 1600676483.6633968353, 20.059999465942382813
1600676483.7063968182, 0, 1600676483.6943969727, 5, 1600676483.6943969727, 20.079999923706054688
1600676483.7373969555, 0, 1600676483.7253968716, 5, 1600676483.7253968716, 20.079999923706054688
1600676483.8013968468, 0, 1600676483.7563970089, 5, 1600676483.7563970089, 20.079999923706054688
1600676483.8323969841, 0, 1600676483.8213968277, 5, 1600676483.8213968277, 20.100000381469726563
1600676483.863396883, 0, 1600676483.852396965, 5, 1600676483.852396965, 20.100000381469726563
1600676483.8943970203, 0, 1600676483.8833968639, 5, 1600676483.8833968639, 20.100000381469726563
1600676483.9253969193, 0, 1600676483.9143970013, 5, 1600676483.9143970013, 20.100000381469726563
1600676483.9563968182, 0, 1600676483.9453969002, 5, 1600676483.9453969002, 20.120000839233398438
1600676483.9873969555, 0, 1600676483.9763970375, 5, 1600676483.9763970375, 20.120000839233398438
1600676484.0223970413, 0, 1600676484.0073969364, 5, 1600676484.0073969364, 20.120000839233398438
1600676484.0533969402, 0, 1600676484.0413968563, 5, 1600676484.0413968563, 20.120000839233398438
1600676484.0843968391, 0, 1600676484.0723969936, 5, 1600676484.0723969936, 20.1399993896484375
1600676484.1153969765, 0, 1600676484.1033968925, 5, 1600676484.1033968925, 20.1399993896484375
1600676484.1463968754, 0, 1600676484.1343970299, 5, 1600676484.1343970299, 20.1399993896484375
1600676484.1773970127, 0, 1600676484.1653969288, 5, 1600676484.1653969288, 20.1399993896484375
1600676484.2083969116, 0, 1600676484.1963968277, 5, 1600676484.1963968277, 20.159999847412109375
1600676484.2393968105, 0, 1600676484.227396965, 5, 1600676484.227396965, 20.159999847412109375
1600676484.2703969479, 0, 1600676484.2583968639, 5, 1600676484.2583968639, 20.159999847412109375
1600676484.3013968468, 0, 1600676484.2893970013, 5, 1600676484.2893970013, 20.159999847412109375
1600676484.3323969841, 0, 1600676484.3203969002, 5, 1600676484.3203969002, 20.18000030517578125
1600676484.363396883, 0, 1600676484.3513970375, 5, 1600676484.3513970375, 20.18000030517578125
1600676484.3943970203, 0, 1600676484.3823969364, 5, 1600676484.3823969364, 20.18000030517578125
1600676484.4253969193, 0, 1600676484.4133968353, 5, 1600676484.4133968353, 20.18000030517578125
1600676484.4563968182, 0, 1600676484.4453969002, 5, 1600676484.4453969002, 20.200000762939453125
1600676484.4873969555, 0, 1600676484.4763970375, 5, 1600676484.4763970375, 20.200000762939453125
1600676484.5183968544, 0, 1600676484.5073969364, 5, 1600676484.5073969364, 20.200000762939453125
1600676484.5493969917, 0, 1600676484.5383968353, 5, 1600676484.5383968353, 20.200000762939453125
1600676484.5803968906, 0, 1600676484.5693969727, 5, 1600676484.5693969727, 20.219999313354492188
1600676484.611397028, 0, 1600676484.6003968716, 5, 1600676484.6003968716, 20.219999313354492188
1600676484.6423969269, 0, 1600676484.6313970089, 5, 1600676484.6313970089, 20.219999313354492188
1600676484.6743969917, 0, 1600676484.6623969078, 5, 1600676484.6623969078, 20.219999313354492188
1600676484.7053968906, 0, 1600676484.6933968067, 5, 1600676484.6933968067, 20.239999771118164063
1600676484.736397028, 0, 1600676484.724396944, 5, 1600676484.724396944, 20.239999771118164063
1600676484.7673969269, 0, 1600676484.755396843, 5, 1600676484.755396843, 20.239999771118164063
1600676484.7983968258, 0, 1600676484.7863969803, 5, 1600676484.7863969803, 20.239999771118164063
1600676484.8293969631, 0, 1600676484.8173968792, 5, 1600676484.8173968792, 20.260000228881835938
1600676484.860396862, 0, 1600676484.8483970165, 5, 1600676484.8483970165, 20.260000228881835938
1600676484.8913969994, 0, 1600676484.8793969154, 5, 1600676484.8793969154, 20.260000228881835938
1600676484.9223968983, 0, 1600676484.9103968143, 5, 1600676484.9103968143, 20.260000228881835938
1600676484.9533970356, 0, 1600676484.9413969517, 5, 1600676484.9413969517, 20.280000686645507813
1600676484.9843969345, 0, 1600676484.9723968506, 5, 1600676484.9723968506, 20.280000686645507813
1600676485.0153968334, 0, 1600676485.0033969879, 5, 1600676485.0033969879, 20.280000686645507813
1600676485.0463969707, 0, 1600676485.0343968868, 5, 1600676485.0343968868, 20.280000686645507813
1600676485.0773968697, 0, 1600676485.0653970242, 5, 1600676485.0653970242, 20.299999237060546875
1600676485.108397007, 0, 1600676485.0963969231, 5, 1600676485.0963969231, 20.299999237060546875
1600676485.1393969059, 0, 1600676485.127396822, 5, 1600676485.127396822, 20.299999237060546875
1600676485.1703968048, 0, 1600676485.1583969593, 5, 1600676485.1583969593, 20.299999237060546875
1600676485.2013969421, 0, 1600676485.1893968582, 5, 1600676485.1893968582, 20.31999969482421875
1600676485.232396841, 0, 1600676485.2203969955, 5, 1600676485.2203969955, 20.31999969482421875
1600676485.2643969059, 0, 1600676485.2513968945, 5, 1600676485.2513968945, 20.31999969482421875
1600676485.2962450981, 0, 1600676485.2843968868, 5, 1600676485.2843968868, 20.31999969482421875
1600676485.3262450695, 0, 1600676485.3152451515, 5, 1600676485.3152451515, 20.340000152587890625
1600676485.3572449684, 0, 1600676485.3462450504, 5, 1600676485.3462450504, 20.340000152587890625
1600676485.3892450333, 0, 1600676485.3772449493, 5, 1600676485.3772449493, 20.340000152587890625
1600676485.4202449322, 0, 1600676485.4082450867, 5, 1600676485.4082450867, 20.340000152587890625
1600676485.4512450695, 0, 1600676485.4392449856, 5, 1600676485.4392449856, 20.3600006103515625
1600676485.4822449684, 0, 1600676485.4702451229, 5, 1600676485.4702451229, 20.3600006103515625
1600676485.5132451057, 0, 1600676485.5012450218, 5, 1600676485.5012450218, 20.3600006103515625
1600676485.5442450047, 0, 1600676485.5322449207, 5, 1600676485.5322449207, 20.3600006103515625
1600676485.575245142, 0, 1600676485.5632450581, 5, 1600676485.5632450581, 20.379999160766601563
1600676485.6062450409, 0, 1600676485.594244957, 5, 1600676485.594244957, 20.379999160766601563
1600676485.6372449398, 0, 1600676485.6252450943, 5, 1600676485.6252450943, 20.379999160766601563
1600676485.6682450771, 0, 1600676485.6562449932, 5, 1600676485.6562449932, 20.379999160766601563
1600676485.699244976, 0, 1600676485.6872451305, 5, 1600676485.6872451305, 20.399999618530273438
1600676485.7302451134, 0, 1600676485.7182450294, 5, 1600676485.7182450294, 20.399999618530273438
1600676485.7612450123, 0, 1600676485.7492449284, 5, 1600676485.7492449284, 20.399999618530273438
1600676485.7922451496, 0, 1600676485.7802450657, 5, 1600676485.7802450657, 20.399999618530273438
1600676485.8562450409, 0, 1600676485.8112449646, 5, 1600676485.8112449646, 20.420000076293945313
1600676485.8872449398, 0, 1600676485.8752450943, 5, 1600676485.8752450943, 20.420000076293945313
1600676485.9182450771, 0, 1600676485.9062449932, 5, 1600676485.9062449932, 20.420000076293945313
1600676485.949244976, 0, 1600676485.9372451305, 5, 1600676485.9372451305, 20.440000534057617188
1600676485.9802451134, 0, 1600676485.9682450294, 5, 1600676485.9682450294, 20.440000534057617188
1600676486.0112450123, 0, 1600676485.9992449284, 5, 1600676485.9992449284, 20.440000534057617188
1600676486.0422451496, 0, 1600676486.0312449932, 5, 1600676486.0312449932, 20.440000534057617188
1600676486.0732450485, 0, 1600676486.0622451305, 5, 1600676486.0622451305, 20.45999908447265625
1600676486.1042449474, 0, 1600676486.0932450294, 5, 1600676486.0932450294, 20.45999908447265625
1600676486.1352450848, 0, 1600676486.1242449284, 5, 1600676486.1242449284, 20.45999908447265625
1600676486.1672451496, 0, 1600676486.1552450657, 5, 1600676486.1552450657, 20.45999908447265625
1600676486.197245121, 0, 1600676486.1862449646, 5, 1600676486.1862449646, 20.479999542236328125
1600676486.2282450199, 0, 1600676486.2172451019, 5, 1600676486.2172451019, 20.479999542236328125
1600676486.2602450848, 0, 1600676486.2482450008, 5, 1600676486.2482450008, 20.479999542236328125
1600676486.2912449837, 0, 1600676486.2792451382, 5, 1600676486.2792451382, 20.479999542236328125
1600676486.322245121, 0, 1600676486.3102450371, 5, 1600676486.3102450371, 20.5
1600676486.3532450199, 0, 1600676486.341244936, 5, 1600676486.341244936, 20.5
1600676486.3842449188, 0, 1600676486.3722450733, 5, 1600676486.3722450733, 20.5
1600676486.4152450562, 0, 1600676486.4032449722, 5, 1600676486.4032449722, 20.5
1600676486.4462449551, 0, 1600676486.4342451096, 5, 1600676486.4342451096, 20.520000457763671875
1600676486.4772450924, 0, 1600676486.4652450085, 5, 1600676486.4652450085, 20.520000457763671875
1600676486.5082449913, 0, 1600676486.4962451458, 5, 1600676486.4962451458, 20.520000457763671875
1600676486.5392451286, 0, 1600676486.5272450447, 5, 1600676486.5272450447, 20.520000457763671875
1600676486.5702450275, 0, 1600676486.5582449436, 5, 1600676486.5582449436, 20.54000091552734375
1600676486.6012449265, 0, 1600676486.5892450809, 5, 1600676486.5892450809, 20.54000091552734375
1600676486.6322450638, 0, 1600676486.6202449799, 5, 1600676486.6202449799, 20.54000091552734375
1600676486.6632449627, 0, 1600676486.6512451172, 5, 1600676486.6512451172, 20.54000091552734375
1600676486.6942451, 0, 1600676486.6822450161, 5, 1600676486.6822450161, 20.559999465942382813
1600676486.7252449989, 0, 1600676486.713244915, 5, 1600676486.713244915, 20.559999465942382813
1600676486.7562451363, 0, 1600676486.7442450523, 5, 1600676486.7442450523, 20.559999465942382813
1600676486.7872450352, 0, 1600676486.7752449512, 5, 1600676486.7752449512, 20.559999465942382813
1600676486.8182449341, 0, 1600676486.8062450886, 5, 1600676486.8062450886, 20.579999923706054688
1600676486.8492450714, 0, 1600676486.8372449875, 5, 1600676486.8372449875, 20.579999923706054688
1600676486.8802449703, 0, 1600676486.8682451248, 5, 1600676486.8682451248, 20.579999923706054688
1600676486.9112451077, 0, 1600676486.8992450237, 5, 1600676486.8992450237, 20.579999923706054688
1600676486.9422450066, 0, 1600676486.9302449226, 5, 1600676486.9302449226, 20.600000381469726563
1600676486.9732451439, 0, 1600676486.96124506, 5, 1600676486.96124506, 20.600000381469726563
1600676487.0042450428, 0, 1600676486.9922449589, 5, 1600676486.9922449589, 20.600000381469726563
1600676487.0352449417, 0, 1600676487.0232450962, 5, 1600676487.0232450962, 20.600000381469726563
1600676487.066245079, 0, 1600676487.0542449951, 5, 1600676487.0542449951, 20.620000839233398438
1600676487.097244978, 0, 1600676487.0852451324, 5, 1600676487.0852451324, 20.620000839233398438
1600676487.1282451153, 0, 1600676487.1162450314, 5, 1600676487.1162450314, 20.620000839233398438
1600676487.1592450142, 0, 1600676487.1472449303, 5, 1600676487.1472449303, 20.620000839233398438
1600676487.1902451515, 0, 1600676487.1782450676, 5, 1600676487.1782450676, 20.6399993896484375
1600676487.2212450504, 0, 1600676487.2102451324, 5, 1600676487.2102451324, 20.6399993896484375
1600676487.2522449493, 0, 1600676487.2412450314, 5, 1600676487.2412450314, 20.6399993896484375
1600676487.2832450867, 0, 1600676487.2722449303, 5, 1600676487.2722449303, 20.6399993896484375
1600676487.3142449856, 0, 1600676487.3032450676, 5, 1600676487.3032450676, 20.659999847412109375
1600676487.3452451229, 0, 1600676487.3342449665, 5, 1600676487.3342449665, 20.659999847412109375
1600676487.3762450218, 0, 1600676487.3652451038, 5, 1600676487.3652451038, 20.659999847412109375
1600676487.4082450867, 0, 1600676487.3962450027, 5, 1600676487.3962450027, 20.659999847412109375
1600676487.4392449856, 0, 1600676487.4272451401, 5, 1600676487.4272451401, 20.68000030517578125
1600676487.4702451229, 0, 1600676487.458245039, 5, 1600676487.458245039, 20.68000030517578125
1600676487.5012450218, 0, 1600676487.4892449379, 5, 1600676487.4892449379, 20.68000030517578125
1600676487.5322449207, 0, 1600676487.5202450752, 5, 1600676487.5202450752, 20.68000030517578125
1600676487.5632450581, 0, 1600676487.5512449741, 5, 1600676487.5512449741, 20.700000762939453125
1600676487.594244957, 0, 1600676487.5822451115, 5, 1600676487.5822451115, 20.700000762939453125
1600676487.6252450943, 0, 1600676487.6132450104, 5, 1600676487.6132450104, 20.700000762939453125
1600676487.6562449932, 0, 1600676487.6442451477, 5, 1600676487.6442451477, 20.700000762939453125
1600676487.6872451305, 0, 1600676487.6752450466, 5, 1600676487.6752450466, 20.719999313354492188
1600676487.7182450294, 0, 1600676487.7062449455, 5, 1600676487.7062449455, 20.719999313354492188
1600676487.7492449284, 0, 1600676487.7372450829, 5, 1600676487.7372450829, 20.719999313354492188
1600676487.7812449932, 0, 1600676487.7682449818, 5, 1600676487.7682449818, 20.719999313354492188
1600676487.8117067814, 0, 1600676487.8002450466, 5, 1600676487.8002450466, 20.739999771118164063
1600676487.8427069187, 0, 1600676487.8307068348, 5, 1600676487.8307068348, 20.739999771118164063
1600676487.9077069759, 0, 1600676487.8617069721, 5, 1600676487.8617069721, 20.739999771118164063
1600676487.9387068748, 0, 1600676487.9267067909, 5, 1600676487.9267067909, 20.760000228881835938
1600676487.9697067738, 0, 1600676487.9577069283, 5, 1600676487.9577069283, 20.760000228881835938
1600676488.0007069111, 0, 1600676487.9887068272, 5, 1600676487.9887068272, 20.760000228881835938
1600676488.03170681, 0, 1600676488.0197069645, 5, 1600676488.0197069645, 20.760000228881835938
1600676488.0627069473, 0, 1600676488.0507068634, 5, 1600676488.0507068634, 20.780000686645507813
1600676488.0937068462, 0, 1600676488.0817070007, 5, 1600676488.0817070007, 20.780000686645507813
1600676488.1247069836, 0, 1600676488.1127068996, 5, 1600676488.1127068996, 20.780000686645507813
1600676488.1557068825, 0, 1600676488.1437067986, 5, 1600676488.1437067986, 20.780000686645507813
1600676488.1867067814, 0, 1600676488.1747069359, 5, 1600676488.1747069359, 20.799999237060546875
1600676488.2177069187, 0, 1600676488.2057068348, 5, 1600676488.2057068348, 20.799999237060546875
1600676488.2487068176, 0, 1600676488.2367069721, 5, 1600676488.2367069721, 20.799999237060546875
1600676488.279706955, 0, 1600676488.267706871, 5, 1600676488.267706871, 20.799999237060546875
1600676488.3107068539, 0, 1600676488.2987067699, 5, 1600676488.2987067699, 20.81999969482421875
1600676488.3417069912, 0, 1600676488.3297069073, 5, 1600676488.3297069073, 20.81999969482421875
1600676488.3727068901, 0, 1600676488.3607068062, 5, 1600676488.3607068062, 20.81999969482421875
1600676488.403706789, 0, 1600676488.3917069435, 5, 1600676488.3917069435, 20.81999969482421875
1600676488.4347069263, 0, 1600676488.4227068424, 5, 1600676488.4227068424, 20.840000152587890625
1600676488.4657068253, 0, 1600676488.4537069798, 5, 1600676488.4537069798, 20.840000152587890625
1600676488.4967069626, 0, 1600676488.4847068787, 5, 1600676488.4847068787, 20.840000152587890625
1600676488.5277068615, 0, 1600676488.5157067776, 5, 1600676488.5157067776, 20.840000152587890625
1600676488.5587069988, 0, 1600676488.5467069149, 5, 1600676488.5467069149, 20.8600006103515625
1600676488.5897068977, 0, 1600676488.5777068138, 5, 1600676488.5777068138, 20.8600006103515625
1600676488.6207067966, 0, 1600676488.6087069511, 5, 1600676488.6087069511, 20.8600006103515625
1600676488.651706934, 0, 1600676488.6397068501, 5, 1600676488.6397068501, 20.8600006103515625
1600676488.6827068329, 0, 1600676488.6707069874, 5, 1600676488.6707069874, 20.879999160766601563
1600676488.7137069702, 0, 1600676488.7017068863, 5, 1600676488.7017068863, 20.879999160766601563
1600676488.7447068691, 0, 1600676488.7327067852, 5, 1600676488.7327067852, 20.879999160766601563
1600676488.775706768, 0, 1600676488.7637069225, 5, 1600676488.7637069225, 20.879999160766601563
1600676488.8067069054, 0, 1600676488.7957069874, 5, 1600676488.7957069874, 20.899999618530273438
1600676488.8377068043, 0, 1600676488.8267068863, 5, 1600676488.8267068863, 20.899999618530273438
1600676488.8687069416, 0, 1600676488.8577067852, 5, 1600676488.8577067852, 20.899999618530273438
1600676488.900706768, 0, 1600676488.8887069225, 5, 1600676488.8887069225, 20.899999618530273438
1600676488.9307069778, 0, 1600676488.9197068214, 5, 1600676488.9197068214, 20.920000076293945313
1600676488.9617068768, 0, 1600676488.9507069588, 5, 1600676488.9507069588, 20.920000076293945313
1600676488.9927067757, 0, 1600676488.9817068577, 5, 1600676488.9817068577, 20.920000076293945313
1600676489.0277068615, 0, 1600676489.012706995, 5, 1600676489.012706995, 20.920000076293945313
1600676489.0587069988, 0, 1600676489.0467069149, 5, 1600676489.0467069149, 20.940000534057617188
1600676489.0897068977, 0, 1600676489.0777068138, 5, 1600676489.0777068138, 20.940000534057617188
1600676489.1207067966, 0, 1600676489.1087069511, 5, 1600676489.1087069511, 20.940000534057617188
1600676489.151706934, 0, 1600676489.1397068501, 5, 1600676489.1397068501, 20.940000534057617188
1600676489.1827068329, 0, 1600676489.1707069874, 5, 1600676489.1707069874, 20.95999908447265625
1600676489.2137069702, 0, 1600676489.2017068863, 5, 1600676489.2017068863, 20.95999908447265625
1600676489.2447068691, 0, 1600676489.2327067852, 5, 1600676489.2327067852, 20.95999908447265625
1600676489.275706768, 0, 1600676489.2637069225, 5, 1600676489.2637069225, 20.95999908447265625
1600676489.3067069054, 0, 1600676489.2947068214, 5, 1600676489.2947068214, 20.979999542236328125
1600676489.3377068043, 0, 1600676489.3257069588, 5, 1600676489.3257069588, 20.979999542236328125
1600676489.3687069416, 0, 1600676489.3567068577, 5, 1600676489.3567068577, 20.979999542236328125
1600676489.3997068405, 0, 1600676489.387706995, 5, 1600676489.387706995, 20.979999542236328125
1600676489.4307069778, 0, 1600676489.4197068214, 5, 1600676489.4197068214, 21
1600676489.4617068768, 0, 1600676489.4507069588, 5, 1600676489.4507069588, 21
1600676489.4927067757, 0, 1600676489.4817068577, 5, 1600676489.4817068577, 21
1600676489.5247068405, 0, 1600676489.512706995, 5, 1600676489.512706995, 21
1600676489.5547068119, 0, 1600676489.5437068939, 5, 1600676489.5437068939, 21.020000457763671875
1600676489.5857069492, 0, 1600676489.5747067928, 5, 1600676489.5747067928, 21.020000457763671875
1600676489.6167068481, 0, 1600676489.6057069302, 5, 1600676489.6057069302, 21.020000457763671875
1600676489.648706913, 0, 1600676489.6367068291, 5, 1600676489.6367068291, 21.020000457763671875
1600676489.6797068119, 0, 1600676489.6677069664, 5, 1600676489.6677069664, 21.04000091552734375
1600676489.7107069492, 0, 1600676489.6987068653, 5, 1600676489.6987068653, 21.04000091552734375
1600676489.7417068481, 0, 1600676489.7297067642, 5, 1600676489.7297067642, 21.04000091552734375
1600676489.7727069855, 0, 1600676489.7607069016, 5, 1600676489.7607069016, 21.04000091552734375
1600676489.8037068844, 0, 1600676489.7917068005, 5, 1600676489.7917068005, 21.059999465942382813
1600676489.8347067833, 0, 1600676489.8227069378, 5, 1600676489.8227069378, 21.059999465942382813
1600676489.8657069206, 0, 1600676489.8537068367, 5, 1600676489.8537068367, 21.059999465942382813
1600676489.8967068195, 0, 1600676489.884706974, 5, 1600676489.884706974, 21.059999465942382813
1600676489.9607069492, 0, 1600676489.9157068729, 5, 1600676489.9157068729, 21.079999923706054688
1600676489.9917068481, 0, 1600676489.9797067642, 5, 1600676489.9797067642, 21.079999923706054688
1600676490.0227069855, 0, 1600676490.0107069016, 5, 1600676490.0107069016, 21.079999923706054688
1600676490.0537068844, 0, 1600676490.0417068005, 5, 1600676490.0417068005, 21.100000381469726563
1600676490.0847067833, 0, 1600676490.0727069378, 5, 1600676490.0727069378, 21.100000381469726563
1600676490.1157069206, 0, 1600676490.1037068367, 5, 1600676490.1037068367, 21.100000381469726563
1600676490.1467068195, 0, 1600676490.134706974, 5, 1600676490.134706974, 21.100000381469726563
1600676490.1777069569, 0, 1600676490.1657068729, 5, 1600676490.1657068729, 21.120000839233398438
1600676490.2087068558, 0, 1600676490.1967067719, 5, 1600676490.1967067719, 21.120000839233398438
1600676490.2397069931, 0, 1600676490.2277069092, 5, 1600676490.2277069092, 21.120000839233398438
1600676490.270706892, 0, 1600676490.2587068081, 5, 1600676490.2587068081, 21.120000839233398438
1600676490.3037068844, 0, 1600676490.2907068729, 5, 1600676490.2907068729, 21.1399993896484375
1600676490.3341670036, 0, 1600676490.3227069378, 5, 1600676490.3227069378, 21.1399993896484375
1600676490.365167141, 0, 1600676490.353167057, 5, 1600676490.353167057, 21.1399993896484375
1600676490.3961670399, 0, 1600676490.3841671944, 5, 1600676490.3841671944, 21.1399993896484375
1600676490.4271671772, 0, 1600676490.4151670933, 5, 1600676490.4151670933, 21.159999847412109375
1600676490.4581670761, 0, 1600676490.4461669922, 5, 1600676490.4461669922, 21.159999847412109375
1600676490.4891672134, 0, 1600676490.4771671295, 5, 1600676490.4771671295, 21.159999847412109375
1600676490.5201671124, 0, 1600676490.5081670284, 5, 1600676490.5081670284, 21.159999847412109375
1600676490.5511670113, 0, 1600676490.5391671658, 5, 1600676490.5391671658, 21.18000030517578125
1600676490.5821671486, 0, 1600676490.5701670647, 5, 1600676490.5701670647, 21.18000030517578125
1600676490.6131670475, 0, 1600676490.601167202, 5, 1600676490.601167202, 21.18000030517578125
1600676490.6441671848, 0, 1600676490.6321671009, 5, 1600676490.6321671009, 21.18000030517578125
1600676490.6751670837, 0, 1600676490.6631669998, 5, 1600676490.6631669998, 21.200000762939453125
1600676490.7061672211, 0, 1600676490.6941671371, 5, 1600676490.6941671371, 21.200000762939453125
1600676490.73716712, 0, 1600676490.7251670361, 5, 1600676490.7251670361, 21.200000762939453125
1600676490.7681670189, 0, 1600676490.7561671734, 5, 1600676490.7561671734, 21.200000762939453125
1600676490.7991671562, 0, 1600676490.7871670723, 5, 1600676490.7871670723, 21.219999313354492188
1600676490.8301670551, 0, 1600676490.8181672096, 5, 1600676490.8181672096, 21.219999313354492188
1600676490.8611671925, 0, 1600676490.8491671085, 5, 1600676490.8491671085, 21.219999313354492188
1600676490.8921670914, 0, 1600676490.8801670074, 5, 1600676490.8801670074, 21.219999313354492188
1600676490.9231669903, 0, 1600676490.9111671448, 5, 1600676490.9111671448, 21.239999771118164063
1600676490.9541671276, 0, 1600676490.9421670437, 5, 1600676490.9421670437, 21.239999771118164063
1600676490.9851670265, 0, 1600676490.973167181, 5, 1600676490.973167181, 21.239999771118164063
1600676491.0161671638, 0, 1600676491.0051670074, 5, 1600676491.0051670074, 21.239999771118164063
1600676491.0471670628, 0, 1600676491.0361671448, 5, 1600676491.0361671448, 21.260000228881835938
1600676491.0781672001, 0, 1600676491.0671670437, 5, 1600676491.0671670437, 21.260000228881835938
1600676491.109167099, 0, 1600676491.098167181, 5, 1600676491.098167181, 21.260000228881835938
1600676491.1411671638, 0, 1600676491.1291670799, 5, 1600676491.1291670799, 21.260000228881835938
1600676491.1711671352, 0, 1600676491.1601672173, 5, 1600676491.1601672173, 21.280000686645507813
1600676491.2021670341, 0, 1600676491.1911671162, 5, 1600676491.1911671162, 21.280000686645507813
1600676491.234167099, 0, 1600676491.2221670151, 5, 1600676491.2221670151, 21.280000686645507813
1600676491.2651669979, 0, 1600676491.2531671524, 5, 1600676491.2531671524, 21.280000686645507813
1600676491.2961671352, 0, 1600676491.2841670513, 5, 1600676491.2841670513, 21.299999237060546875
1600676491.3271670341, 0, 1600676491.3151671886, 5, 1600676491.3151671886, 21.299999237060546875
1600676491.3581671715, 0, 1600676491.3461670876, 5, 1600676491.3461670876, 21.299999237060546875
1600676491.3891670704, 0, 1600676491.3771669865, 5, 1600676491.3771669865, 21.299999237060546875
1600676491.4201672077, 0, 1600676491.4081671238, 5, 1600676491.4081671238, 21.31999969482421875
1600676491.4511671066, 0, 1600676491.4391670227, 5, 1600676491.4391670227, 21.31999969482421875
1600676491.4821670055, 0, 1600676491.47016716, 5, 1600676491.47016716, 21.31999969482421875
1600676491.5131671429, 0, 1600676491.5011670589, 5, 1600676491.5011670589, 21.31999969482421875
1600676491.5441670418, 0, 1600676491.5321671963, 5, 1600676491.5321671963, 21.340000152587890625
1600676491.5751671791, 0, 1600676491.5631670952, 5, 1600676491.5631670952, 21.340000152587890625
1600676491.606167078, 0, 1600676491.5941669941, 5, 1600676491.5941669941, 21.340000152587890625
1600676491.6371672153, 0, 1600676491.6251671314, 5, 1600676491.6251671314, 21.340000152587890625
1600676491.6681671143, 0, 1600676491.6561670303, 5, 1600676491.6561670303, 21.3600006103515625
1600676491.6991670132, 0, 1600676491.6871671677, 5, 1600676491.6871671677, 21.3600006103515625
1600676491.7301671505, 0, 1600676491.7181670666, 5, 1600676491.7181670666, 21.3600006103515625
1600676491.7611670494, 0, 1600676491.7491672039, 5, 1600676491.7491672039, 21.3600006103515625
1600676491.7921671867, 0, 1600676491.7801671028, 5, 1600676491.7801671028, 21.379999160766601563
1600676491.8231670856, 0, 1600676491.8111670017, 5, 1600676491.8111670017, 21.379999160766601563
1600676491.854167223, 0, 1600676491.8421671391, 5, 1600676491.8421671391, 21.379999160766601563
1600676491.8851671219, 0, 1600676491.873167038, 5, 1600676491.873167038, 21.379999160766601563
1600676491.9161670208, 0, 1600676491.9041671753, 5, 1600676491.9041671753, 21.399999618530273438
1600676491.9471671581, 0, 1600676491.9351670742, 5, 1600676491.9351670742, 21.399999618530273438
1600676492.0121672153, 0, 1600676491.9661672115, 5, 1600676491.9661672115, 21.399999618530273438
1600676492.0421671867, 0, 1600676492.0311670303, 5, 1600676492.0311670303, 21.420000076293945313
1600676492.0731670856, 0, 1600676492.0621671677, 5, 1600676492.0621671677, 21.420000076293945313
1600676492.1051671505, 0, 1600676492.0931670666, 5, 1600676492.0931670666, 21.420000076293945313
1600676492.1361670494, 0, 1600676492.1241672039, 5, 1600676492.1241672039, 21.420000076293945313
1600676492.1671671867, 0, 1600676492.1551671028, 5, 1600676492.1551671028, 21.440000534057617188
1600676492.1981670856, 0, 1600676492.1861670017, 5, 1600676492.1861670017, 21.440000534057617188
1600676492.229167223, 0, 1600676492.2171671391, 5, 1600676492.2171671391, 21.440000534057617188
1600676492.2601671219, 0, 1600676492.248167038, 5, 1600676492.248167038, 21.440000534057617188
1600676492.2911670208, 0, 1600676492.2791671753, 5, 1600676492.2791671753, 21.45999908447265625
1600676492.3221671581, 0, 1600676492.3101670742, 5, 1600676492.3101670742, 21.45999908447265625
1600676492.353167057, 0, 1600676492.3411672115, 5, 1600676492.3411672115, 21.45999908447265625
1600676492.3841671944, 0, 1600676492.3721671104, 5, 1600676492.3721671104, 21.45999908447265625
1600676492.4151670933, 0, 1600676492.4031670094, 5, 1600676492.4031670094, 21.479999542236328125
1600676492.4461669922, 0, 1600676492.4341671467, 5, 1600676492.4341671467, 21.479999542236328125
1600676492.4771671295, 0, 1600676492.4651670456, 5, 1600676492.4651670456, 21.479999542236328125
1600676492.5081670284, 0, 1600676492.4961671829, 5, 1600676492.4961671829, 21.479999542236328125
1600676492.5391671658, 0, 1600676492.5271670818, 5, 1600676492.5271670818, 21.5
1600676492.5701670647, 0, 1600676492.5581672192, 5, 1600676492.5581672192, 21.5
1600676492.601167202, 0, 1600676492.5891671181, 5, 1600676492.5891671181, 21.5
1600676492.6321671009, 0, 1600676492.620167017, 5, 1600676492.620167017, 21.5
1600676492.6631669998, 0, 1600676492.6511671543, 5, 1600676492.6511671543, 21.520000457763671875
1600676492.6941671371, 0, 1600676492.6821670532, 5, 1600676492.6821670532, 21.520000457763671875
1600676492.7251670361, 0, 1600676492.7131671906, 5, 1600676492.7131671906, 21.520000457763671875
1600676492.7561671734, 0, 1600676492.7441670895, 5, 1600676492.7441670895, 21.520000457763671875
1600676492.7871670723, 0, 1600676492.7751669884, 5, 1600676492.7751669884, 21.54000091552734375
1600676492.8201670647, 0, 1600676492.8061671257, 5, 1600676492.8061671257, 21.54000091552734375
1600676492.8513600826, 0, 1600676492.8391671181, 5, 1600676492.8391671181, 21.54000091552734375
1600676492.8823599815, 0, 1600676492.870360136, 5, 1600676492.870360136, 21.54000091552734375
1600676492.9133601189, 0, 1600676492.9013600349, 5, 1600676492.9013600349, 21.559999465942382813
1600676492.9443600178, 0, 1600676492.9323599339, 5, 1600676492.9323599339, 21.559999465942382813
1600676492.9753599167, 0, 1600676492.9633600712, 5, 1600676492.9633600712, 21.559999465942382813
1600676493.006360054, 0, 1600676492.9943599701, 5, 1600676492.9943599701, 21.559999465942382813
1600676493.0373599529, 0, 1600676493.0253601074, 5, 1600676493.0253601074, 21.579999923706054688
1600676493.0683600903, 0, 1600676493.0563600063, 5, 1600676493.0563600063, 21.579999923706054688
1600676493.0993599892, 0, 1600676493.0873599052, 5, 1600676493.0873599052, 21.579999923706054688
1600676493.1303601265, 0, 1600676493.1183600426, 5, 1600676493.1183600426, 21.579999923706054688
1600676493.1613600254, 0, 1600676493.1493599415, 5, 1600676493.1493599415, 21.600000381469726563
1600676493.1923599243, 0, 1600676493.1803600788, 5, 1600676493.1803600788, 21.600000381469726563
1600676493.2233600616, 0, 1600676493.2113599777, 5, 1600676493.2113599777, 21.600000381469726563
1600676493.2543599606, 0, 1600676493.2423601151, 5, 1600676493.2423601151, 21.600000381469726563
1600676493.2853600979, 0, 1600676493.273360014, 5, 1600676493.273360014, 21.620000839233398438
1600676493.3163599968, 0, 1600676493.3043599129, 5, 1600676493.3043599129, 21.620000839233398438
1600676493.3473601341, 0, 1600676493.3353600502, 5, 1600676493.3353600502, 21.620000839233398438
1600676493.378360033, 0, 1600676493.3663599491, 5, 1600676493.3663599491, 21.620000839233398438
1600676493.4093599319, 0, 1600676493.3973600864, 5, 1600676493.3973600864, 21.6399993896484375
1600676493.4403600693, 0, 1600676493.4283599854, 5, 1600676493.4283599854, 21.6399993896484375
1600676493.4713599682, 0, 1600676493.4593601227, 5, 1600676493.4593601227, 21.6399993896484375
1600676493.5023601055, 0, 1600676493.4903600216, 5, 1600676493.4903600216, 21.6399993896484375
1600676493.5333600044, 0, 1600676493.5213599205, 5, 1600676493.5213599205, 21.659999847412109375
1600676493.5643599033, 0, 1600676493.5523600578, 5, 1600676493.5523600578, 21.659999847412109375
1600676493.5953600407, 0, 1600676493.5833599567, 5, 1600676493.5833599567, 21.659999847412109375
1600676493.6263599396, 0, 1600676493.6143600941, 5, 1600676493.6143600941, 21.659999847412109375
1600676493.6573600769, 0, 1600676493.645359993, 5, 1600676493.645359993, 21.68000030517578125
1600676493.6883599758, 0, 1600676493.6763601303, 5, 1600676493.6763601303, 21.68000030517578125
1600676493.7193601131, 0, 1600676493.7073600292, 5, 1600676493.7073600292, 21.68000030517578125
1600676493.7503600121, 0, 1600676493.7393600941, 5, 1600676493.7393600941, 21.68000030517578125
1600676493.781359911, 0, 1600676493.770359993, 5, 1600676493.770359993, 21.700000762939453125
1600676493.8123600483, 0, 1600676493.8013601303, 5, 1600676493.8013601303, 21.700000762939453125
1600676493.8433599472, 0, 1600676493.8323600292, 5, 1600676493.8323600292, 21.700000762939453125
1600676493.8753600121, 0, 1600676493.8633599281, 5, 1600676493.8633599281, 21.700000762939453125
1600676493.9053599834, 0, 1600676493.8943600655, 5, 1600676493.8943600655, 21.719999313354492188
1600676493.9363601208, 0, 1600676493.9253599644, 5, 1600676493.9253599644, 21.719999313354492188
1600676493.9683599472, 0, 1600676493.9563601017, 5, 1600676493.9563601017, 21.719999313354492188
1600676493.9993600845, 0, 1600676493.9873600006, 5, 1600676493.9873600006, 21.719999313354492188
1600676494.0663599968, 0, 1600676494.0183598995, 5, 1600676494.0183598995, 21.739999771118164063
1600676494.0973601341, 0, 1600676494.0863599777, 5, 1600676494.0863599777, 21.739999771118164063
1600676494.128360033, 0, 1600676494.1173601151, 5, 1600676494.1173601151, 21.739999771118164063
1600676494.1593599319, 0, 1600676494.148360014, 5, 1600676494.148360014, 21.760000228881835938
1600676494.1903600693, 0, 1600676494.1793599129, 5, 1600676494.1793599129, 21.760000228881835938
1600676494.2213599682, 0, 1600676494.2103600502, 5, 1600676494.2103600502, 21.760000228881835938
1600676494.253360033, 0, 1600676494.2413599491, 5, 1600676494.2413599491, 21.760000228881835938
1600676494.2833600044, 0, 1600676494.2723600864, 5, 1600676494.2723600864, 21.780000686645507813
1600676494.3153600693, 0, 1600676494.3033599854, 5, 1600676494.3033599854, 21.780000686645507813
1600676494.3463599682, 0, 1600676494.3343601227, 5, 1600676494.3343601227, 21.780000686645507813
1600676494.3773601055, 0, 1600676494.3653600216, 5, 1600676494.3653600216, 21.780000686645507813
1600676494.4083600044, 0, 1600676494.3963599205, 5, 1600676494.3963599205, 21.799999237060546875
1600676494.4393599033, 0, 1600676494.4273600578, 5, 1600676494.4273600578, 21.799999237060546875
1600676494.4703600407, 0, 1600676494.4583599567, 5, 1600676494.4583599567, 21.799999237060546875
1600676494.5013599396, 0, 1600676494.4893600941, 5, 1600676494.4893600941, 21.799999237060546875
1600676494.5323600769, 0, 1600676494.520359993, 0, 1600676494.520359993, 1.7999999523162841797
1600676494.5633599758, 0, 1600676494.5513601303, 0, 1600676494.5513601303, 1.7999999523162841797
1600676494.5943601131, 0, 1600676494.5823600292, 0, 1600676494.5823600292, 1.7999999523162841797
1600676494.6253600121, 0, 1600676494.6133599281, 0, 1600676494.6133599281, 1.7999999523162841797
1600676494.656359911, 0, 1600676494.6443600655, 0, 1600676494.6443600655, 1.7999999523162841797
1600676494.6873600483, 0, 1600676494.6753599644, 0, 1600676494.6753599644, 1.7999999523162841797
1600676494.7183599472, 0, 1600676494.7063601017, 0, 1600676494.7063601017, 1.7999999523162841797
1600676494.7493600845, 0, 1600676494.7373600006, 0, 1600676494.7373600006, 1.7999999523162841797
1600676494.7803599834, 0, 1600676494.7683598995, 0, 1600676494.7683598995, 1.7999999523162841797
1600676494.8113601208, 0, 1600676494.7993600368, 0, 1600676494.7993600368, 1.7999999523162841797
1600676494.8423600197, 0, 1600676494.8303599358, 0, 1600676494.8303599358, 1.7999999523162841797
1600676494.8733599186, 0, 1600676494.8613600731, 0, 1600676494.8613600731, 1.7999999523162841797
1600676494.9043600559, 0, 1600676494.892359972, 0, 1600676494.892359972, 1.7999999523162841797
1600676494.9353599548, 0, 1600676494.9233601093, 0, 1600676494.9233601093, 1.7999999523162841797
1600676494.9663600922, 0, 1600676494.9543600082, 0, 1600676494.9543600082, 1.7999999523162841797
1600676494.9973599911, 0, 1600676494.9853599072, 0, 1600676494.9853599072, 1.7999999523162841797
1600676495.0283601284, 0, 1600676495.0163600445, 0, 1600676495.0163600445, 1.7999999523162841797
1600676495.0593600273, 0, 1600676495.0473599434, 0, 1600676495.0473599434, 1.7999999523162841797
1600676495.0903599262, 0, 1600676495.0783600807, 0, 1600676495.0783600807, 1.7999999523162841797
1600676495.1213600636, 0, 1600676495.1093599796, 0, 1600676495.1093599796, 1.7999999523162841797
1600676495.1523599625, 0, 1600676495.140360117, 0, 1600676495.140360117, 1.7999999523162841797
1600676495.1833600998, 0, 1600676495.1713600159, 0, 1600676495.1713600159, 1.7999999523162841797
1600676495.2143599987, 0, 1600676495.2023599148, 0, 1600676495.2023599148, 1.7999999523162841797
1600676495.245360136, 0, 1600676495.2343599796, 0, 1600676495.2343599796, 1.7999999523162841797
1600676495.2763600349, 0, 1600676495.265360117, 0, 1600676495.265360117, 1.7999999523162841797
1600676495.3073599339, 0, 1600676495.2963600159, 0, 1600676495.2963600159, 1.7999999523162841797
1600676495.3403599262, 0, 1600676495.3273599148, 0, 1600676495.3273599148, 1.7999999523162841797
1600676495.3713600636, 0, 1600676495.3593599796, 0, 1600676495.3593599796, 1.7999999523162841797
1600676495.4017629623, 0, 1600676495.390360117, 0, 1600676495.390360117, 1.7999999523162841797
1600676495.4327628613, 0, 1600676495.4207630157, 0, 1600676495.4207630157, 1.7999999523162841797
1600676495.4637629986, 0, 1600676495.4517629147, 0, 1600676495.4517629147, 1.7999999523162841797
1600676495.4947628975, 0, 1600676495.4827628136, 0, 1600676495.4827628136, 1.7999999523162841797
1600676495.5257630348, 0, 1600676495.5137629509, 0, 1600676495.5137629509, 1.7999999523162841797
1600676495.5567629337, 0, 1600676495.5447628498, 0, 1600676495.5447628498, 1.7999999523162841797
1600676495.5877628326, 0, 1600676495.5757629871, 0, 1600676495.5757629871, 1.7999999523162841797
1600676495.61876297, 0, 1600676495.606762886, 0, 1600676495.606762886, 1.7999999523162841797
1600676495.6497628689, 0, 1600676495.6377630234, 0, 1600676495.6377630234, 1.7999999523162841797
1600676495.6807630062, 0, 1600676495.6687629223, 0, 1600676495.6687629223, 1.7999999523162841797
1600676495.7117629051, 0, 1600676495.6997628212, 0, 1600676495.6997628212, 1.7999999523162841797
1600676495.7427630424, 0, 1600676495.7307629585, 0, 1600676495.7307629585, 1.7999999523162841797
1600676495.7737629414, 0, 1600676495.7617628574, 0, 1600676495.7617628574, 1.7999999523162841797
1600676495.8047628403, 0, 1600676495.7927629948, 0, 1600676495.7927629948, 1.7999999523162841797
1600676495.8357629776, 0, 1600676495.8237628937, 0, 1600676495.8237628937, 1.7999999523162841797
1600676495.8667628765, 0, 1600676495.854763031, 0, 1600676495.854763031, 1.7999999523162841797
1600676495.8977630138, 0, 1600676495.8857629299, 0, 1600676495.8857629299, 1.7999999523162841797
1600676495.9287629128, 0, 1600676495.9167628288, 0, 1600676495.9167628288, 1.7999999523162841797
1600676495.9597628117, 0, 1600676495.9487628937, 0, 1600676495.9487628937, 1.7999999523162841797
1600676495.990762949, 0, 1600676495.979763031, 0, 1600676495.979763031, 1.7999999523162841797
1600676496.0217628479, 0, 1600676496.0107629299, 0, 1600676496.0107629299, 1.7999999523162841797
1600676496.0527629852, 0, 1600676496.0417628288, 0, 1600676496.0417628288, 1.7999999523162841797
1600676496.1177630424, 0, 1600676496.0727629662, 0, 1600676496.0727629662, 1.7999999523162841797
1600676496.1487629414, 0, 1600676496.1367628574, 0, 1600676496.1367628574, 1.7999999523162841797
1600676496.1797628403, 0, 1600676496.1677629948, 0, 1600676496.1677629948, 1.7999999523162841797
1600676496.2107629776, 0, 1600676496.1987628937, 0, 1600676496.1987628937, 1.7999999523162841797
1600676496.2417628765, 0, 1600676496.229763031, 0, 1600676496.229763031, 1.7999999523162841797
1600676496.2727630138, 0, 1600676496.2607629299, 0, 1600676496.2607629299, 1.7999999523162841797
1600676496.3037629128, 0, 1600676496.2917628288, 0, 1600676496.2917628288, 1.7999999523162841797
1600676496.3347628117, 0, 1600676496.3227629662, 0, 1600676496.3227629662, 1.7999999523162841797
1600676496.365762949, 0, 1600676496.3537628651, 0, 1600676496.3537628651, 1.7999999523162841797
1600676496.3967628479, 0, 1600676496.3847630024, 0, 1600676496.3847630024, 1.7999999523162841797
1600676496.4277629852, 0, 1600676496.4157629013, 0, 1600676496.4157629013, 1.7999999523162841797
1600676496.4587628841, 0, 1600676496.4467630386, 0, 1600676496.4467630386, 1.7999999523162841797
1600676496.4897630215, 0, 1600676496.4777629375, 0, 1600676496.4777629375, 1.7999999523162841797
1600676496.5207629204, 0, 1600676496.5087628365, 0, 1600676496.5087628365, 1.7999999523162841797
1600676496.5517628193, 0, 1600676496.5397629738, 0, 1600676496.5397629738, 1.7999999523162841797
1600676496.5827629566, 0, 1600676496.5707628727, 0, 1600676496.5707628727, 1.7999999523162841797
1600676496.6137628555, 0, 1600676496.60176301, 0, 1600676496.60176301, 1.7999999523162841797
1600676496.6447629929, 0, 1600676496.6327629089, 0, 1600676496.6327629089, 1.7999999523162841797
1600676496.6757628918, 0, 1600676496.6637628078, 0, 1600676496.6637628078, 1.7999999523162841797
1600676496.7067630291, 0, 1600676496.6947629452, 0, 1600676496.6947629452, 1.7999999523162841797
1600676496.737762928, 0, 1600676496.7257628441, 0, 1600676496.7257628441, 1.7999999523162841797
1600676496.7687628269, 0, 1600676496.7567629814, 0, 1600676496.7567629814, 1.7999999523162841797
1600676496.7997629642, 0, 1600676496.7877628803, 0, 1600676496.7877628803, 1.7999999523162841797
1600676496.8307628632, 0, 1600676496.8197629452, 0, 1600676496.8197629452, 1.7999999523162841797
1600676496.8617630005, 0, 1600676496.8507628441, 0, 1600676496.8507628441, 1.7999999523162841797
1600676496.8927628994, 0, 1600676496.8817629814, 0, 1600676496.8817629814, 1.7999999523162841797
1600676496.9237630367, 0, 1600676496.9127628803, 0, 1600676496.9127628803, 1.7999999523162841797
1600676496.9547629356, 0, 1600676496.9437630177, 0, 1600676496.9437630177, 1.7999999523162841797
1600676496.9867630005, 0, 1600676496.9747629166, 0, 1600676496.9747629166, 1.7999999523162841797
1600676497.0167629719, 0, 1600676497.0057628155, 0, 1600676497.0057628155, 1.7999999523162841797
1600676497.0487630367, 0, 1600676497.0367629528, 0, 1600676497.0367629528, 1.7999999523162841797
1600676497.0797629356, 0, 1600676497.0677628517, 0, 1600676497.0677628517, 1.7999999523162841797
1600676497.1107628345, 0, 1600676497.098762989, 0, 1600676497.098762989, 1.7999999523162841797
1600676497.1417629719, 0, 1600676497.129762888, 0, 1600676497.129762888, 1.7999999523162841797
1600676497.1727628708, 0, 1600676497.1607630253, 0, 1600676497.1607630253, 1.7999999523162841797
1600676497.2037630081, 0, 1600676497.1917629242, 0, 1600676497.1917629242, 1.7999999523162841797
1600676497.234762907, 0, 1600676497.2227628231, 0, 1600676497.2227628231, 1.7999999523162841797
1600676497.2657630444, 0, 1600676497.2537629604, 0, 1600676497.2537629604, 1.7999999523162841797
1600676497.2967629433, 0, 1600676497.2847628593, 0, 1600676497.2847628593, 1.7999999523162841797
1600676497.3277628422, 0, 1600676497.3157629967, 0, 1600676497.3157629967, 1.7999999523162841797
1600676497.3587629795, 0, 1600676497.3467628956, 0, 1600676497.3467628956, 1.7999999523162841797
1600676497.3897628784, 0, 1600676497.3777630329, 0, 1600676497.3777630329, 1.7999999523162841797
1600676497.4207630157, 0, 1600676497.4087629318, 0, 1600676497.4087629318, 1.7999999523162841797
1600676497.4517629147, 0, 1600676497.4397628307, 0, 1600676497.4397628307, 1.7999999523162841797
1600676497.4827628136, 0, 1600676497.4707629681, 0, 1600676497.4707629681, 1.7999999523162841797
1600676497.5137629509, 0, 1600676497.501762867, 0, 1600676497.501762867, 1.7999999523162841797
1600676497.5447628498, 0, 1600676497.5327630043, 0, 1600676497.5327630043, 1.7999999523162841797
1600676497.5757629871, 0, 1600676497.5637629032, 0, 1600676497.5637629032, 1.7999999523162841797
1600676497.606762886, 0, 1600676497.5947630405, 0, 1600676497.5947630405, 1.7999999523162841797
1600676497.6377630234, 0, 1600676497.6257629395, 0, 1600676497.6257629395, 1.7999999523162841797
1600676497.6687629223, 0, 1600676497.6567628384, 0, 1600676497.6567628384, 1.7999999523162841797
1600676497.6997628212, 0, 1600676497.6877629757, 0, 1600676497.6877629757, 1.7999999523162841797
1600676497.7307629585, 0, 1600676497.7187628746, 0, 1600676497.7187628746, 1.7999999523162841797
1600676497.7617628574, 0, 1600676497.7497630119, 0, 1600676497.7497630119, 1.7999999523162841797
1600676497.7927629948, 0, 1600676497.7807629108, 0, 1600676497.7807629108, 1.7999999523162841797
1600676497.8237628937, 0, 1600676497.8117628098, 0, 1600676497.8117628098, 1.7999999523162841797
1600676497.856762886, 0, 1600676497.8427629471, 0, 1600676497.8427629471, 1.7999999523162841797
1600676497.8876831532, 0, 1600676497.8757629395, 0, 1600676497.8757629395, 1.7999999523162841797
1600676497.9186830521, 0, 1600676497.9066832066, 0, 1600676497.9066832066, 1.7999999523162841797
1600676497.9496831894, 0, 1600676497.9376831055, 0, 1600676497.9376831055, 1.7999999523162841797
1600676497.9806830883, 0, 1600676497.9686830044, 0, 1600676497.9686830044, 1.7999999523162841797
1600676498.0116829872, 0, 1600676497.9996831417, 0, 1600676497.9996831417, 1.7999999523162841797
1600676498.0426831245, 0, 1600676498.0306830406, 0, 1600676498.0306830406, 1.7999999523162841797
1600676498.0736830235, 0, 1600676498.0616831779, 0, 1600676498.0616831779, 1.7999999523162841797
1600676498.1046831608, 0, 1600676498.0926830769, 0, 1600676498.0926830769, 1.7999999523162841797
1600676498.1686830521, 0, 1600676498.1236829758, 0, 1600676498.1236829758, 1.7999999523162841797
1600676498.1996831894, 0, 1600676498.1876831055, 0, 1600676498.1876831055, 1.7999999523162841797
1600676498.2306830883, 0, 1600676498.2186830044, 0, 1600676498.2186830044, 1.7999999523162841797
1600676498.2616829872, 0, 1600676498.2496831417, 0, 1600676498.2496831417, 1.7999999523162841797
1600676498.2926831245, 0, 1600676498.2806830406, 0, 1600676498.2806830406, 1.7999999523162841797
1600676498.3236830235, 0, 1600676498.3116831779, 0, 1600676498.3116831779, 1.7999999523162841797
1600676498.3546831608, 0, 1600676498.3426830769, 0, 1600676498.3426830769, 1.7999999523162841797
1600676498.3856830597, 0, 1600676498.3736829758, 0, 1600676498.3736829758, 1.7999999523162841797
1600676498.416683197, 0, 1600676498.4056830406, 0, 1600676498.4056830406, 1.7999999523162841797
1600676498.4476830959, 0, 1600676498.4366831779, 0, 1600676498.4366831779, 1.7999999523162841797
1600676498.4786829948, 0, 1600676498.4676830769, 0, 1600676498.4676830769, 1.7999999523162841797
1600676498.5096831322, 0, 1600676498.4986829758, 0, 1600676498.4986829758, 1.7999999523162841797
1600676498.5406830311, 0, 1600676498.5296831131, 0, 1600676498.5296831131, 1.7999999523162841797
1600676498.5716831684, 0, 1600676498.560683012, 0, 1600676498.560683012, 1.7999999523162841797
1600676498.6036829948, 0, 1600676498.5916831493, 0, 1600676498.5916831493, 1.7999999523162841797
1600676498.6346831322, 0, 1600676498.6226830482, 0, 1600676498.6226830482, 1.7999999523162841797
1600676498.6656830311, 0, 1600676498.6536831856, 0, 1600676498.6536831856, 1.7999999523162841797
1600676498.6966831684, 0, 1600676498.6846830845, 0, 1600676498.6846830845, 1.7999999523162841797
1600676498.7276830673, 0, 1600676498.7156829834, 0, 1600676498.7156829834, 1.7999999523162841797
1600676498.7586832047, 0, 1600676498.7466831207, 0, 1600676498.7466831207, 1.7999999523162841797
1600676498.7896831036, 0, 1600676498.7776830196, 0, 1600676498.7776830196, 1.7999999523162841797
1600676498.8206830025, 0, 1600676498.808683157, 0, 1600676498.808683157, 1.7999999523162841797
1600676498.8516831398, 0, 1600676498.8396830559, 0, 1600676498.8396830559, 1.7999999523162841797
1600676498.8826830387, 0, 1600676498.8706831932, 0, 1600676498.8706831932, 1.7999999523162841797
1600676498.913683176, 0, 1600676498.9016830921, 0, 1600676498.9016830921, 1.7999999523162841797
1600676498.944683075, 0, 1600676498.932682991, 0, 1600676498.932682991, 1.7999999523162841797
1600676498.9756829739, 0, 1600676498.9636831284, 0, 1600676498.9636831284, 1.7999999523162841797
1600676499.0066831112, 0, 1600676498.9946830273, 0, 1600676498.9946830273, 1.7999999523162841797
1600676499.0376830101, 0, 1600676499.0256831646, 0, 1600676499.0256831646, 1.7999999523162841797
1600676499.0716831684, 0, 1600676499.0566830635, 0, 1600676499.0566830635, 1.7999999523162841797
1600676499.1026830673, 0, 1600676499.0916831493, 0, 1600676499.0916831493, 1.7999999523162841797
1600676499.1336832047, 0, 1600676499.1226830482, 0, 1600676499.1226830482, 1.7999999523162841797
1600676499.1646831036, 0, 1600676499.1536831856, 0, 1600676499.1536831856, 1.7999999523162841797
1600676499.1956830025, 0, 1600676499.1846830845, 0, 1600676499.1846830845, 1.7999999523162841797
1600676499.2276830673, 0, 1600676499.2156829834, 0, 1600676499.2156829834, 1.7999999523162841797
1600676499.2586832047, 0, 1600676499.2466831207, 0, 1600676499.2466831207, 1.7999999523162841797
1600676499.2896831036, 0, 1600676499.2776830196, 0, 1600676499.2776830196, 1.7999999523162841797
1600676499.3206830025, 0, 1600676499.308683157, 0, 1600676499.308683157, 1.7999999523162841797
1600676499.3516831398, 0, 1600676499.3396830559, 0, 1600676499.3396830559, 1.7999999523162841797
1600676499.3826830387, 0, 1600676499.3706831932, 0, 1600676499.3706831932, 1.7999999523162841797
1600676499.413683176, 0, 1600676499.4016830921, 0, 1600676499.4016830921, 1.7999999523162841797
1600676499.444683075, 0, 1600676499.432682991, 0, 1600676499.432682991, 1.7999999523162841797
1600676499.4756829739, 0, 1600676499.4636831284, 0, 1600676499.4636831284, 1.7999999523162841797
1600676499.5066831112, 0, 1600676499.4946830273, 0, 1600676499.4946830273, 1.7999999523162841797
1600676499.5376830101, 0, 1600676499.5256831646, 0, 1600676499.5256831646, 1.7999999523162841797
1600676499.5686831474, 0, 1600676499.5566830635, 0, 1600676499.5566830635, 1.7999999523162841797
1600676499.5996830463, 0, 1600676499.5876832008, 0, 1600676499.5876832008, 1.7999999523162841797
1600676499.6306831837, 0, 1600676499.6186830997, 0, 1600676499.6186830997, 1.7999999523162841797
1600676499.6616830826, 0, 1600676499.6496829987, 0, 1600676499.6496829987, 1.7999999523162841797
1600676499.6926829815, 0, 1600676499.680683136, 0, 1600676499.680683136, 1.7999999523162841797
1600676499.7236831188, 0, 1600676499.7116830349, 0, 1600676499.7116830349, 1.7999999523162841797
1600676499.7546830177, 0, 1600676499.7426831722, 0, 1600676499.7426831722, 1.7999999523162841797
1600676499.7856831551, 0, 1600676499.7736830711, 0, 1600676499.7736830711, 1.7999999523162841797
1600676499.816683054, 0, 1600676499.80468297, 0, 1600676499.80468297, 1.7999999523162841797
1600676499.8476831913, 0, 1600676499.8356831074, 0, 1600676499.8356831074, 1.7999999523162841797
1600676499.8786830902, 0, 1600676499.8666830063, 0, 1600676499.8666830063, 1.7999999523162841797
1600676499.9096829891, 0, 1600676499.8976831436, 0, 1600676499.8976831436, 1.7999999523162841797
1600676499.9406831264, 0, 1600676499.9286830425, 0, 1600676499.9286830425, 1.7999999523162841797
1600676499.9716830254, 0, 1600676499.9596831799, 0, 1600676499.9596831799, 1.7999999523162841797
1600676500.0026831627, 0, 1600676499.9906830788, 0, 1600676499.9906830788, 1.7999999523162841797
1600676500.0336830616, 0, 1600676500.0216829777, 0, 1600676500.0216829777, 1.7999999523162841797
1600676500.0646831989, 0, 1600676500.052683115, 0, 1600676500.052683115, 1.7999999523162841797
1600676500.0956830978, 0, 1600676500.0836830139, 0, 1600676500.0836830139, 1.7999999523162841797
1600676500.1266829967, 0, 1600676500.1146831512, 0, 1600676500.1146831512, 1.7999999523162841797
1600676500.1576831341, 0, 1600676500.1456830502, 0, 1600676500.1456830502, 1.7999999523162841797
1600676500.2226831913, 0, 1600676500.1766831875, 0, 1600676500.1766831875, 1.7999999523162841797
1600676500.2536830902, 0, 1600676500.2416830063, 0, 1600676500.2416830063, 1.7999999523162841797
1600676500.2846829891, 0, 1600676500.2726831436, 0, 1600676500.2726831436, 1.7999999523162841797
1600676500.3156831264, 0, 1600676500.3036830425, 0, 1600676500.3036830425, 1.7999999523162841797
1600676500.3466830254, 0, 1600676500.3346831799, 0, 1600676500.3346831799, 1.7999999523162841797
1600676500.3786830902, 0, 1600676500.3656830788, 0, 1600676500.3656830788, 1.7999999523162841797
1600676500.4096829891, 0, 1600676500.3976831436, 0, 1600676500.3976831436, 1.7999999523162841797
1600676500.4406831264, 0, 1600676500.4286830425, 0, 1600676500.4286830425, 1.7999999523162841797
1600676500.4716830254, 0, 1600676500.4596831799, 0, 1600676500.4596831799, 1.7999999523162841797
1600676500.5026831627, 0, 1600676500.4906830788, 0, 1600676500.4906830788, 1.7999999523162841797
1600676500.5336830616, 0, 1600676500.5216829777, 0, 1600676500.5216829777, 1.7999999523162841797
1600676500.5646831989, 0, 1600676500.552683115, 0, 1600676500.552683115, 1.7999999523162841797
1600676500.5956830978, 0, 1600676500.5836830139, 0, 1600676500.5836830139, 1.7999999523162841797
1600676500.6266829967, 0, 1600676500.6156830788, 0, 1600676500.6156830788, 1.7999999523162841797
1600676500.6576831341, 0, 1600676500.6466829777, 0, 1600676500.6466829777, 1.7999999523162841797
1600676500.688683033, 0, 1600676500.677683115, 0, 1600676500.677683115, 1.7999999523162841797
1600676500.7196831703, 0, 1600676500.7086830139, 0, 1600676500.7086830139, 1.7999999523162841797
1600676500.7506830692, 0, 1600676500.7396831512, 0, 1600676500.7396831512, 1.7999999523162841797
1600676500.7816832066, 0, 1600676500.7706830502, 0, 1600676500.7706830502, 1.7999999523162841797
1600676500.8126831055, 0, 1600676500.8016831875, 0, 1600676500.8016831875, 1.7999999523162841797
1600676500.8446831703, 0, 1600676500.8326830864, 0, 1600676500.8326830864, 1.7999999523162841797
1600676500.8756830692, 0, 1600676500.8636829853, 0, 1600676500.8636829853, 1.7999999523162841797
1600676500.9066832066, 0, 1600676500.8946831226, 0, 1600676500.8946831226, 1.7999999523162841797
1600676500.9376831055, 0, 1600676500.9256830215, 0, 1600676500.9256830215, 1.7999999523162841797
1600676500.9686830044, 0, 1600676500.9566831589, 0, 1600676500.9566831589, 1.7999999523162841797
1600676500.9996831417, 0, 1600676500.9876830578, 0, 1600676500.9876830578, 1.7999999523162841797
1600676501.0306830406, 0, 1600676501.0186831951, 0, 1600676501.0186831951, 1.7999999523162841797
1600676501.0616831779, 0, 1600676501.049683094, 0, 1600676501.049683094, 1.7999999523162841797
1600676501.0926830769, 0, 1600676501.0806829929, 0, 1600676501.0806829929, 1.7999999523162841797
1600676501.1236829758, 0, 1600676501.1116831303, 0, 1600676501.1116831303, 1.7999999523162841797
1600676501.1546831131, 0, 1600676501.1426830292, 0, 1600676501.1426830292, 1.7999999523162841797
1600676501.185683012, 0, 1600676501.1736831665, 0, 1600676501.1736831665, 1.7999999523162841797
1600676501.2166831493, 0, 1600676501.2046830654, 0, 1600676501.2046830654, 1.7999999523162841797
1600676501.2476830482, 0, 1600676501.2356832027, 0, 1600676501.2356832027, 1.7999999523162841797
1600676501.2786831856, 0, 1600676501.2666831017, 0, 1600676501.2666831017, 1.7999999523162841797
1600676501.3096830845, 0, 1600676501.2976830006, 0, 1600676501.2976830006, 1.7999999523162841797
1600676501.3406829834, 0, 1600676501.3286831379, 0, 1600676501.3286831379, 1.7999999523162841797
1600676501.3716831207, 0, 1600676501.3596830368, 0, 1600676501.3596830368, 1.7999999523162841797
1600676501.4026830196, 0, 1600676501.3906831741, 0, 1600676501.3906831741, 1.7999999523162841797
1600676501.433683157, 0, 1600676501.421683073, 0, 1600676501.421683073, 1.7999999523162841797
1600676501.4646830559, 0, 1600676501.452682972, 0, 1600676501.452682972, 1.7999999523162841797
1600676501.4956831932, 0, 1600676501.4836831093, 0, 1600676501.4836831093, 1.7999999523162841797
1600676501.5266830921, 0, 1600676501.5146830082, 0, 1600676501.5146830082, 1.7999999523162841797
1600676501.557682991, 0, 1600676501.5456831455, 0, 1600676501.5456831455, 1.7999999523162841797
1600676501.5886831284, 0, 1600676501.5766830444, 0, 1600676501.5766830444, 1.7999999523162841797
1600676501.6196830273, 0, 1600676501.6076831818, 0, 1600676501.6076831818, 1.7999999523162841797
1600676501.6506831646, 0, 1600676501.6386830807, 0, 1600676501.6386830807, 1.7999999523162841797
1600676501.6816830635, 0, 1600676501.6696829796, 0, 1600676501.6696829796, 1.7999999523162841797
1600676501.7126832008, 0, 1600676501.7006831169, 0, 1600676501.7006831169, 1.7999999523162841797
1600676501.7436830997, 0, 1600676501.7316830158, 0, 1600676501.7316830158, 1.7999999523162841797
1600676501.7746829987, 0, 1600676501.7626831532, 0, 1600676501.7626831532, 1.7999999523162841797
1600676501.805683136, 0, 1600676501.7946829796, 0, 1600676501.7946829796, 1.7999999523162841797
1600676501.8366830349, 0, 1600676501.8256831169, 0, 1600676501.8256831169, 1.7999999523162841797
1600676501.8676831722, 0, 1600676501.8566830158, 0, 1600676501.8566830158, 1.7999999523162841797
1600676501.8986830711, 0, 1600676501.8876831532, 0, 1600676501.8876831532, 1.7999999523162841797
1600676501.92968297, 0, 1600676501.9186830521, 0, 1600676501.9186830521, 1.7999999523162841797
1600676501.9616830349, 0, 1600676501.9496831894, 0, 1600676501.9496831894, 1.7999999523162841797
1600676501.9916830063, 0, 1600676501.9806830883, 0, 1600676501.9806830883, 1.7999999523162841797
1600676502.0236830711, 0, 1600676502.0116829872, 0, 1600676502.0116829872, 1.7999999523162841797
1600676502.05468297, 0, 1600676502.0426831245, 0, 1600676502.0426831245, 1.7999999523162841797
1600676502.0856831074, 0, 1600676502.0736830235, 0, 1600676502.0736830235, 1.7999999523162841797
1600676502.1166830063, 0, 1600676502.1046831608, 0, 1600676502.1046831608, 1.7999999523162841797
1600676502.1476831436, 0, 1600676502.1356830597, 0, 1600676502.1356830597, 1.7999999523162841797
1600676502.1786830425, 0, 1600676502.166683197, 0, 1600676502.166683197, 1.7999999523162841797
1600676502.2096831799, 0, 1600676502.1976830959, 0, 1600676502.1976830959, 1.7999999523162841797
1600676502.2736830711, 0, 1600676502.2286829948, 0, 1600676502.2286829948, 1.7999999523162841797
1600676502.30468297, 0, 1600676502.2926831245, 0, 1600676502.2926831245, 1.7999999523162841797
1600676502.3356831074, 0, 1600676502.3236830235, 0, 1600676502.3236830235, 1.7999999523162841797
1600676502.3666830063, 0, 1600676502.3546831608, 0, 1600676502.3546831608, 1.7999999523162841797
1600676502.3976831436, 0, 1600676502.3856830597, 0, 1600676502.3856830597, 1.7999999523162841797
1600676502.4286830425, 0, 1600676502.416683197, 0, 1600676502.416683197, 1.7999999523162841797
1600676502.4596831799, 0, 1600676502.4476830959, 0, 1600676502.4476830959, 1.7999999523162841797
1600676502.4906830788, 0, 1600676502.4786829948, 0, 1600676502.4786829948, 1.7999999523162841797
1600676502.5216829777, 0, 1600676502.5096831322, 0, 1600676502.5096831322, 1.7999999523162841797
1600676502.552683115, 0, 1600676502.5406830311, 0, 1600676502.5406830311, 1.7999999523162841797
1600676502.5836830139, 0, 1600676502.5716831684, 0, 1600676502.5716831684, 1.7999999523162841797
1600676502.6146831512, 0, 1600676502.6026830673, 0, 1600676502.6026830673, 1.7999999523162841797
1600676502.6456830502, 0, 1600676502.6336832047, 0, 1600676502.6336832047, 1.7999999523162841797
1600676502.6766831875, 0, 1600676502.6656830311, 0, 1600676502.6656830311, 1.7999999523162841797
1600676502.7076830864, 0, 1600676502.6966831684, 0, 1600676502.6966831684, 1.7999999523162841797
1600676502.7386829853, 0, 1600676502.7276830673, 0, 1600676502.7276830673, 1.7999999523162841797
1600676502.7696831226, 0, 1600676502.7586832047, 0, 1600676502.7586832047, 1.7999999523162841797
1600676502.8006830215, 0, 1600676502.7896831036, 0, 1600676502.7896831036, 1.7999999523162841797
1600676502.8326830864, 0, 1600676502.8206830025, 0, 1600676502.8206830025, 1.7999999523162841797
1600676502.8626830578, 0, 1600676502.8516831398, 0, 1600676502.8516831398, 1.7999999523162841797
1600676502.8956830502, 0, 1600676502.8826830387, 0, 1600676502.8826830387, 1.7999999523162841797
1600676502.9254357815, 0, 1600676502.9146831036, 0, 1600676502.9146831036, 1.7999999523162841797
1600676502.9564359188, 0, 1600676502.9444358349, 0, 1600676502.9444358349, 1.7999999523162841797
1600676502.9874358177, 0, 1600676502.9754359722, 0, 1600676502.9754359722, 1.7999999523162841797
1600676503.018435955, 0, 1600676503.0064358711, 0, 1600676503.0064358711, 1.7999999523162841797
1600676503.049435854, 0, 1600676503.03743577, 0, 1600676503.03743577, 1.7999999523162841797
1600676503.0804359913, 0, 1600676503.0684359074, 0, 1600676503.0684359074, 1.7999999523162841797
1600676503.1114358902, 0, 1600676503.0994358063, 0, 1600676503.0994358063, 1.7999999523162841797
1600676503.1424357891, 0, 1600676503.1304359436, 0, 1600676503.1304359436, 1.7999999523162841797
1600676503.1734359264, 0, 1600676503.1614358425, 0, 1600676503.1614358425, 1.7999999523162841797
1600676503.2044358253, 0, 1600676503.1924359798, 0, 1600676503.1924359798, 1.7999999523162841797
1600676503.2354359627, 0, 1600676503.2234358788, 0, 1600676503.2234358788, 1.7999999523162841797
1600676503.2664358616, 0, 1600676503.2544357777, 0, 1600676503.2544357777, 1.7999999523162841797
1600676503.2974359989, 0, 1600676503.285435915, 0, 1600676503.285435915, 1.7999999523162841797
1600676503.3284358978, 0, 1600676503.3164358139, 0, 1600676503.3164358139, 1.7999999523162841797
1600676503.3594357967, 0, 1600676503.3474359512, 0, 1600676503.3474359512, 1.7999999523162841797
1600676503.3904359341, 0, 1600676503.3794357777, 0, 1600676503.3794357777, 1.7999999523162841797
1600676503.421435833, 0, 1600676503.410435915, 0, 1600676503.410435915, 1.7999999523162841797
1600676503.4524359703, 0, 1600676503.4414358139, 0, 1600676503.4414358139, 1.7999999523162841797
1600676503.4834358692, 0, 1600676503.4724359512, 0, 1600676503.4724359512, 1.7999999523162841797
1600676503.5144357681, 0, 1600676503.5034358501, 0, 1600676503.5034358501, 1.7999999523162841797
1600676503.5454359055, 0, 1600676503.5344359875, 0, 1600676503.5344359875, 1.7999999523162841797
1600676503.5774359703, 0, 1600676503.5654358864, 0, 1600676503.5654358864, 1.7999999523162841797
1600676503.6084358692, 0, 1600676503.5964357853, 0, 1600676503.5964357853, 1.7999999523162841797
1600676503.6394357681, 0, 1600676503.6274359226, 0, 1600676503.6274359226, 1.7999999523162841797
1600676503.6704359055, 0, 1600676503.6584358215, 0, 1600676503.6584358215, 1.7999999523162841797
1600676503.7014358044, 0, 1600676503.6894359589, 0, 1600676503.6894359589, 1.7999999523162841797
1600676503.7324359417, 0, 1600676503.7204358578, 0, 1600676503.7204358578, 1.7999999523162841797
1600676503.7634358406, 0, 1600676503.7514359951, 0, 1600676503.7514359951, 1.7999999523162841797
1600676503.7944359779, 0, 1600676503.782435894, 0, 1600676503.782435894, 1.7999999523162841797
1600676503.8254358768, 0, 1600676503.8134357929, 0, 1600676503.8134357929, 1.7999999523162841797
1600676503.8564357758, 0, 1600676503.8444359303, 0, 1600676503.8444359303, 1.7999999523162841797
1600676503.8874359131, 0, 1600676503.8754358292, 0, 1600676503.8754358292, 1.7999999523162841797
1600676503.918435812, 0, 1600676503.9064359665, 0, 1600676503.9064359665, 1.7999999523162841797
1600676503.9494359493, 0, 1600676503.9374358654, 0, 1600676503.9374358654, 1.7999999523162841797
1600676503.9804358482, 0, 1600676503.9684357643, 0, 1600676503.9684357643, 1.7999999523162841797
1600676504.0114359856, 0, 1600676503.9994359016, 0, 1600676503.9994359016, 1.7999999523162841797
1600676504.0424358845, 0, 1600676504.0304358006, 0, 1600676504.0304358006, 1.7999999523162841797
1600676504.0764358044, 0, 1600676504.0614359379, 0, 1600676504.0614359379, 1.7999999523162841797
1600676504.1074359417, 0, 1600676504.0964357853, 0, 1600676504.0964357853, 1.7999999523162841797
1600676504.1384358406, 0, 1600676504.1274359226, 0, 1600676504.1274359226, 1.7999999523162841797
1600676504.1694359779, 0, 1600676504.1584358215, 0, 1600676504.1584358215, 1.7999999523162841797
1600676504.2014358044, 0, 1600676504.1894359589, 0, 1600676504.1894359589, 1.7999999523162841797
1600676504.2324359417, 0, 1600676504.2204358578, 0, 1600676504.2204358578, 1.7999999523162841797
1600676504.2634358406, 0, 1600676504.2514359951, 0, 1600676504.2514359951, 1.7999999523162841797
1600676504.3274359703, 0, 1600676504.282435894, 0, 1600676504.282435894, 1.7999999523162841797
1600676504.3584358692, 0, 1600676504.3464357853, 0, 1600676504.3464357853, 1.7999999523162841797
1600676504.3894357681, 0, 1600676504.3774359226, 0, 1600676504.3774359226, 1.7999999523162841797
1600676504.4204359055, 0, 1600676504.4084358215, 0, 1600676504.4084358215, 1.7999999523162841797
1600676504.4514358044, 0, 1600676504.4394359589, 0, 1600676504.4394359589, 1.7999999523162841797
1600676504.4824359417, 0, 1600676504.4704358578, 0, 1600676504.4704358578, 1.7999999523162841797
1600676504.5134358406, 0, 1600676504.5014359951, 0, 1600676504.5014359951, 1.7999999523162841797
1600676504.5444359779, 0, 1600676504.532435894, 0, 1600676504.532435894, 1.7999999523162841797
1600676504.5754358768, 0, 1600676504.5634357929, 0, 1600676504.5634357929, 1.7999999523162841797
1600676504.6064357758, 0, 1600676504.5944359303, 0, 1600676504.5944359303, 1.7999999523162841797
1600676504.6374359131, 0, 1600676504.6254358292, 0, 1600676504.6254358292, 1.7999999523162841797
1600676504.668435812, 0, 1600676504.6564359665, 0, 1600676504.6564359665, 1.7999999523162841797
1600676504.6994359493, 0, 1600676504.6874358654, 0, 1600676504.6874358654, 1.7999999523162841797
1600676504.7304358482, 0, 1600676504.7184357643, 0, 1600676504.7184357643, 1.7999999523162841797
1600676504.7614359856, 0, 1600676504.7494359016, 0, 1600676504.7494359016, 1.7999999523162841797
1600676504.7924358845, 0, 1600676504.7804358006, 0, 1600676504.7804358006, 1.7999999523162841797
1600676504.8234357834, 0, 1600676504.8114359379, 0, 1600676504.8114359379, 1.7999999523162841797
1600676504.8544359207, 0, 1600676504.8424358368, 0, 1600676504.8424358368, 1.7999999523162841797
1600676504.8854358196, 0, 1600676504.8744359016, 0, 1600676504.8744359016, 1.7999999523162841797
1600676504.916435957, 0, 1600676504.9054358006, 0, 1600676504.9054358006, 1.7999999523162841797
1600676504.9474358559, 0, 1600676504.9364359379, 0, 1600676504.9364359379, 1.7999999523162841797
1600676504.9784359932, 0, 1600676504.9674358368, 0, 1600676504.9674358368, 1.7999999523162841797
1600676505.0094358921, 0, 1600676504.9984359741, 0, 1600676504.9984359741, 1.7999999523162841797
1600676505.040435791, 0, 1600676505.029435873, 0, 1600676505.029435873, 1.7999999523162841797
1600676505.0724358559, 0, 1600676505.0604357719, 0, 1600676505.0604357719, 1.7999999523162841797
1600676505.1034359932, 0, 1600676505.0914359093, 0, 1600676505.0914359093, 1.7999999523162841797
1600676505.1344358921, 0, 1600676505.1224358082, 0, 1600676505.1224358082, 1.7999999523162841797
1600676505.165435791, 0, 1600676505.1534359455, 0, 1600676505.1534359455, 1.7999999523162841797
1600676505.1964359283, 0, 1600676505.1844358444, 0, 1600676505.1844358444, 1.7999999523162841797
1600676505.2274358273, 0, 1600676505.2154359818, 0, 1600676505.2154359818, 1.7999999523162841797
1600676505.2584359646, 0, 1600676505.2464358807, 0, 1600676505.2464358807, 1.7999999523162841797
1600676505.2894358635, 0, 1600676505.2774357796, 0, 1600676505.2774357796, 1.7999999523162841797
1600676505.3204360008, 0, 1600676505.3084359169, 0, 1600676505.3084359169, 1.7999999523162841797
1600676505.3514358997, 0, 1600676505.3394358158, 0, 1600676505.3394358158, 1.7999999523162841797
1600676505.3824357986, 0, 1600676505.3704359531, 0, 1600676505.3704359531, 1.7999999523162841797
1600676505.4144358635, 0, 1600676505.4014358521, 0, 1600676505.4014358521, 1.7999999523162841797
1600676505.4454360008, 0, 1600676505.4334359169, 0, 1600676505.4334359169, 1.7999999523162841797
1600676505.4763281345, 0, 1600676505.4644358158, 0, 1600676505.4644358158, 1.7999999523162841797
1600676505.5073280334, 0, 1600676505.4953281879, 0, 1600676505.4953281879, 1.7999999523162841797
1600676505.5383281708, 0, 1600676505.5263280869, 0, 1600676505.5263280869, 1.7999999523162841797
1600676505.5693280697, 0, 1600676505.5573279858, 0, 1600676505.5573279858, 1.7999999523162841797
1600676505.600328207, 0, 1600676505.5893280506, 0, 1600676505.5893280506, 1.7999999523162841797
1600676505.6313281059, 0, 1600676505.6203281879, 0, 1600676505.6203281879, 1.7999999523162841797
1600676505.6623280048, 0, 1600676505.6513280869, 0, 1600676505.6513280869, 1.7999999523162841797
1600676505.6933281422, 0, 1600676505.6823279858, 0, 1600676505.6823279858, 1.7999999523162841797
1600676505.7243280411, 0, 1600676505.7133281231, 0, 1600676505.7133281231, 1.7999999523162841797
1600676505.7553281784, 0, 1600676505.744328022, 0, 1600676505.744328022, 1.7999999523162841797
1600676505.7863280773, 0, 1600676505.7753281593, 0, 1600676505.7753281593, 1.7999999523162841797
1600676505.8183281422, 0, 1600676505.8063280582, 0, 1600676505.8063280582, 1.7999999523162841797
1600676505.8493280411, 0, 1600676505.8373281956, 0, 1600676505.8373281956, 1.7999999523162841797
1600676505.8803281784, 0, 1600676505.8683280945, 0, 1600676505.8683280945, 1.7999999523162841797
1600676505.9113280773, 0, 1600676505.8993279934, 0, 1600676505.8993279934, 1.7999999523162841797
1600676505.9423282146, 0, 1600676505.9303281307, 0, 1600676505.9303281307, 1.7999999523162841797
1600676505.9733281136, 0, 1600676505.9613280296, 0, 1600676505.9613280296, 1.7999999523162841797
1600676506.0043280125, 0, 1600676505.992328167, 0, 1600676505.992328167, 1.7999999523162841797
1600676506.0353281498, 0, 1600676506.0233280659, 0, 1600676506.0233280659, 1.7999999523162841797
1600676506.0663280487, 0, 1600676506.0543282032, 0, 1600676506.0543282032, 1.7999999523162841797
1600676506.097328186, 0, 1600676506.0853281021, 0, 1600676506.0853281021, 1.7999999523162841797
1600676506.1283280849, 0, 1600676506.116328001, 0, 1600676506.116328001, 1.7999999523162841797
1600676506.1593279839, 0, 1600676506.1473281384, 0, 1600676506.1473281384, 1.7999999523162841797
1600676506.1903281212, 0, 1600676506.1783280373, 0, 1600676506.1783280373, 1.7999999523162841797
1600676506.2213280201, 0, 1600676506.2093281746, 0, 1600676506.2093281746, 1.7999999523162841797
1600676506.2523281574, 0, 1600676506.2403280735, 0, 1600676506.2403280735, 1.7999999523162841797
1600676506.2833280563, 0, 1600676506.2713282108, 0, 1600676506.2713282108, 1.7999999523162841797
1600676506.3143281937, 0, 1600676506.3023281097, 0, 1600676506.3023281097, 1.7999999523162841797
1600676506.3783280849, 0, 1600676506.3333280087, 0, 1600676506.3333280087, 1.7999999523162841797
1600676506.4093279839, 0, 1600676506.3973281384, 0, 1600676506.3973281384, 1.7999999523162841797
1600676506.4403281212, 0, 1600676506.4283280373, 0, 1600676506.4283280373, 1.7999999523162841797
1600676506.4713280201, 0, 1600676506.4603281021, 0, 1600676506.4603281021, 1.7999999523162841797
1600676506.5023281574, 0, 1600676506.491328001, 0, 1600676506.491328001, 1.7999999523162841797
1600676506.5333280563, 0, 1600676506.5223281384, 0, 1600676506.5223281384, 1.7999999523162841797
1600676506.5643281937, 0, 1600676506.5533280373, 0, 1600676506.5533280373, 1.7999999523162841797
1600676506.5953280926, 0, 1600676506.5843281746, 0, 1600676506.5843281746, 1.7999999523162841797
1600676506.6263279915, 0, 1600676506.6153280735, 0, 1600676506.6153280735, 1.7999999523162841797
1600676506.6573281288, 0, 1600676506.6463282108, 0, 1600676506.6463282108, 1.7999999523162841797
1600676506.6893281937, 0, 1600676506.6773281097, 0, 1600676506.6773281097, 1.7999999523162841797
1600676506.7203280926, 0, 1600676506.7083280087, 0, 1600676506.7083280087, 1.7999999523162841797
1600676506.7513279915, 0, 1600676506.739328146, 0, 1600676506.739328146, 1.7999999523162841797
1600676506.7823281288, 0, 1600676506.7703280449, 0, 1600676506.7703280449, 1.7999999523162841797
1600676506.8133280277, 0, 1600676506.8013281822, 0, 1600676506.8013281822, 1.7999999523162841797
1600676506.8443281651, 0, 1600676506.8323280811, 0, 1600676506.8323280811, 1.7999999523162841797
1600676506.875328064, 0, 1600676506.86332798, 0, 1600676506.86332798, 1.7999999523162841797
